100
0 0 43 9 0 0 84 0 0 0 0 0 31 0 77 0 24 0 0 0 0 0 0 0 0 76 0 0 0 97 0 93 0 0 0 0 0 0 0 0 0 0 0 0 0 0 0 29 9 0 0 0 0 0 0 75 0 74 0 0 41 0 0 0 87 0 0 0 0 39 0 0 0 0 50 0 0 97 0 0 51 0 0 0 11 0 0 0 0 41 53 0 0 18 0 0 82 0 0 0 
61 0 65 0 0 0 0 0 0 0 76 0 0 0 0 95 0 0 0 0 0 0 0 0 0 0 0 0 0 0 78 0 0 0 51 0 0 0 0 18 0 0 1 0 0 0 0 0 0 44 0 0 0 0 0 21 0 0 0 33 0 44 75 27 0 56 0 6 0 0 0 0 0 0 79 0 0 0 0 38 0 0 0 0 0 0 0 60 0 0 0 0 0 0 0 0 0 0 0 0 
0 0 0 0 0 0 0 0 0 68 0 30 0 0 79 0 51 0 41 0 0 0 0 0 0 96 93 0 0 22 0 0 0 0 0 0 0 34 36 0 0 0 0 0 0 0 0 0 0 0 91 0 0 0 83 91 0 56 0 72 0 66 0 45 0 52 0 0 0 0 0 0 89 0 21 0 0 0 0 0 89 0 0 0 98 0 33 0 90 0 14 0 43 62 0 0 0 19 0 0 
0 0 47 0 0 96 0 0 94 0 0 0 24 0 0 0 0 87 0 0 0 0 0 0 83 0 0 10 0 0 0 0 0 35 0 3 0 0 17 83 0 0 0 88 12 0 0 0 0 0 0 0 0 0 22 0 0 89 0 0 0 0 0 0 0 0 0 83 0 31 0 0 0 80 0 7 0 0 0 0 0 35 44 0 46 0 0 0 0 60 0 0 0 0 0 0 0 73 0 0 
49 0 0 7 0 14 0 0 0 6 0 0 74 0 62 0 0 0 0 61 0 0 0 45 0 0 76 0 0 0 0 0 0 0 0 26 0 0 59 0 0 0 0 0 0 0 0 0 0 0 24 0 0 0 0 0 0 0 0 7 0 0 0 0 0 0 0 25 0 0 0 0 0 52 0 0 0 63 0 0 0 0 0 0 0 9 0 0 0 0 0 0 84 0 0 56 0 7 69 0 
0 0 0 0 0 0 0 0 0 0 0 69 0 32 0 0 0 12 0 67 0 0 0 0 0 0 36 88 91 29 0 0 0 0 97 0 0 0 0 0 0 0 60 0 0 0 0 11 8 18 0 0 0 0 6 0 0 0 0 0 0 0 0 0 51 19 0 0 82 63 0 0 0 0 0 0 0 0 0 0 0 38 91 0 0 0 0 0 0 0 0 0 0 93 0 0 0 20 82 0 
0 93 0 0 0 94 0 0 0 0 0 68 50 91 0 0 0 0 0 0 0 6 0 0 0 0 0 0 0 0 0 0 0 0 0 48 0 0 82 0 93 84 0 0 0 0 0 0 0 0 70 0 0 88 0 0 25 14 0 0 0 0 0 0 0 0 52 0 0 0 0 0 0 0 0 0 53 0 0 0 0 69 0 0 70 40 0 0 0 12 0 55 0 0 0 0 0 0 0 0 
0 1 54 49 0 0 0 0 0 0 0 0 0 0 0 0 59 0 0 0 41 0 0 0 21 0 87 0 45 64 91 0 17 5 0 0 0 0 0 0 0 0 18 0 0 0 0 14 0 0 78 0 0 0 19 2 0 0 0 17 0 0 0 81 0 0 44 0 0 0 0 0 0 0 0 0 0 0 0 0 0 0 0 5 12 99 87 0 0 36 0 0 0 0 0 0 0 0 37 39 
0 28 0 0 0 0 0 0 0 73 0 0 0 0 2 0 0 0 0 0 0 0 0 0 0 18 0 0 0 0 0 0 0 0 0 0 0 0 0 72 0 0 0 0 88 94 61 0 0 0 0 65 39 0 72 0 0 55 0 0 0 0 99 27 0 0 87 80 0 0 0 0 0 0 0 77 0 0 0 6 0 0 0 0 0 0 0 0 0 0 0 0 0 81 0 0 0 0 0 0 
34 0 0 16 0 0 27 0 0 0 0 0 0 0 59 0 0 0 0 0 67 31 0 0 0 77 0 0 11 95 0 0 0 0 0 0 0 0 0 0 0 0 0 0 0 0 0 0 0 51 12 0 0 0 0 0 85 22 0 0 0 0 0 18 64 0 78 25 0 54 85 0 33 31 19 0 0 35 0 58 0 0 73 0 0 0 0 40 0 0 0 0 0 0 0 0 3 0 0 13 
0 0 0 9 0 72 0 13 0 5 0 47 0 0 0 0 0 0 0 0 0 0 68 0 21 0 0 0 0 0 20 0 0 92 0 0 0 34 80 0 0 0 0 0 28 0 0 0 32 33 0 0 6 0 0 23 33 0 0 0 17 0 0 0 0 59 0 0 0 41 0 0 0 0 93 0 0 0 93 0 6 0 0 0 0 73 0 0 0 54 0 87 0 0 0 0 0 0 0 0 
0 0 0 0 0 0 0 0 71 0 0 0 0 19 0 0 0 51 53 0 0 0 0 0 0 72 76 0 0 0 0 0 0 0 0 43 71 0 0 0 0 0 0 0 0 0 92 0 0 0 28 0 0 0 0 0 0 0 0 0 0 20 83 0 0 0 0 0 6 0 0 0 16 0 0 0 96 0 54 0 0 50 0 0 40 82 0 0 0 0 0 0 6 0 0 0 0 0 0 0 
0 0 0 0 0 0 0 0 44 46 0 90 0 0 0 57 0 0 0 0 38 0 0 0 79 0 0 0 0 0 0 0 16 78 0 0 0 72 0 0 0 0 0 94 44 0 0 59 0 0 0 0 22 0 0 0 5 87 0 0 0 0 0 0 0 0 0 8 0 92 0 40 0 0 0 79 0 0 0 0 0 0 0 0 19 0 0 0 16 0 0 0 0 0 0 0 0 0 0 0 
0 0 0 0 0 0 0 0 0 0 0 0 0 0 0 0 0 0 0 0 0 5 0 0 0 0 0 70 17 0 90 0 0 0 0 92 0 0 0 62 0 0 0 0 0 0 0 0 0 0 71 0 76 0 0 51 0 0 0 0 51 0 0 0 99 0 0 0 0 82 0 83 75 0 0 36 0 0 0 0 0 25 0 0 0 0 0 0 0 0 97 51 44 24 0 70 0 0 0 0 
0 13 0 0 0 0 0 0 0 0 0 0 0 0 0 0 16 0 0 0 21 65 0 0 0 0 22 0 0 0 0 0 0 60 0 0 0 0 28 0 0 0 0 0 0 0 0 47 0 0 0 0 0 0 0 26 0 0 0 27 0 0 55 0 39 0 0 0 0 0 0 0 65 0 0 0 16 0 81 0 55 0 20 0 92 0 0 0 0 0 18 0 0 2 25 61 88 48 33 17 
4 0 0 81 83 0 0 0 0 0 69 73 0 68 0 0 0 36 0 30 13 62 91 0 0 0 93 0 0 0 0 0 72 0 0 0 0 54 0 0 0 72 0 0 0 0 15 0 0 0 0 0 0 0 91 0 0 74 0 0 89 0 0 0 0 0 0 0 0 0 0 0 37 0 0 0 0 5 0 0 0 0 52 0 20 0 0 0 0 93 0 0 0 0 69 74 56 59 0 0 
0 0 0 72 0 0 54 0 0 74 0 48 0 99 0 0 0 0 0 0 0 0 0 0 0 0 0 0 88 0 0 0 0 0 51 0 0 0 0 94 0 0 0 8 0 0 0 0 0 64 0 0 0 0 0 0 0 0 70 0 0 0 0 0 0 37 0 40 0 0 0 0 96 0 0 0 0 14 0 21 43 0 0 52 0 0 0 0 0 0 0 31 0 0 0 29 79 0 0 0 
99 0 41 0 0 0 0 0 86 72 0 0 0 0 39 0 0 0 0 0 35 0 0 0 0 0 0 82 0 0 0 33 0 0 0 0 0 0 0 0 0 0 0 0 0 0 2 0 0 44 15 64 0 73 0 0 0 0 0 66 91 0 0 0 2 0 0 0 0 0 0 0 70 0 0 0 0 0 68 0 0 0 0 0 0 92 0 4 0 82 0 0 0 0 0 0 32 0 5 0 
0 0 0 0 0 0 35 0 0 61 89 0 0 93 0 0 0 0 0 61 48 62 0 0 0 0 0 17 94 50 0 0 0 0 0 0 0 0 0 0 0 0 15 54 0 0 0 28 0 0 0 0 0 0 0 0 0 0 7 0 0 0 0 0 56 0 0 0 0 0 0 0 0 0 0 0 19 58 33 0 20 0 34 0 90 3 0 0 0 0 0 0 0 0 0 0 27 70 0 0 
6 47 86 87 0 0 0 73 0 0 0 0 0 0 72 0 13 0 0 0 22 0 0 0 5 61 0 0 15 0 0 0 0 0 0 18 0 0 0 0 15 0 0 94 0 0 0 0 43 0 0 40 7 0 86 0 0 79 0 0 0 7 48 0 71 0 0 0 0 0 0 0 0 0 0 0 0 74 76 0 0 0 0 0 0 0 0 0 0 0 0 0 0 0 0 0 0 32 0 0 
0 37 0 0 51 25 0 0 6 0 0 0 0 0 0 0 57 0 0 0 0 0 0 0 7 0 18 62 0 0 0 0 0 0 47 0 0 0 0 37 0 0 18 0 0 0 0 72 0 0 5 0 94 0 0 0 20 0 0 0 85 0 98 0 93 98 55 0 0 0 0 0 48 0 91 30 0 40 36 0 45 0 0 0 0 30 0 0 0 0 0 0 0 0 0 0 0 74 0 0 
0 66 0 0 1 0 0 0 80 0 0 0 0 0 0 0 13 0 0 14 0 0 0 49 0 97 0 48 28 11 90 0 0 0 0 36 81 0 0 48 17 0 0 0 50 0 0 0 0 0 13 0 0 0 58 0 0 0 0 0 0 96 0 0 53 17 0 0 0 0 12 29 93 43 0 64 0 0 0 0 0 94 0 0 0 0 66 0 0 20 0 0 0 93 0 0 0 0 0 0 
6 0 0 0 0 0 54 0 0 0 0 0 0 0 0 0 7 0 0 0 0 61 0 0 0 0 90 0 0 0 0 0 10 85 0 0 0 0 0 0 0 0 0 0 0 0 0 36 0 0 9 0 0 0 0 0 21 0 0 0 0 0 75 84 0 0 0 0 0 0 0 0 0 54 0 0 0 0 0 91 41 0 0 0 0 79 0 0 0 0 0 0 0 0 82 0 93 0 0 25 
0 0 0 0 0 0 0 35 92 0 0 0 86 0 0 75 0 0 76 0 0 0 0 0 0 0 0 61 8 0 0 0 39 0 98 41 0 0 0 0 17 0 0 0 82 0 0 0 0 0 0 18 77 0 0 0 18 0 0 0 0 0 94 0 0 0 0 0 0 0 0 0 0 0 0 0 44 0 0 7 0 0 0 0 10 0 0 0 0 0 70 43 0 42 0 0 0 0 0 0 
0 0 40 0 31 0 24 0 35 0 0 0 0 0 0 0 49 7 0 0 0 0 0 58 0 0 0 0 0 18 55 97 0 0 0 0 76 56 0 0 0 39 26 0 0 0 0 9 24 0 0 0 70 58 20 0 0 84 0 0 0 0 0 0 0 52 0 0 0 0 0 50 66 0 49 0 0 0 0 0 0 0 0 0 91 0 0 0 0 0 0 0 0 0 0 18 56 0 33 0 
0 0 0 71 0 0 1 0 0 0 0 0 0 2 60 0 0 0 48 0 0 0 44 0 0 0 78 73 0 10 58 0 49 0 0 0 0 0 0 19 87 80 0 0 57 0 70 0 0 0 50 0 0 0 0 98 0 0 0 0 0 0 0 0 0 44 0 0 0 0 0 0 0 0 0 8 0 0 0 0 30 0 8 16 1 0 0 0 14 0 0 4 0 0 0 0 0 0 0 0 
0 0 0 0 0 0 0 0 0 0 67 0 0 0 0 0 0 0 0 0 0 0 0 22 0 0 0 0 0 62 0 0 0 47 0 0 48 85 0 0 0 0 0 0 50 0 0 0 0 0 0 98 0 0 0 0 0 0 87 0 0 0 0 0 34 0 0 0 88 0 0 0 0 0 0 0 34 0 0 0 0 0 0 62 0 74 10 0 0 0 0 0 38 0 0 79 0 20 44 0 
57 0 0 0 66 0 0 0 0 0 44 0 0 0 0 23 92 0 0 8 0 0 0 0 0 0 0 0 0 95 0 0 0 0 0 70 0 0 0 0 41 0 0 0 43 0 0 0 0 95 0 0 0 0 0 0 21 0 0 96 0 0 0 24 0 0 0 4 0 0 0 0 0 72 0 0 0 0 0 0 50 0 0 63 82 0 0 0 56 0 0 35 0 0 0 0 0 0 48 0 
0 79 0 12 74 0 0 0 0 0 0 0 29 0 0 0 0 4 0 0 15 0 0 0 0 19 0 88 0 0 0 0 0 9 0 0 24 0 2 0 0 0 11 0 0 0 0 0 17 0 62 0 11 0 0 0 65 4 0 0 97 0 67 0 0 26 20 0 0 0 0 0 0 0 17 0 0 0 60 4 8 0 0 0 0 68 0 0 68 0 0 0 0 0 0 0 0 40 94 0 
0 0 0 0 0 0 32 0 0 0 0 0 0 0 0 0 0 22 0 0 59 0 0 0 0 0 0 0 93 0 0 0 52 0 0 0 0 0 0 0 54 0 0 0 87 62 0 0 0 0 0 0 79 0 0 60 0 0 46 0 0 0 79 0 0 0 12 0 53 0 0 23 0 0 0 0 44 0 0 0 0 0 0 0 0 0 26 0 0 40 0 0 0 0 0 0 65 0 0 0 
0 0 0 23 59 0 84 0 27 0 0 98 0 0 44 31 0 0 0 97 0 0 22 0 0 0 0 90 0 0 0 0 0 0 0 0 0 0 81 0 0 0 0 0 5 0 0 0 0 0 0 0 0 0 0 0 0 0 0 58 0 0 0 61 0 0 0 0 0 0 0 0 83 0 0 0 0 0 0 0 0 0 0 0 0 0 26 14 0 0 0 0 0 0 0 0 67 0 0 0 
0 0 0 18 0 0 29 0 77 0 0 59 0 0 6 0 0 0 20 0 16 54 37 0 0 23 0 0 54 0 62 0 0 0 27 0 0 0 0 0 0 0 56 0 8 0 0 47 0 0 0 0 0 0 0 0 0 0 0 23 0 0 0 0 0 0 56 0 17 15 23 0 10 0 0 0 62 30 44 0 41 0 0 83 0 0 0 0 0 0 0 74 0 25 0 0 0 81 26 0 
0 0 0 0 0 0 80 0 29 35 0 80 0 0 56 0 0 0 0 0 0 0 0 0 36 0 0 52 47 0 0 0 0 0 61 0 0 0 0 0 0 0 0 0 30 0 0 0 0 0 0 68 76 0 0 40 89 0 25 0 0 17 0 14 63 53 43 90 0 0 0 46 0 22 3 0 0 0 0 0 0 0 3 25 0 80 0 60 68 0 0 0 0 59 0 0 0 81 57 0 
3 0 15 0 28 0 0 0 0 0 0 0 0 0 0 25 0 98 0 0 0 0 0 31 0 0 0 0 0 0 0 0 0 0 10 0 0 0 39 0 78 84 0 0 73 0 0 0 0 0 0 0 0 0 59 31 0 0 0 17 0 29 0 4 0 0 0 0 0 0 0 0 0 0 64 0 0 0 0 40 0 0 66 0 28 68 0 10 0 0 0 0 0 0 72 29 49 0 0 0 
12 0 67 0 0 0 0 0 0 0 0 0 0 0 0 15 0 0 0 74 0 0 0 0 0 0 0 84 66 0 11 0 0 0 0 0 0 0 30 46 0 18 0 10 8 0 0 88 0 0 0 0 0 37 45 0 48 0 0 0 0 0 41 0 32 0 0 25 0 0 13 0 70 0 0 0 0 93 62 86 0 1 0 0 34 0 0 18 0 0 0 83 0 0 0 21 0 0 0 0 
0 17 0 0 0 0 0 0 0 0 0 0 0 0 0 0 0 0 0 0 0 0 0 0 39 0 0 0 0 79 0 0 0 0 0 0 51 0 0 50 96 0 25 0 76 0 0 0 30 0 0 0 0 0 0 0 0 69 0 0 0 47 0 0 0 25 0 0 0 0 0 0 9 0 0 51 82 41 0 25 0 0 0 0 0 0 28 80 24 0 0 0 0 0 0 0 0 0 0 38 
92 77 0 15 0 0 0 0 21 0 0 0 0 0 0 0 0 0 0 74 0 0 0 30 0 0 0 0 0 77 0 21 29 0 0 0 0 63 0 0 0 0 0 0 58 0 0 0 0 0 0 0 0 0 21 0 0 0 0 9 0 0 0 0 9 81 31 98 0 0 20 0 0 0 0 32 0 1 70 0 0 0 0 0 0 0 0 0 0 96 0 0 0 0 0 0 0 12 3 24 
0 6 0 0 28 0 13 69 0 12 0 0 0 0 0 0 0 86 0 80 69 0 5 34 0 0 0 0 0 0 0 0 47 0 0 0 0 0 0 0 0 0 0 69 78 0 0 0 0 75 0 97 0 33 0 0 0 39 0 0 0 0 0 0 12 0 0 88 0 0 0 0 0 44 0 37 55 0 20 5 0 0 74 0 82 0 0 0 0 0 0 9 0 0 0 0 0 0 0 0 
0 0 0 0 0 45 0 99 75 0 0 0 0 53 0 2 0 0 0 0 0 43 24 78 0 63 0 17 0 97 0 51 0 0 0 43 75 0 0 0 0 46 83 0 0 64 0 0 50 0 0 52 0 0 0 0 0 0 0 0 0 0 0 0 4 0 0 0 0 0 87 0 62 0 0 0 0 0 0 0 52 0 0 0 58 0 0 19 0 0 0 0 0 0 0 0 0 0 0 0 
5 0 10 0 76 0 72 0 0 0 67 0 94 0 0 15 0 0 0 40 0 0 0 47 33 0 29 87 0 0 0 0 0 3 0 0 0 0 39 0 0 0 0 0 0 0 0 0 0 0 0 0 0 0 0 0 47 76 42 0 0 0 92 0 0 0 66 11 0 0 0 0 0 82 86 0 0 0 0 0 0 58 0 0 0 43 85 0 0 50 0 39 0 92 0 46 62 0 0 0 
0 0 0 20 0 0 0 94 0 94 0 0 33 54 98 0 53 0 0 0 76 0 0 0 0 0 0 0 65 0 0 71 0 0 0 0 37 7 31 0 0 0 0 0 0 87 79 0 18 0 0 0 0 0 0 34 0 0 0 0 0 0 87 0 0 0 0 0 0 0 0 0 0 0 0 58 64 0 60 0 0 0 0 0 0 0 0 0 0 0 0 0 0 0 0 0 88 47 10 0 
28 0 0 0 0 0 0 0 0 86 0 0 0 0 0 0 0 46 0 0 0 74 0 0 0 0 88 0 0 0 0 50 0 0 0 0 62 57 0 0 32 0 81 0 66 0 0 0 0 38 0 0 0 0 0 0 0 0 94 0 49 0 0 0 0 44 0 0 0 39 0 0 0 0 0 0 0 0 0 49 0 79 0 0 0 0 24 42 0 0 0 0 0 0 0 0 0 0 0 0 
94 0 10 0 32 0 0 0 0 64 0 0 0 9 0 0 0 86 0 0 0 0 91 0 0 23 54 0 0 0 0 0 31 0 0 0 0 0 0 86 0 0 0 0 0 33 53 0 3 0 0 0 32 0 0 0 0 95 0 0 0 0 0 0 0 0 0 51 0 0 0 0 0 60 94 0 0 0 0 41 0 0 0 0 0 0 82 0 0 0 0 0 0 0 0 0 0 0 0 0 
0 0 0 0 0 0 0 41 15 0 0 39 0 0 0 21 0 0 0 0 0 0 0 0 23 0 0 0 0 0 89 0 0 25 0 0 0 0 0 6 0 0 31 0 0 0 14 0 29 8 0 0 0 87 0 0 0 24 0 14 0 0 0 37 0 0 0 0 0 0 58 45 0 0 0 0 0 0 0 0 0 0 0 0 0 0 65 0 0 88 0 0 0 0 0 82 0 0 0 0 
97 0 0 0 0 0 0 0 0 0 0 0 0 84 0 5 0 0 0 0 4 0 0 0 23 0 0 0 73 0 0 0 0 0 0 0 0 0 53 0 80 0 0 55 0 0 0 0 0 0 0 0 0 0 0 0 0 0 0 0 0 0 0 0 0 0 0 0 0 0 0 89 0 0 0 0 0 0 6 0 0 0 0 29 28 0 0 0 0 0 13 4 0 0 35 0 0 0 0 0 
36 77 75 7 33 0 0 0 0 0 0 95 0 76 0 0 0 0 0 0 0 0 19 10 0 0 0 0 62 0 0 0 0 0 0 0 55 60 0 0 0 56 0 0 0 0 0 6 0 0 0 0 63 0 0 0 0 0 0 10 0 0 60 0 0 0 0 67 0 0 65 0 0 0 13 51 0 0 11 0 0 0 0 0 0 0 0 0 0 0 0 0 0 0 12 0 0 0 0 26 
44 27 0 0 0 10 30 0 0 0 89 0 0 0 0 0 0 0 0 0 0 0 0 0 0 0 0 0 25 71 29 0 9 66 0 0 36 0 0 0 0 0 0 0 0 0 0 87 0 0 0 0 0 0 73 0 0 0 31 0 0 0 0 0 36 0 0 0 0 0 8 0 0 0 0 0 0 94 0 0 43 0 0 72 0 0 78 0 0 0 0 0 0 60 0 15 0 0 0 0 
0 0 66 55 0 0 0 0 56 69 13 35 0 0 0 0 0 0 0 0 0 97 0 0 0 0 45 39 0 0 0 0 0 0 0 0 0 0 0 0 6 0 24 0 38 0 0 0 0 0 0 72 10 0 0 0 94 90 0 35 0 0 23 0 0 0 0 0 80 0 0 60 0 0 0 0 19 0 0 0 0 51 10 28 0 0 0 0 0 45 0 0 0 0 0 0 0 0 0 0 
0 69 0 26 66 0 0 0 0 85 0 0 1 0 9 0 42 1 0 0 0 0 0 0 0 0 40 0 0 0 50 35 77 0 0 0 0 29 0 0 0 0 0 0 46 94 0 0 0 0 0 0 0 0 0 0 0 0 0 0 8 0 0 0 0 0 0 57 10 49 0 0 0 0 0 0 0 0 0 40 0 1 0 0 2 0 0 0 0 0 0 0 3 23 0 0 75 24 0 0 
0 0 12 0 33 0 0 63 53 0 0 0 0 0 0 0 0 0 40 52 0 0 0 0 47 0 0 0 0 0 18 0 0 0 51 0 0 0 0 0 0 0 12 0 38 0 0 0 0 0 0 0 0 75 0 0 0 0 0 0 0 0 66 88 0 0 0 0 63 0 0 0 0 0 0 0 0 19 0 0 0 0 97 0 71 44 68 0 0 0 0 0 0 28 9 12 0 0 0 0 
0 22 0 0 0 76 0 0 0 0 0 0 0 0 0 0 27 0 75 46 0 0 0 0 36 0 0 0 0 7 0 81 91 9 0 0 0 97 0 0 0 84 7 0 0 0 3 0 0 65 0 24 29 0 0 0 20 0 0 0 25 0 0 4 0 79 0 66 57 0 0 0 0 0 95 94 0 0 0 0 0 0 74 0 0 11 0 0 0 46 0 20 0 0 0 0 0 0 0 14 
0 0 0 0 0 0 0 36 0 0 0 54 0 0 7 0 13 0 0 0 0 0 0 0 0 0 0 22 87 0 0 0 0 0 0 65 87 0 0 35 0 0 0 0 0 42 0 0 16 82 0 0 0 22 64 0 43 43 0 0 0 0 0 0 0 55 0 0 0 0 0 0 20 2 0 61 0 14 28 54 58 0 0 0 0 0 0 0 50 0 0 0 0 0 0 0 0 7 0 0 
0 0 0 63 3 0 0 0 0 32 0 0 0 0 0 73 35 0 0 0 0 0 0 0 0 0 0 0 0 0 0 86 0 15 0 72 92 0 0 0 0 0 0 0 59 0 0 0 0 17 0 0 0 0 87 64 0 0 0 0 0 0 76 0 0 0 49 0 0 15 28 0 0 0 0 35 0 0 0 0 0 0 0 0 0 87 0 0 61 38 0 0 0 0 0 0 0 0 0 69 
0 63 0 0 20 0 0 96 0 0 16 85 93 84 0 0 0 0 69 0 77 0 0 0 0 0 0 54 0 0 0 9 0 0 0 0 0 0 0 0 0 0 0 0 28 0 0 0 50 0 5 0 24 0 0 0 29 74 0 0 0 0 0 0 0 37 0 0 0 14 0 0 0 0 0 0 0 0 20 0 0 0 0 0 0 0 30 0 0 79 86 0 0 0 0 0 18 0 0 54 
98 0 0 0 6 0 0 0 0 0 26 0 33 93 55 0 0 0 0 0 0 0 83 0 0 0 0 18 77 0 69 0 0 0 0 0 0 0 0 0 0 0 0 60 0 0 0 0 0 0 0 0 0 97 0 0 0 0 0 0 0 0 15 0 0 0 0 0 0 0 88 0 0 0 5 0 0 0 0 0 0 0 16 0 0 3 83 36 0 0 0 0 0 0 13 13 0 0 59 0 
0 0 0 90 77 0 0 0 14 91 0 76 0 0 0 0 57 0 0 0 0 43 0 67 0 0 0 78 0 0 0 0 0 0 0 99 0 59 0 0 0 0 10 0 56 0 23 0 0 0 0 96 0 76 0 0 0 0 22 76 0 0 0 0 0 0 74 0 0 13 0 0 36 0 0 57 0 0 0 0 0 0 0 0 0 0 0 0 87 0 0 15 0 0 0 0 0 10 0 47 
0 0 0 95 0 0 0 14 0 0 0 78 0 0 0 38 0 0 0 0 0 17 0 0 0 97 0 0 0 55 34 10 0 62 0 0 0 0 0 0 16 0 22 61 0 0 2 0 0 0 0 0 0 0 0 0 0 60 87 0 0 0 0 0 0 30 0 0 0 0 0 0 90 78 49 2 8 0 0 0 83 0 85 41 0 0 29 0 0 13 0 0 7 0 0 0 0 0 0 23 
0 0 0 0 49 75 0 32 0 0 0 0 0 0 13 0 81 0 0 0 0 0 0 0 0 0 0 0 0 0 0 0 0 0 0 0 29 0 0 0 68 93 0 0 0 0 0 0 46 42 10 0 0 0 90 0 0 0 14 0 0 0 0 0 0 0 82 0 0 0 0 0 0 0 0 43 0 0 0 0 0 50 0 90 0 0 0 83 0 0 93 83 0 0 0 0 0 0 0 0 
0 0 0 0 62 0 0 0 9 0 0 27 0 0 0 0 0 0 0 0 0 0 77 0 0 0 0 24 5 0 0 0 0 0 0 0 0 0 13 0 0 0 0 0 0 0 0 0 0 61 0 0 10 0 28 0 0 0 0 0 0 0 0 0 80 0 0 1 0 0 0 0 49 0 0 0 0 0 0 0 0 51 0 25 0 0 74 0 0 0 1 0 0 0 0 0 0 0 88 0 
0 0 0 0 0 0 0 0 94 0 0 0 0 0 0 0 0 0 0 0 0 0 0 0 0 0 0 0 31 0 0 0 52 0 91 0 0 0 0 0 0 59 0 0 0 0 23 0 0 89 0 0 13 0 0 0 80 91 0 0 0 0 0 0 0 0 0 0 0 51 23 0 0 13 0 0 0 0 0 0 34 89 0 0 0 0 0 0 0 0 0 0 0 0 0 78 0 0 0 0 
0 0 45 0 0 0 0 0 0 0 0 0 0 0 38 0 0 0 0 0 0 0 22 0 99 0 0 0 0 72 0 71 0 0 0 0 24 0 0 0 0 0 60 83 0 88 0 0 0 0 0 66 88 0 0 91 0 21 0 0 0 0 0 0 39 0 0 0 0 0 44 10 84 0 0 0 0 22 0 47 0 0 0 0 0 32 0 0 0 0 0 53 0 0 0 41 0 0 0 0 
0 0 0 0 0 30 14 95 0 62 37 0 53 0 42 0 0 38 0 0 0 0 0 0 0 0 77 0 5 0 0 0 0 0 0 0 0 20 84 0 76 0 0 0 0 73 0 0 0 19 55 0 61 27 0 0 45 0 0 71 0 0 0 0 82 0 0 59 0 0 0 89 24 77 0 0 0 0 0 0 86 0 94 0 0 0 0 0 0 0 0 0 0 83 0 0 0 0 0 0 
0 0 0 0 25 0 0 0 0 8 0 0 0 11 0 61 0 0 0 0 0 0 0 0 3 0 19 0 0 0 0 0 0 0 0 0 0 0 0 0 0 52 56 99 0 0 0 0 0 0 0 0 0 55 0 57 54 0 0 0 0 0 0 0 0 80 0 0 0 0 60 0 0 0 31 8 0 0 0 0 73 57 0 47 0 7 0 0 0 0 0 0 0 14 0 0 0 0 0 0 
0 0 0 0 0 22 58 0 0 0 0 31 87 0 0 10 0 0 0 14 0 0 0 0 0 0 0 0 4 0 0 12 0 0 13 0 0 89 0 0 0 36 0 0 0 0 0 85 15 0 0 0 0 0 0 15 0 64 81 52 0 67 51 0 0 50 76 0 34 0 0 0 0 0 0 0 0 0 0 0 0 0 0 74 0 0 0 0 0 0 94 0 0 0 0 0 0 21 10 0 
0 0 0 0 0 0 0 0 34 0 2 91 0 0 0 0 0 0 0 0 0 0 0 0 0 54 0 0 0 0 0 0 0 10 0 0 0 0 0 68 0 66 0 0 11 0 0 0 11 0 98 29 71 0 7 0 0 0 0 0 0 0 0 98 0 0 0 0 77 0 0 0 0 0 0 49 0 0 0 28 0 0 36 0 0 0 0 0 0 0 0 98 0 0 0 0 0 0 0 40 
8 0 0 7 0 0 58 0 0 0 0 0 74 0 0 0 0 0 0 0 0 0 68 38 0 0 0 0 0 0 0 31 0 0 45 0 0 73 0 0 0 0 0 0 0 39 78 0 0 0 0 0 0 0 0 52 0 65 73 0 0 0 0 0 0 0 0 56 0 0 0 0 0 66 0 0 0 19 14 0 0 61 0 0 0 0 0 45 0 0 0 0 0 32 0 40 0 0 3 0 
47 0 0 0 0 0 0 0 0 0 0 0 63 75 99 7 0 0 0 0 0 0 0 45 75 0 22 0 0 0 0 0 0 0 0 0 0 0 68 0 0 0 50 0 0 71 0 0 84 0 51 67 0 0 80 0 0 0 39 94 99 0 54 0 0 50 0 0 0 0 66 0 0 0 0 0 0 0 0 0 0 0 0 0 0 0 76 0 0 0 0 74 0 0 71 0 0 0 75 59 
53 0 0 0 0 18 0 0 0 0 94 91 0 68 0 71 0 0 0 13 75 13 42 0 0 0 0 0 0 73 0 0 0 0 0 83 0 0 69 0 0 0 0 0 0 0 0 96 0 0 0 0 0 0 0 14 0 0 0 0 0 0 0 77 0 0 0 0 95 0 0 0 0 0 0 0 0 0 0 47 0 67 0 0 0 0 0 0 0 0 0 0 0 0 0 0 0 0 0 0 
0 27 33 47 0 0 0 10 0 0 0 0 3 0 0 0 0 0 0 0 0 0 0 0 0 26 0 26 0 0 0 0 0 65 0 11 0 0 0 82 0 0 0 0 0 77 0 0 0 0 0 0 26 48 13 31 0 24 72 0 14 76 5 0 0 0 72 0 0 2 0 0 0 0 0 0 0 56 0 0 0 10 86 57 4 41 0 0 0 70 68 0 0 0 67 0 0 0 0 0 
0 51 14 0 66 0 56 0 3 0 0 12 0 0 0 0 50 2 0 96 0 0 0 0 49 0 0 82 89 0 7 0 0 0 0 0 75 0 93 0 0 0 0 0 30 0 0 0 0 0 98 0 0 0 35 0 0 0 0 0 0 0 0 0 58 0 0 0 0 0 0 47 0 0 0 0 39 0 21 0 31 0 0 0 67 0 0 0 0 0 0 0 0 0 0 0 0 0 0 97 
0 0 0 0 0 0 8 0 0 0 26 0 0 0 0 49 0 39 0 94 86 0 98 34 0 0 0 0 62 0 0 0 0 0 0 39 0 49 0 0 38 0 63 0 0 0 0 0 72 0 0 0 0 0 0 0 37 12 0 0 0 0 0 0 0 46 0 58 15 0 0 21 0 0 0 0 0 28 0 0 0 0 0 0 0 1 94 33 0 0 0 0 35 0 0 0 0 0 0 0 
6 0 37 65 0 46 0 49 0 0 69 0 0 0 0 0 92 67 0 50 0 0 0 0 0 66 75 33 71 0 0 86 0 20 0 0 0 0 0 93 0 17 81 0 0 0 89 0 0 57 0 0 0 0 0 0 5 0 41 35 0 0 75 0 0 0 0 38 0 0 0 0 0 0 59 0 56 0 38 0 0 0 0 57 0 0 0 28 0 0 0 0 0 0 12 31 0 0 0 0 
0 0 0 0 0 0 0 0 0 0 0 0 0 0 0 0 0 0 30 35 0 0 94 0 0 45 0 98 97 0 0 0 0 0 0 0 0 0 0 0 0 0 80 0 0 0 0 53 0 37 0 0 29 0 74 0 0 0 0 31 0 0 1 0 0 71 47 63 3 54 56 0 0 3 99 0 0 0 40 0 8 0 0 0 0 0 0 97 15 0 0 0 0 0 0 0 0 0 0 98 
0 0 0 0 0 0 0 0 2 0 0 0 55 65 0 0 0 0 49 62 65 0 0 0 0 0 73 0 64 0 96 0 0 27 20 0 44 0 0 0 0 0 0 2 48 44 0 0 0 0 79 0 0 0 18 0 0 82 0 0 0 0 0 93 0 0 0 0 16 28 0 0 0 0 0 75 0 89 0 0 0 0 0 2 49 0 0 7 0 33 86 41 89 0 0 0 0 36 0 0 
0 0 0 53 0 7 28 0 0 0 0 16 93 5 26 74 0 6 0 0 0 0 0 77 0 98 0 0 0 0 0 0 0 0 61 55 0 0 80 0 0 59 0 0 6 0 29 0 85 0 0 0 0 0 0 0 0 19 0 11 47 0 0 20 0 0 31 0 3 0 0 0 0 17 0 56 0 0 0 0 0 0 0 0 0 0 0 38 0 72 0 0 0 0 0 0 0 0 96 86 
7 0 0 0 90 0 0 0 0 0 0 1 0 0 0 0 28 0 0 0 0 0 22 28 31 0 1 13 0 0 0 0 20 15 21 0 0 0 0 0 0 37 0 19 0 0 0 0 7 0 0 0 0 34 0 0 0 0 0 99 0 0 0 7 0 74 0 0 0 11 92 0 0 0 0 0 0 12 0 0 0 0 44 0 0 0 12 0 0 0 0 0 0 0 0 0 0 0 0 37 
0 0 0 0 0 0 0 85 0 48 0 0 0 61 0 0 0 0 0 0 0 0 69 0 42 46 0 0 0 0 0 0 75 81 27 0 0 0 0 0 0 0 0 0 0 0 0 0 5 16 0 0 0 0 0 32 0 0 0 0 0 25 14 75 27 0 1 67 25 0 0 0 0 0 0 0 0 0 0 0 0 12 0 71 0 0 0 0 0 0 0 0 0 0 38 0 2 82 0 0 
0 63 0 0 0 0 0 0 0 0 0 0 0 74 12 0 0 18 0 0 0 0 0 60 0 2 0 0 65 13 0 0 0 0 0 0 0 0 0 0 0 35 0 0 0 0 0 0 6 0 0 0 0 0 0 0 0 5 82 0 0 0 0 0 0 0 0 16 0 57 0 0 0 0 0 0 24 0 21 0 0 0 0 0 0 0 0 0 0 0 0 0 0 0 0 0 0 0 0 0 
36 98 0 0 0 0 0 0 99 40 0 0 0 0 0 0 74 0 0 0 0 0 0 19 0 0 0 92 0 0 60 0 0 51 0 84 0 0 87 50 0 0 0 3 0 0 0 0 0 0 8 0 0 0 0 0 0 11 0 0 0 0 94 0 0 0 0 0 8 0 0 0 0 0 0 0 0 0 0 0 0 37 16 0 0 0 84 0 0 0 0 0 0 0 0 70 0 0 0 0 
82 0 10 0 0 0 82 0 0 0 0 44 46 69 24 0 0 0 73 0 41 0 0 0 65 76 0 0 0 34 51 55 0 0 0 0 0 0 0 0 79 0 0 0 0 0 45 79 0 0 0 0 34 0 29 0 0 52 66 0 0 79 98 0 0 0 1 0 0 0 0 22 85 0 0 13 91 17 86 0 93 0 0 0 0 27 0 0 3 0 0 0 15 0 0 0 0 0 0 0 
0 0 0 94 79 0 55 45 0 0 0 66 39 0 0 0 0 0 0 32 0 0 0 0 0 0 50 0 0 0 0 0 97 0 0 50 0 18 0 0 71 51 0 79 41 5 0 0 0 16 0 0 0 0 35 0 0 0 0 0 0 0 0 18 0 0 0 52 0 0 0 3 0 0 68 0 94 0 0 0 0 0 61 0 0 0 0 0 0 0 0 0 51 5 0 0 0 0 13 0 
0 0 0 0 0 0 0 0 57 0 0 0 10 0 0 74 0 0 37 8 0 0 0 74 34 22 0 0 0 0 0 21 31 46 0 0 0 91 59 0 0 0 0 84 97 0 0 0 0 0 0 0 0 81 92 0 99 0 0 0 0 0 0 0 71 0 0 0 0 24 0 0 0 6 0 71 0 37 0 90 0 0 0 36 0 0 0 0 22 0 0 3 53 0 0 0 0 0 0 0 
0 0 45 0 0 0 92 81 0 0 0 0 98 62 0 0 0 42 0 78 0 0 0 0 10 0 0 0 56 0 0 0 0 0 81 2 0 0 63 22 22 25 0 0 0 0 77 0 59 0 0 55 0 0 0 0 0 0 0 0 0 0 0 0 0 0 36 0 0 0 0 28 90 0 0 0 90 83 0 0 0 14 0 0 0 0 30 0 0 0 0 58 14 59 0 0 11 0 0 98 
0 0 0 0 0 0 0 0 0 0 67 0 27 0 37 70 0 0 0 77 0 0 23 0 0 0 0 0 79 0 0 0 0 0 0 22 0 0 0 0 0 0 0 0 0 0 0 0 53 31 0 94 0 0 0 0 0 0 0 77 19 0 0 0 33 5 47 0 0 0 0 0 45 0 53 34 0 34 0 0 21 0 0 0 98 0 0 0 84 0 0 0 0 0 0 9 0 0 0 0 
0 95 0 0 0 0 0 0 0 45 0 0 0 0 0 0 0 0 0 0 0 0 59 0 0 0 0 0 46 0 0 99 0 0 0 0 55 0 0 0 0 61 0 54 0 0 0 92 0 0 0 89 79 76 9 0 26 0 0 23 0 67 0 0 46 22 0 0 0 0 12 29 8 0 65 0 0 0 0 25 0 0 0 0 0 58 64 0 62 0 0 0 0 0 91 0 60 0 0 0 
0 0 0 3 0 0 0 0 0 77 0 0 0 63 0 0 0 0 0 0 0 0 0 0 0 0 0 0 0 16 0 0 0 0 36 48 0 3 0 0 0 0 87 89 47 0 15 0 0 0 0 54 0 0 0 0 0 0 0 47 0 0 0 0 0 0 0 0 0 0 0 54 52 0 97 0 19 33 0 0 0 0 0 72 0 0 0 0 22 0 0 24 29 0 0 0 0 0 0 0 
38 61 0 0 0 0 0 0 93 9 0 0 21 0 53 0 0 0 0 0 66 0 44 93 16 41 0 0 6 0 0 0 0 0 0 0 0 0 0 0 17 0 0 0 0 0 0 29 0 0 0 0 0 0 0 48 0 86 0 0 60 0 0 3 0 0 0 0 0 0 0 0 0 37 89 0 32 0 0 0 0 44 0 24 0 0 0 0 0 0 0 7 0 0 44 95 0 0 0 0 
88 0 0 0 0 0 23 97 0 0 94 89 0 0 0 99 75 0 86 0 0 0 0 40 0 0 86 0 0 15 0 0 0 0 0 0 62 0 0 0 69 0 37 64 92 65 0 0 0 0 42 0 0 36 0 0 0 0 0 81 35 0 0 65 0 0 0 0 0 93 0 0 0 0 0 0 0 0 3 0 0 62 93 0 0 45 47 0 89 0 0 0 0 79 0 0 61 0 15 0 
0 62 0 18 86 0 61 0 0 4 0 0 0 0 0 0 0 0 53 0 0 0 0 0 0 0 0 0 0 0 0 67 0 0 0 0 0 0 0 0 56 0 20 29 0 0 17 0 0 95 0 0 0 67 49 0 0 37 0 0 3 0 0 43 0 0 22 0 38 41 0 47 0 99 0 42 0 0 53 0 0 0 0 0 0 0 0 0 0 0 0 0 12 0 0 0 0 0 0 0 
0 0 42 0 57 1 0 0 0 39 0 0 82 0 90 0 0 0 81 45 0 0 0 0 89 53 79 0 0 0 77 13 81 0 23 79 0 0 58 0 0 0 0 0 44 0 0 0 0 0 0 94 0 0 0 46 0 0 0 0 96 2 63 26 0 0 0 36 0 45 64 95 0 0 0 0 43 0 70 92 0 0 59 0 0 0 76 0 91 0 0 0 0 0 0 67 70 0 0 0 
0 40 0 69 0 0 88 0 0 0 83 0 0 0 0 88 0 54 0 0 2 3 0 0 0 60 0 0 0 0 0 38 0 0 59 0 0 18 50 0 69 0 0 0 0 0 18 81 60 0 19 0 0 0 0 64 0 0 0 54 0 0 0 0 3 0 0 50 0 0 0 0 13 0 6 0 0 0 92 86 97 51 24 0 0 0 0 0 0 0 0 0 0 0 0 0 18 0 0 0 
45 0 0 0 84 6 0 93 9 0 0 0 0 0 0 80 0 0 0 42 10 0 47 0 0 0 0 0 20 0 0 0 0 0 0 0 0 0 0 0 0 0 0 50 0 0 0 9 0 0 0 0 87 0 0 0 0 0 75 0 0 0 0 90 0 27 0 0 0 82 2 0 0 0 0 0 11 0 94 95 0 0 0 0 0 0 0 93 0 83 0 0 0 0 0 0 4 0 0 39 
0 0 0 0 0 5 0 24 86 0 0 0 0 0 0 2 18 0 0 36 0 0 0 0 0 14 0 35 80 0 26 0 0 0 0 0 0 0 5 0 0 0 0 45 0 0 0 0 0 0 17 0 41 0 35 0 0 0 0 48 0 0 0 0 0 0 52 0 0 0 0 0 0 0 0 0 0 0 0 0 0 0 0 44 0 0 0 0 0 86 94 39 0 0 0 0 0 0 38 48 
0 0 0 0 0 0 25 17 0 0 23 19 0 0 0 53 93 0 18 21 19 0 0 0 0 0 0 0 0 0 0 0 0 0 0 21 0 0 71 0 0 6 0 89 58 79 0 0 0 0 29 0 29 0 0 0 0 30 0 24 52 0 0 68 0 0 0 0 0 93 0 62 0 0 90 0 0 89 89 0 0 0 0 6 0 0 45 0 12 0 0 0 80 0 73 0 0 0 0 0 
63 0 0 99 0 0 0 0 0 95 0 0 90 4 0 0 0 68 53 46 0 0 0 0 37 0 42 0 6 98 68 0 31 0 0 0 0 0 0 0 0 94 0 24 0 0 0 0 0 0 0 0 0 0 0 59 0 0 0 0 0 0 0 21 15 0 0 0 0 0 0 0 0 35 0 0 0 0 31 0 46 89 0 60 0 0 0 0 91 79 4 0 8 0 0 0 0 51 64 0 
0 89 0 46 0 0 65 0 0 0 0 0 0 0 0 0 0 78 0 0 0 0 0 56 0 0 0 0 17 0 15 0 49 0 0 89 0 0 29 0 0 97 46 0 0 70 0 0 61 0 0 0 0 0 0 0 23 97 85 0 0 48 51 0 0 0 0 0 0 0 0 0 95 0 0 83 0 0 0 0 0 87 0 0 0 0 0 91 30 0 97 0 0 51 0 0 5 0 0 0 
0 10 0 0 0 0 0 0 0 0 0 0 0 0 0 0 0 0 0 55 0 0 0 0 0 67 0 0 0 0 0 0 32 0 0 0 0 56 0 0 0 30 5 45 0 20 0 0 0 20 15 0 81 0 74 97 0 39 0 0 0 0 0 67 0 0 0 0 40 0 60 0 0 0 30 0 0 34 0 0 0 0 0 60 0 0 0 0 28 0 0 0 0 0 0 0 0 0 0 0 
0 0 0 0 0 0 0 29 0 63 35 0 89 0 0 0 11 0 0 0 0 0 0 96 98 41 0 92 0 0 7 0 0 29 0 0 0 0 0 0 0 0 25 0 0 83 0 14 0 0 25 0 0 0 0 0 74 0 0 85 0 21 0 0 0 0 0 0 0 39 0 0 0 0 0 98 0 0 0 0 0 18 0 0 0 0 54 32 0 0 52 0 0 57 0 0 0 0 74 0 
0 0 32 69 0 0 0 0 0 0 0 0 0 52 0 9 0 0 0 0 0 25 15 0 0 0 0 0 0 0 47 0 0 25 0 0 0 0 0 0 0 39 23 77 0 0 90 0 0 15 0 0 0 0 0 50 0 28 0 0 72 0 0 0 0 0 0 0 47 97 0 0 0 0 0 0 51 10 0 0 0 0 0 0 0 0 26 0 2 77 60 67 0 0 0 10 0 0 0 0 
0 0 0 0 0 0 0 0 0 0 22 0 0 0 0 0 0 18 0 0 96 0 0 77 0 38 0 0 0 0 61 0 0 71 0 0 0 0 34 0 53 42 70 0 21 0 23 0 82 48 0 0 0 0 0 0 0 0 0 0 47 0 0 0 0 0 0 0 16 0 34 0 0 74 0 0 0 0 0 0 0 0 0 0 90 0 0 0 0 32 0 0 0 0 0 0 0 0 0 0 
