100
0 0 38 0 0 0 0 11 0 0 88 0 94 95 0 0 0 0 0 0 0 24 0 80 0 0 0 73 0 90 64 42 0 0 7 0 0 10 69 0 0 0 0 93 12 90 0 59 58 6 0 20 61 0 0 0 46 5 0 0 0 0 29 0 0 0 79 0 0 58 97 0 55 70 89 69 0 2 0 0 0 44 94 32 23 51 0 8 44 76 0 30 94 0 0 84 1 39 0 0 
71 0 63 0 40 0 68 64 0 35 19 10 0 0 83 92 0 0 64 48 15 7 78 0 14 0 65 0 28 0 96 0 0 0 0 0 24 0 0 0 0 19 25 0 43 43 41 0 0 6 67 97 0 0 0 0 28 77 0 0 0 13 39 0 30 0 36 12 78 72 49 26 0 0 0 14 0 0 27 0 0 0 68 0 58 0 0 92 60 5 0 0 0 0 88 17 9 47 54 0 
0 0 0 46 0 82 58 0 7 41 0 0 86 45 0 0 65 0 0 14 0 0 0 0 0 0 75 64 0 27 99 0 0 5 0 0 0 98 61 0 33 0 0 0 0 0 0 70 49 0 10 0 0 13 0 0 71 0 0 0 72 0 50 3 0 52 0 0 0 69 64 0 33 0 0 0 40 87 0 8 0 74 19 35 73 0 0 77 41 0 0 0 0 15 0 18 0 0 0 0 
8 41 0 0 50 0 0 0 74 58 0 0 0 0 0 63 0 36 0 85 0 81 73 0 10 0 0 51 19 0 0 52 67 0 0 0 0 0 29 22 45 80 99 76 0 80 0 72 69 0 92 0 0 69 46 0 0 93 0 19 0 0 24 0 16 14 0 4 46 0 0 0 0 0 0 0 0 0 68 52 0 21 40 87 48 45 31 0 9 0 0 65 0 0 25 92 0 26 0 54 
46 0 94 0 0 0 73 49 0 0 0 35 0 0 13 6 27 74 0 77 23 57 0 0 0 98 0 0 99 0 51 0 77 85 0 0 79 0 70 9 0 0 83 0 0 0 65 0 0 77 0 18 0 44 33 0 0 9 0 0 0 2 0 0 16 70 5 0 27 0 55 0 0 0 0 0 0 86 89 97 0 0 48 0 42 0 17 0 0 0 88 1 0 0 3 70 0 0 0 0 
50 92 0 97 21 0 38 0 63 24 0 0 0 90 14 0 0 28 0 0 11 0 0 78 99 98 3 87 0 0 56 0 0 0 0 0 85 23 0 39 87 48 65 43 0 0 0 84 0 98 37 0 21 40 0 0 0 0 78 41 0 58 0 0 0 0 3 34 50 0 62 0 67 81 62 4 0 61 0 0 0 0 47 0 41 0 90 0 92 65 0 0 0 22 42 0 0 0 0 0 
12 0 0 3 0 0 0 0 0 0 0 25 0 96 13 0 65 84 42 63 0 89 33 0 0 0 0 0 0 82 0 48 0 81 98 76 54 0 10 0 18 22 32 0 1 0 47 76 9 33 52 44 0 8 0 76 62 77 0 1 10 0 96 92 18 0 62 0 55 0 52 0 0 0 0 57 0 76 66 0 6 70 97 18 80 82 0 95 0 0 0 58 97 0 0 16 86 86 38 0 
0 0 56 29 0 96 15 0 0 94 71 96 43 46 0 0 0 0 0 50 0 82 64 0 0 0 44 0 0 0 39 10 0 0 0 97 0 0 0 98 79 0 0 0 0 87 27 0 0 38 20 0 48 5 77 80 97 37 0 9 92 25 0 0 81 38 0 0 0 21 0 0 99 0 0 0 20 0 0 0 81 0 0 78 45 0 0 0 0 0 24 26 0 0 0 20 34 4 0 50 
19 92 0 0 94 0 2 77 0 32 0 53 85 0 0 1 0 22 28 67 0 55 0 79 0 0 64 14 65 0 1 34 41 0 2 0 72 18 0 15 46 0 0 29 0 51 0 0 0 0 31 47 0 0 0 0 31 0 19 0 18 89 0 0 0 47 92 0 0 91 0 33 0 6 0 0 0 0 5 35 89 0 0 61 0 67 0 94 93 0 67 0 0 0 0 5 23 0 0 34 
27 0 0 0 16 0 23 0 0 0 0 82 0 8 0 85 60 45 76 0 9 79 62 32 0 0 47 0 0 0 0 0 0 62 0 0 0 0 0 0 47 0 0 60 0 0 0 54 34 0 75 0 50 0 34 56 0 0 48 0 78 0 0 0 0 0 0 94 0 0 0 0 24 0 0 0 0 68 54 0 0 0 47 28 1 77 28 0 0 63 14 17 0 0 95 0 82 0 3 0 
0 0 82 99 46 41 8 0 28 9 0 0 0 0 74 0 27 0 0 0 77 1 0 0 57 86 0 45 18 0 0 0 0 25 0 0 0 0 88 0 11 0 0 5 60 24 72 0 18 0 4 57 0 0 0 0 61 0 0 0 18 0 0 0 57 63 0 0 86 0 96 90 0 4 0 0 0 86 0 43 23 14 0 9 3 0 0 99 41 0 1 0 0 0 0 43 97 24 0 73 
61 0 8 29 0 90 0 0 0 0 24 0 26 77 64 92 86 67 0 76 30 13 0 0 0 96 55 0 52 30 0 0 0 0 0 0 0 2 32 34 0 0 62 0 26 98 0 2 15 15 0 5 0 62 63 95 0 0 0 0 73 65 0 0 0 94 0 0 56 99 91 0 5 84 29 0 73 13 6 0 0 0 0 41 0 12 87 38 38 23 0 35 0 0 0 3 0 55 0 3 
0 99 0 96 28 11 21 0 0 90 46 0 0 59 7 62 0 0 0 47 27 15 31 76 0 41 31 0 69 0 0 0 0 0 26 0 0 30 68 0 0 0 0 0 0 63 0 73 35 83 94 4 16 0 44 0 21 0 0 0 0 47 71 4 75 55 0 90 0 63 0 46 0 6 0 0 92 0 78 3 0 8 0 0 0 0 0 91 72 0 14 16 0 0 79 0 19 2 0 0 
0 30 0 19 34 0 0 0 90 0 63 0 0 0 0 0 51 71 53 0 59 0 63 0 89 0 0 0 52 48 0 21 81 40 25 91 0 84 13 21 0 0 0 0 36 0 93 0 92 0 0 0 0 73 0 64 82 0 0 0 0 98 0 0 65 80 0 0 68 0 0 0 86 0 0 0 84 46 0 10 35 0 0 88 72 72 0 0 0 0 85 0 84 12 0 99 15 44 28 78 
64 0 54 80 0 0 0 60 66 82 0 0 0 97 0 0 0 0 94 0 0 2 0 42 9 54 66 0 0 76 0 45 0 5 0 33 20 55 65 0 0 0 11 78 54 0 0 0 63 23 0 43 0 71 33 0 0 0 0 0 0 29 0 0 64 0 21 0 90 0 0 0 25 74 15 0 37 0 65 70 26 0 73 0 30 0 0 0 63 6 40 65 21 0 13 91 0 0 0 0 
50 0 33 0 0 68 85 86 0 0 77 0 0 40 29 0 37 17 0 0 0 41 96 0 0 0 39 1 42 0 37 0 0 55 0 0 0 0 30 26 76 73 16 24 82 84 54 0 0 92 80 41 0 5 0 49 0 0 0 14 52 3 0 0 98 0 0 0 33 2 0 0 52 51 48 1 63 0 69 0 8 0 38 6 63 78 76 25 21 0 4 77 11 0 0 0 66 75 0 0 
13 75 0 48 0 75 0 11 77 0 0 0 85 0 33 0 0 0 9 33 0 75 0 60 0 59 69 84 22 20 83 0 95 8 0 0 0 0 0 0 25 65 0 0 71 46 64 0 0 93 0 43 50 0 11 61 0 76 0 0 76 67 70 16 0 0 71 0 0 75 0 0 0 6 17 0 0 69 77 59 0 0 0 0 2 76 0 32 0 0 0 0 0 0 18 76 0 49 0 0 
94 55 68 0 0 0 0 58 0 0 36 0 79 0 66 0 40 0 16 0 0 26 0 0 0 31 0 0 0 69 92 0 95 0 40 0 30 0 0 0 0 0 0 20 0 0 71 0 0 37 0 67 0 0 10 0 0 0 0 0 0 42 41 0 0 79 57 0 0 30 0 0 48 48 30 0 63 87 39 6 56 52 88 50 0 10 56 0 0 0 57 0 0 81 0 46 0 0 96 0 
10 0 64 86 10 86 0 68 0 0 75 72 67 0 0 89 0 0 0 0 67 0 58 0 43 45 46 73 34 0 61 71 67 53 49 0 64 0 0 0 48 0 0 11 44 0 26 0 90 64 0 68 0 0 0 0 42 0 41 34 54 0 0 0 0 57 0 12 0 73 0 2 0 0 0 30 0 97 0 0 0 0 0 16 40 0 0 0 28 0 0 85 0 0 0 14 0 0 0 0 
2 0 0 0 0 48 0 0 0 68 53 0 0 87 39 72 0 94 52 0 37 26 12 0 2 48 11 12 0 0 61 0 0 80 18 19 84 0 0 88 17 0 38 0 65 0 0 16 29 0 69 86 0 0 0 61 0 0 2 0 12 0 99 0 49 84 30 46 6 85 0 89 0 21 0 82 0 0 16 71 82 0 0 0 31 65 25 58 0 50 0 87 0 89 0 0 0 13 0 39 
63 0 16 39 0 0 2 6 66 0 0 0 0 0 47 61 58 55 0 0 0 69 94 0 0 74 0 27 0 0 0 34 0 91 0 0 0 0 0 51 77 24 0 0 96 31 36 0 16 75 0 0 0 0 0 0 0 95 97 0 98 16 2 58 0 0 0 0 33 97 19 19 93 55 0 92 76 75 6 0 0 48 27 0 99 0 0 40 0 0 0 0 0 0 21 8 55 0 17 0 
0 0 71 0 0 85 0 0 0 0 0 0 0 19 0 0 0 0 52 0 0 0 25 71 68 8 0 0 0 0 0 0 0 0 70 75 37 34 42 99 52 98 0 31 0 44 8 29 81 0 0 0 38 0 8 0 0 20 20 0 35 0 4 0 0 93 0 0 3 0 0 28 0 72 0 20 19 18 0 0 0 18 0 0 0 33 0 4 95 22 0 12 0 7 23 7 0 0 75 0 
5 0 91 0 23 84 0 0 60 0 61 35 0 0 12 0 83 41 0 0 0 0 0 8 0 80 0 0 2 38 0 0 26 0 73 0 9 79 0 0 0 0 91 0 0 0 2 2 84 0 90 0 0 0 0 0 0 30 0 53 0 72 19 0 0 0 0 18 0 4 0 0 82 26 0 0 12 36 49 0 32 13 46 20 0 83 0 0 0 58 0 0 0 0 0 25 63 0 82 0 
0 81 13 90 76 0 31 31 0 0 78 97 0 77 0 76 0 4 91 13 47 0 0 0 0 88 0 0 70 92 0 51 0 27 0 0 34 55 0 70 71 16 21 60 0 0 68 59 1 0 0 0 77 0 49 17 0 0 79 59 79 0 60 96 74 88 79 97 0 0 0 5 62 0 42 83 0 26 0 0 0 14 0 0 0 0 63 0 0 1 0 6 6 0 7 0 0 0 0 75 
35 0 24 0 2 0 51 49 90 99 0 49 22 0 0 47 60 2 0 0 62 0 40 33 0 54 0 41 0 0 0 0 0 0 65 0 0 0 71 0 0 0 0 27 23 0 0 0 0 70 0 48 0 0 42 0 6 47 41 0 0 3 0 90 0 44 54 54 92 0 29 27 34 0 51 0 0 0 0 0 63 0 0 0 26 0 0 0 77 9 61 24 43 0 65 0 85 64 72 0 
47 63 22 60 0 0 24 64 51 28 0 0 0 18 0 65 0 0 0 0 0 0 0 0 0 0 0 34 0 0 0 0 0 0 0 66 0 0 0 0 82 0 0 20 23 92 52 0 0 50 2 0 0 0 0 0 49 88 0 0 19 27 0 35 50 0 33 0 28 34 0 24 60 12 62 0 0 0 0 0 0 39 0 22 0 0 0 92 37 0 0 0 0 17 25 0 63 14 0 0 
89 0 0 3 5 0 35 0 0 0 19 0 0 83 0 0 0 77 0 0 32 3 38 17 89 98 0 21 16 20 0 0 0 60 0 0 0 33 0 80 0 0 34 0 0 0 14 0 0 69 36 0 0 0 0 0 26 0 0 10 94 0 12 15 23 26 0 40 0 0 59 35 0 0 0 0 51 0 0 0 67 74 0 18 61 0 56 0 0 0 0 0 90 73 10 62 81 0 55 0 
0 31 0 0 35 0 16 61 0 40 0 48 64 1 7 0 0 52 0 0 0 46 37 29 0 0 0 0 0 93 0 0 61 0 0 76 21 88 0 0 0 0 78 0 88 0 0 28 0 0 0 89 0 82 18 0 0 14 35 0 0 0 2 0 0 89 80 0 73 0 13 82 0 0 89 0 19 0 0 0 0 36 0 40 0 4 68 8 19 0 0 0 7 0 11 0 0 6 0 0 
69 0 18 0 0 91 75 56 0 51 0 0 0 0 1 0 0 81 0 70 82 99 0 0 80 21 0 17 0 15 69 8 0 96 77 48 0 8 0 0 0 76 0 71 0 23 0 73 98 61 0 0 65 0 0 90 60 7 71 28 79 98 47 0 44 0 46 81 0 0 0 0 82 0 20 0 0 0 86 11 0 26 0 57 0 22 0 69 0 88 85 0 0 8 21 0 0 0 0 43 
0 70 0 2 49 34 0 25 37 3 84 0 94 0 0 30 0 0 41 4 61 48 0 0 70 66 0 0 0 0 73 0 0 0 0 38 0 0 48 0 10 38 0 41 35 0 13 32 40 9 20 0 0 86 42 19 30 0 0 26 0 13 82 59 0 39 1 0 89 13 0 31 0 0 0 22 0 0 82 0 36 0 26 0 0 57 0 8 47 0 77 17 0 0 0 0 0 89 0 44 
0 0 0 66 0 0 96 0 0 34 9 32 58 44 42 0 0 0 0 0 23 68 55 49 27 50 67 94 0 0 0 80 57 0 0 80 35 0 52 0 0 59 98 0 76 0 0 26 0 66 54 75 0 0 0 0 0 54 0 8 60 0 28 0 32 4 0 0 83 48 0 86 0 60 7 74 35 0 51 77 14 51 0 0 0 63 0 76 74 93 97 96 91 20 0 67 48 97 0 0 
0 68 63 0 82 15 0 0 0 28 83 41 56 0 0 57 85 46 0 91 0 42 22 0 72 1 38 85 0 95 0 0 0 0 94 0 50 2 70 0 0 42 0 32 68 0 75 0 78 0 0 0 0 0 0 0 16 99 77 0 0 67 57 79 10 0 0 0 91 65 0 0 0 0 96 0 66 0 0 46 0 0 0 0 0 0 21 0 0 84 0 86 64 0 40 0 62 0 73 80 
73 35 44 0 0 83 17 87 0 79 28 19 52 0 96 23 0 0 0 83 56 11 0 78 45 4 25 0 4 12 0 41 0 7 81 81 11 0 24 26 0 0 70 0 0 0 0 0 63 74 55 3 30 71 0 0 0 71 0 64 18 75 0 0 5 0 41 72 0 58 0 0 0 79 77 42 61 0 46 0 0 0 42 0 0 81 0 62 0 53 84 0 83 0 24 0 0 53 58 0 
32 29 0 61 0 5 0 30 77 0 0 34 43 0 0 0 0 3 0 0 0 1 58 0 20 10 0 55 0 21 12 77 0 0 0 12 56 0 0 0 89 0 49 8 56 0 0 22 81 0 0 0 93 20 5 4 0 0 0 0 0 84 59 0 67 29 0 64 0 0 86 0 67 30 55 0 0 64 80 0 0 79 0 23 0 30 95 75 0 0 0 0 0 1 41 0 6 80 0 0 
0 42 41 66 71 14 0 9 0 24 52 92 0 0 82 2 78 0 0 0 78 0 0 21 0 22 92 33 0 56 16 0 0 86 0 0 32 64 0 6 0 66 27 19 0 0 0 98 0 0 15 40 8 78 0 69 73 7 85 0 0 20 4 29 0 44 96 98 0 0 0 0 36 53 66 0 79 61 36 63 78 19 0 0 79 0 71 0 54 37 0 56 13 0 0 0 34 37 28 0 
90 2 56 63 88 5 0 0 20 15 27 66 41 0 0 84 28 65 77 0 76 0 31 24 79 0 61 0 0 0 0 62 0 0 38 0 88 0 70 0 0 81 0 70 33 32 0 0 0 0 0 47 0 0 0 2 72 78 0 0 10 39 92 0 0 0 0 53 55 0 0 0 54 0 0 89 44 0 33 46 15 85 59 35 0 40 36 0 7 0 89 7 0 12 65 48 42 39 0 0 
53 0 13 8 0 0 0 38 0 73 91 62 95 33 0 43 31 0 0 0 81 0 0 0 14 19 36 0 31 64 0 0 0 0 0 0 0 0 0 77 0 0 82 61 0 95 77 0 0 51 53 0 0 28 42 0 0 26 0 0 0 86 5 36 1 0 42 0 84 0 0 97 75 0 97 0 0 77 0 0 93 0 0 0 0 20 88 46 93 0 0 20 0 0 0 75 0 0 50 0 
0 96 0 85 76 0 58 45 0 92 32 0 0 0 0 8 52 40 9 50 74 0 0 0 6 10 0 0 0 41 54 0 20 70 0 42 67 0 0 60 93 0 30 0 12 22 0 39 88 0 0 35 0 0 0 0 0 0 0 0 0 45 92 0 71 0 0 24 31 6 0 96 96 27 28 0 0 77 0 0 0 0 2 75 0 0 0 0 62 0 73 0 0 0 68 16 5 0 0 29 
0 39 0 0 0 42 0 80 64 96 0 0 0 0 0 0 67 63 71 48 24 0 88 63 0 27 4 99 23 0 0 0 0 6 13 0 76 9 0 0 77 31 39 19 34 0 0 0 0 41 97 0 77 0 70 44 61 88 0 0 0 0 0 81 0 33 36 34 0 25 22 81 2 0 19 0 0 34 0 81 36 48 0 35 0 0 0 0 17 0 8 0 0 0 0 55 0 0 60 0 
49 49 27 0 0 0 24 0 0 5 46 0 62 0 23 0 52 70 74 0 0 0 49 0 21 9 0 78 64 97 1 21 0 71 0 68 0 0 62 0 64 0 36 0 57 0 73 0 60 0 0 0 64 61 37 0 28 0 0 8 96 94 19 98 0 0 0 52 94 0 83 0 0 64 0 89 89 35 38 99 80 0 64 0 55 20 88 40 0 13 24 0 0 74 61 69 88 0 47 0 
46 90 0 0 4 0 0 0 0 0 0 14 8 51 79 0 0 82 0 0 0 0 22 0 29 0 60 63 84 0 10 40 93 0 35 62 18 0 0 0 0 0 27 0 0 0 91 99 30 77 51 0 0 50 65 0 0 0 47 0 52 92 84 3 0 14 3 0 0 84 0 0 0 86 75 0 0 84 47 0 0 0 68 37 7 0 0 70 0 0 8 93 14 32 0 0 11 13 0 0 
54 0 26 0 5 0 0 17 68 31 12 22 8 60 68 0 0 53 11 33 0 0 80 0 31 2 83 58 0 0 0 0 59 86 0 0 45 65 0 79 87 0 19 0 16 0 14 0 0 86 0 82 0 15 45 56 77 4 71 0 0 0 15 51 0 57 0 17 73 0 0 0 95 72 47 0 97 0 0 23 28 46 0 0 0 0 18 0 0 26 45 0 34 6 34 0 0 0 73 0 
9 0 16 0 0 0 0 23 20 43 59 0 19 10 0 0 96 15 73 0 86 28 0 0 11 4 0 0 92 67 0 64 0 0 0 22 0 0 0 0 0 0 0 89 0 0 0 61 19 0 0 41 70 19 9 50 0 60 28 0 98 69 5 58 44 0 0 40 0 0 46 0 84 73 50 15 0 6 67 0 0 78 0 87 84 0 80 0 98 0 97 0 76 94 0 0 0 0 0 92 
0 87 33 0 79 0 1 22 0 0 0 94 73 71 0 0 52 0 0 60 32 0 55 0 0 0 74 71 0 0 74 0 92 0 0 0 0 51 0 33 45 85 0 0 81 16 0 0 73 0 91 61 0 0 0 44 49 1 27 49 0 0 0 1 0 0 0 69 14 0 44 91 16 0 0 51 93 0 46 0 97 27 25 90 10 0 14 0 28 0 0 0 79 20 24 0 55 0 0 62 
0 0 64 47 38 69 0 22 95 14 0 0 21 0 0 0 0 4 0 0 0 32 34 20 0 0 94 0 58 0 0 0 6 0 48 0 48 0 0 0 62 0 98 0 0 25 0 20 91 37 9 0 0 16 0 67 94 0 94 0 0 0 77 7 0 56 0 41 89 54 0 0 91 0 82 8 18 45 0 72 0 0 0 34 0 0 56 43 0 0 53 0 53 66 39 4 7 0 49 0 
0 0 34 0 19 43 9 0 0 79 0 0 0 18 89 0 0 5 28 74 0 0 76 23 22 0 41 45 0 82 3 19 94 52 7 0 0 0 17 44 53 64 56 0 0 0 41 0 85 0 21 0 0 0 0 0 35 89 7 57 0 29 0 0 0 0 77 0 0 0 0 79 55 0 0 39 0 0 32 63 0 15 26 0 31 17 0 89 19 79 0 0 0 0 0 0 77 0 0 0 
97 0 24 6 0 88 0 0 36 85 0 49 14 0 19 0 0 0 0 22 0 0 0 0 20 0 0 9 22 0 31 0 33 36 46 43 0 45 58 0 0 0 12 65 66 0 0 0 58 4 27 76 23 97 10 0 25 19 79 0 38 49 80 0 27 0 0 0 90 0 13 92 85 0 0 60 46 0 6 60 17 29 0 10 0 0 20 0 0 53 0 0 16 0 6 0 99 96 54 37 
0 42 0 0 35 0 0 85 82 0 43 0 0 22 2 32 37 79 84 0 20 0 0 0 68 37 90 0 0 0 0 42 44 0 0 30 18 0 95 44 0 5 0 58 0 30 70 0 4 30 79 0 0 0 60 11 0 0 0 0 66 0 52 29 79 20 98 0 96 55 59 0 0 40 0 18 56 0 15 13 39 0 0 16 24 0 0 40 0 15 0 74 60 0 0 0 18 0 0 0 
0 73 0 0 14 23 0 68 12 0 0 0 0 0 0 39 68 53 0 0 0 0 0 0 99 69 52 92 0 0 59 0 0 0 25 70 92 0 84 0 0 95 0 0 0 0 0 0 0 6 42 54 0 88 25 0 0 0 74 95 0 0 0 0 63 75 87 95 0 82 36 25 28 68 0 56 0 0 0 0 0 40 0 67 0 0 0 27 0 80 28 5 0 0 0 92 2 0 38 0 
0 0 42 16 0 0 0 0 12 41 47 0 0 71 0 0 0 0 0 98 0 81 94 97 0 0 0 54 0 0 0 85 0 46 67 77 0 58 0 84 0 0 86 4 0 82 0 0 0 0 0 0 58 0 18 49 89 0 28 0 61 0 0 59 0 0 0 0 70 31 0 61 50 63 0 91 72 0 0 83 86 52 0 0 0 0 0 0 0 0 0 0 0 71 0 0 7 0 74 0 
17 0 0 0 56 0 0 0 0 0 0 49 0 51 82 0 88 94 24 0 46 36 0 14 63 0 0 84 35 0 0 4 0 61 0 72 0 81 0 20 0 70 37 0 0 0 0 0 0 31 0 0 0 80 42 93 66 95 24 51 79 0 0 0 94 0 13 77 0 0 0 0 0 85 0 24 46 67 0 50 0 80 81 0 22 0 45 0 0 0 0 12 0 29 54 0 22 47 0 0 
0 0 87 2 0 83 0 62 0 12 0 0 0 1 0 0 0 0 0 0 91 63 11 64 0 79 61 0 62 89 0 62 0 9 0 0 72 0 92 96 95 0 0 0 28 80 0 70 0 8 71 0 0 0 44 0 49 13 0 0 0 0 15 95 0 0 21 0 70 65 0 47 0 0 0 88 95 0 65 0 0 0 0 0 0 0 56 0 0 46 0 29 0 0 0 31 0 0 39 7 
0 96 5 75 64 0 31 0 8 0 42 94 0 12 10 82 0 28 60 10 74 0 47 0 99 57 28 32 0 7 92 41 0 0 0 25 30 17 0 0 83 56 0 70 27 23 0 13 14 0 85 44 0 5 0 79 0 3 84 0 0 39 48 31 3 0 0 52 58 75 25 0 0 89 0 0 1 34 0 13 90 0 6 85 0 0 86 15 0 89 0 75 5 0 89 0 0 0 23 79 
68 5 0 0 0 0 0 0 90 10 81 0 25 0 0 0 96 25 70 56 77 79 16 42 23 4 17 0 63 0 37 78 0 0 0 45 0 28 73 0 0 0 0 28 0 47 0 60 0 26 0 21 0 0 87 0 0 53 26 0 54 0 0 0 45 91 4 0 0 33 0 82 95 0 0 31 50 90 0 24 0 92 0 0 95 0 79 78 0 58 0 0 0 0 0 0 0 44 86 39 
97 27 35 0 0 17 54 0 4 0 58 0 0 41 0 78 0 0 33 12 21 0 2 0 0 96 63 0 12 0 66 86 32 0 96 59 0 9 0 0 0 0 0 91 99 38 0 0 0 0 0 0 66 0 0 0 0 33 0 12 51 0 0 66 53 0 0 0 83 0 0 14 0 0 4 0 74 56 0 65 26 8 88 17 51 16 65 0 0 0 0 0 8 0 0 92 0 41 11 0 
36 17 97 28 58 35 0 0 93 0 1 0 4 0 77 0 0 58 52 0 44 16 82 0 96 42 81 51 0 0 16 16 75 0 0 0 66 26 0 78 46 0 0 0 0 78 97 0 49 0 0 69 0 8 4 0 83 19 37 32 0 0 58 0 48 92 37 16 55 0 0 11 0 26 0 47 0 0 2 0 42 78 41 5 20 0 0 70 0 0 0 9 10 0 0 0 0 0 0 42 
0 0 0 38 12 76 0 0 0 4 0 71 0 0 58 94 67 51 0 83 7 97 47 65 0 0 0 14 0 0 26 0 89 78 0 0 7 7 0 0 92 0 87 0 0 0 0 6 95 0 0 0 67 2 2 0 0 0 91 42 0 0 53 79 90 0 73 0 76 65 0 9 24 21 27 0 64 0 0 0 4 0 50 0 0 0 18 5 0 0 8 0 49 0 43 64 0 0 82 0 
0 0 68 0 0 97 0 0 68 88 11 77 31 11 8 3 0 20 97 67 0 0 0 16 0 0 46 0 0 40 0 0 0 52 0 0 0 31 0 98 27 0 0 0 59 0 0 4 17 79 0 0 0 0 0 0 10 0 62 76 5 0 73 0 18 0 0 0 0 0 0 92 80 88 51 43 0 77 0 0 0 0 0 0 91 0 0 7 0 0 6 0 91 54 23 4 6 3 0 61 
10 68 73 29 9 0 6 54 0 0 54 88 90 38 98 9 64 21 0 0 0 0 9 0 0 69 6 0 0 7 72 0 40 59 0 5 77 9 26 34 0 0 0 0 0 0 0 10 0 0 0 90 0 0 11 0 0 0 0 0 0 0 46 0 6 78 0 93 73 88 36 0 78 0 28 0 23 67 0 0 43 90 0 72 85 82 4 29 0 46 0 0 0 24 0 0 0 0 54 0 
47 22 7 0 44 0 0 0 62 19 78 30 3 93 37 0 33 47 0 13 98 52 0 0 40 96 0 72 0 0 0 98 0 26 65 90 11 4 84 0 54 36 82 0 11 0 96 14 0 63 0 22 13 73 0 0 0 0 26 0 0 83 62 44 25 15 0 72 7 0 0 38 0 0 0 0 0 46 10 73 0 59 52 0 0 46 78 66 0 17 93 0 0 97 63 60 0 92 0 37 
70 28 0 42 40 30 0 0 0 0 0 0 23 37 66 0 0 17 0 0 0 0 62 0 59 0 0 55 0 7 0 43 0 75 71 0 51 94 65 0 0 85 0 34 35 84 0 0 20 0 0 31 86 0 0 88 6 0 69 8 0 0 15 0 0 0 0 0 57 97 0 21 0 0 0 0 56 59 88 0 38 54 0 0 0 0 0 47 0 0 21 0 20 0 7 95 0 0 0 16 
25 0 29 52 0 0 66 0 0 82 2 0 0 0 0 0 0 0 31 78 0 8 0 76 0 0 76 2 0 0 12 0 0 0 0 0 0 0 33 0 0 49 0 74 75 0 0 7 93 12 7 96 0 9 11 37 93 2 83 0 84 0 29 8 62 0 0 21 8 74 0 18 0 0 89 31 4 0 0 0 52 10 51 50 17 88 32 88 0 84 0 0 0 2 0 0 87 0 0 0 
0 0 0 0 80 79 0 71 5 21 21 19 0 8 32 51 0 0 59 0 0 0 0 0 76 50 0 0 0 0 0 0 17 0 0 0 0 0 12 0 0 0 0 42 0 55 0 0 48 18 59 0 0 28 65 0 0 0 0 0 0 0 0 29 75 0 0 67 0 0 13 0 15 0 0 0 17 52 13 73 34 83 69 0 25 0 0 12 41 18 9 7 0 0 0 0 32 85 0 30 
50 89 0 51 81 87 0 87 52 88 38 20 0 94 63 23 0 34 36 62 0 30 49 0 0 0 0 18 91 0 89 0 99 60 0 81 0 92 0 0 0 0 0 0 0 90 26 0 37 0 86 0 0 67 0 97 0 83 19 0 68 0 0 0 22 0 0 0 99 0 0 0 16 86 0 26 0 0 0 80 79 0 77 3 51 0 0 48 0 9 0 79 42 0 0 26 0 33 0 78 
33 0 5 0 0 43 0 0 18 97 0 57 0 0 0 0 78 17 8 0 20 12 83 0 96 0 0 89 0 39 0 0 0 0 47 34 0 0 62 95 49 3 0 49 76 57 0 0 0 88 0 84 0 0 0 0 0 0 0 0 97 0 0 0 0 11 0 72 50 85 65 8 0 0 83 0 0 55 0 28 0 47 0 79 0 0 39 13 90 0 38 0 8 0 0 54 23 75 0 0 
35 2 0 0 0 64 4 0 0 8 0 0 0 0 63 69 43 0 0 0 63 0 14 0 0 71 0 0 63 0 0 10 10 0 0 81 98 69 0 38 0 0 44 29 0 27 18 0 0 78 60 60 63 0 77 0 66 92 0 0 30 31 41 80 0 0 54 0 67 45 87 67 51 30 52 0 3 0 89 0 97 0 18 0 17 55 94 0 0 0 0 40 0 0 0 43 87 0 67 0 
0 0 73 98 0 0 0 92 0 2 48 59 28 74 0 37 0 0 78 0 42 60 35 0 0 0 25 0 0 0 3 93 0 85 0 46 0 32 0 26 0 41 93 72 79 0 31 0 0 95 0 0 23 0 1 0 0 61 17 40 31 54 75 55 44 0 0 88 0 0 0 8 0 49 7 0 0 0 29 12 41 90 0 0 0 39 90 0 37 79 97 0 41 53 0 0 0 0 86 0 
67 0 61 0 26 0 93 99 45 0 18 8 0 4 22 82 58 85 0 0 98 1 0 0 0 10 0 61 0 44 34 54 0 0 0 0 60 0 0 0 64 0 0 0 0 76 78 19 0 14 0 66 0 13 88 0 56 79 0 0 53 0 0 88 0 96 0 0 86 41 76 0 0 19 75 60 85 0 72 0 79 0 87 77 65 0 0 0 96 0 0 76 0 0 77 34 0 0 23 0 
63 0 43 0 0 0 0 8 67 63 0 0 74 0 0 0 97 63 35 0 0 0 89 60 0 0 97 0 25 0 0 0 33 9 23 0 0 0 5 0 24 0 35 0 0 68 0 0 57 0 9 0 0 45 0 0 0 39 0 0 0 0 15 0 0 0 6 0 0 10 3 0 95 0 26 72 19 78 0 0 0 27 0 0 0 0 71 60 81 0 0 0 61 0 0 22 0 0 0 12 
0 0 0 43 53 91 83 0 0 18 28 0 0 25 87 0 0 0 0 0 0 83 0 27 1 0 45 23 40 0 0 0 0 94 72 89 61 0 0 92 0 74 4 86 0 17 9 0 0 0 70 0 0 0 23 73 0 53 0 97 0 0 10 40 0 0 96 0 0 0 0 39 64 0 0 58 68 85 22 0 0 0 27 35 0 11 0 99 0 0 11 10 27 0 84 42 62 0 0 0 
0 0 0 11 0 0 0 41 2 23 0 0 14 72 64 50 27 8 50 97 0 26 43 42 0 32 0 0 74 37 51 17 5 0 53 38 62 20 0 0 62 5 0 0 63 21 0 0 0 53 85 5 0 10 24 14 27 23 0 57 38 60 0 32 0 0 43 0 0 84 0 53 68 0 20 19 0 0 78 0 12 40 0 0 0 0 10 0 0 65 69 0 23 0 0 0 0 0 61 35 
79 0 87 99 36 42 90 7 0 21 0 97 0 59 67 95 73 73 0 0 0 0 66 0 0 0 0 0 99 0 0 94 51 51 31 96 0 0 0 76 61 20 8 0 90 0 0 30 0 0 65 0 75 0 0 0 0 0 63 0 0 0 61 37 0 0 0 40 51 0 0 0 0 0 0 0 0 0 20 93 0 60 98 0 0 72 56 0 0 0 16 31 0 0 0 23 0 19 0 0 
0 85 0 36 32 0 26 0 78 0 68 0 59 0 0 0 31 0 21 28 0 17 0 0 0 0 24 99 0 41 78 41 34 0 0 0 0 0 0 46 67 0 0 0 0 0 0 9 0 0 23 27 53 0 49 24 0 0 0 21 63 77 0 0 2 0 25 11 0 0 0 68 0 8 0 0 76 48 10 0 75 0 44 0 0 0 30 46 0 0 44 0 0 87 0 86 0 0 0 8 
0 76 92 44 72 0 12 70 0 30 0 0 0 26 0 0 0 0 7 0 0 0 0 35 87 0 77 55 37 16 0 97 0 0 0 99 2 0 14 0 0 0 0 44 26 62 18 0 0 0 0 37 0 51 38 0 0 0 29 33 86 31 36 0 80 0 0 0 14 86 57 71 0 0 51 40 0 0 0 0 0 86 69 83 97 0 0 86 31 0 28 21 0 25 0 5 19 17 20 17 
0 19 85 76 17 0 53 21 29 27 54 0 3 13 0 0 0 0 74 96 71 97 93 0 0 0 56 0 0 44 0 0 0 0 0 80 0 0 0 31 0 0 0 16 0 20 46 18 40 46 66 45 25 61 0 98 0 0 0 29 47 0 3 22 0 0 0 0 0 54 0 83 63 0 0 0 90 0 6 42 43 60 0 0 86 72 0 0 0 0 28 0 0 0 30 58 0 0 37 31 
0 0 70 15 83 0 0 50 6 9 3 20 68 14 42 0 88 24 0 0 0 0 40 0 91 87 10 44 90 0 0 74 0 51 98 0 2 68 66 0 90 98 0 0 0 0 0 0 0 0 0 0 48 0 79 0 11 0 53 12 76 0 36 0 21 57 49 0 0 0 0 76 55 0 69 0 65 49 27 0 0 58 0 52 10 78 0 30 35 0 0 0 58 30 68 0 37 0 0 0 
35 25 0 41 51 80 69 0 75 75 86 0 0 0 0 0 33 0 75 23 0 0 0 61 95 67 0 0 63 26 0 0 0 33 0 0 97 88 49 0 47 0 8 0 0 41 0 0 21 0 0 0 0 0 0 51 0 57 0 72 0 0 0 83 35 0 32 0 0 0 30 23 0 4 0 0 0 91 50 99 0 0 0 4 65 45 14 0 28 0 19 0 96 10 41 25 0 0 64 23 
0 4 0 65 0 0 0 98 72 0 0 0 61 0 15 95 0 0 0 37 0 0 0 0 60 2 74 60 25 35 39 24 60 0 0 52 0 0 0 0 0 24 0 89 0 95 28 60 12 38 0 55 0 0 0 50 28 0 0 0 0 50 0 84 0 5 93 59 0 0 22 5 0 4 26 0 0 0 0 0 47 92 14 0 0 43 0 61 0 0 0 0 58 0 0 98 0 67 83 27 
40 0 16 0 0 14 0 49 0 0 10 0 0 19 0 0 0 0 18 0 0 15 0 86 96 58 18 61 0 0 0 52 0 0 0 0 92 24 47 0 0 31 0 0 4 0 0 0 27 96 82 0 29 19 36 0 4 75 77 0 0 59 0 78 76 0 0 0 60 0 0 0 0 21 0 0 0 83 0 11 85 64 60 53 0 54 15 0 63 0 19 0 63 0 64 25 0 0 0 75 
51 34 0 0 0 28 39 45 0 13 0 31 0 0 0 69 0 0 80 0 19 94 79 63 79 75 82 76 0 18 0 0 59 50 0 0 24 21 0 0 7 0 74 9 0 0 0 0 22 0 0 18 0 0 0 12 18 43 45 0 21 44 0 0 0 67 0 99 97 74 87 0 43 1 0 22 0 61 0 0 0 47 0 87 0 78 0 0 2 59 47 97 0 37 0 11 0 0 66 38 
28 8 70 66 91 76 0 0 0 3 0 50 30 0 0 0 82 0 2 0 45 88 0 6 0 16 0 85 43 0 0 18 17 5 0 0 0 72 0 0 71 0 97 0 54 71 0 0 82 0 83 88 0 57 0 0 0 31 0 61 0 0 0 0 91 0 0 0 76 9 0 54 0 22 0 71 99 0 0 44 0 0 53 28 97 38 0 53 0 54 79 73 65 67 0 0 0 0 42 22 
0 52 0 0 71 51 0 3 79 24 0 20 0 56 42 63 75 0 43 30 0 0 0 0 21 0 0 0 0 39 0 94 79 0 0 0 34 70 0 88 87 0 0 0 49 0 0 51 0 0 0 4 47 0 0 0 52 9 0 0 0 0 0 89 0 36 0 38 0 20 0 0 43 0 0 0 31 0 0 0 83 0 94 70 0 26 0 6 0 70 0 81 84 0 0 0 0 76 0 44 
0 0 0 0 0 0 0 1 27 0 79 20 7 50 0 0 69 0 42 59 0 72 0 41 61 3 18 38 41 0 72 7 0 49 71 0 94 0 51 0 0 2 30 0 80 0 95 97 26 26 0 6 0 42 0 0 0 67 94 0 82 0 0 0 20 0 68 0 14 0 26 0 0 0 71 60 56 0 0 37 0 0 0 0 37 89 0 0 55 0 6 96 71 0 76 84 41 0 81 48 
0 73 0 0 28 30 0 0 0 0 0 0 49 0 66 0 66 0 0 65 81 13 0 40 31 0 0 0 0 40 59 11 72 0 78 0 18 0 0 89 0 20 0 0 0 42 0 0 0 14 68 64 0 82 0 0 91 90 0 76 2 0 16 0 0 45 5 0 97 0 90 69 6 0 36 0 0 1 0 0 0 0 25 0 34 0 76 0 40 60 0 0 56 5 20 0 46 0 0 0 
0 0 0 0 0 0 0 0 90 0 0 1 40 0 0 0 0 4 0 0 0 15 2 98 0 82 0 15 46 58 29 7 27 26 0 31 6 88 98 0 0 67 0 0 39 0 94 0 72 15 0 52 78 0 0 0 14 0 0 44 9 0 0 0 65 0 29 0 37 98 20 47 63 0 0 0 0 85 54 91 0 99 0 0 0 0 25 0 0 0 0 0 0 90 0 0 0 0 0 0 
0 32 49 0 57 87 0 81 0 0 41 0 61 0 44 0 0 0 47 0 2 0 0 19 52 63 96 0 0 0 0 13 0 0 66 0 0 94 30 0 37 75 50 39 87 0 68 5 63 52 13 64 63 77 0 19 80 55 0 0 42 0 17 21 71 0 0 67 64 0 27 0 77 94 0 0 0 0 0 0 0 0 0 81 55 0 41 0 0 0 37 0 0 32 55 72 0 0 3 64 
46 50 4 0 0 0 43 11 8 0 64 0 63 8 52 0 57 0 28 0 45 6 26 0 7 89 0 0 34 26 92 0 77 0 0 0 0 58 61 0 61 0 0 0 0 21 0 97 11 50 0 0 0 0 0 59 0 94 0 0 8 0 3 28 0 0 0 79 0 48 0 0 0 70 30 31 0 26 0 10 61 24 75 0 0 0 0 0 94 39 88 0 57 0 18 0 0 0 0 0 
0 0 0 86 37 40 0 75 0 92 0 0 0 83 75 0 0 43 14 0 0 0 19 97 68 0 20 0 0 0 0 91 0 0 55 59 0 66 15 0 0 63 6 89 0 0 82 0 0 40 56 76 0 0 69 0 0 0 0 0 0 0 0 0 0 20 46 54 0 0 43 85 0 0 17 0 81 0 21 45 0 0 4 12 48 65 17 0 23 0 74 49 30 58 34 0 90 0 0 96 
0 0 0 0 56 0 47 94 0 36 0 0 0 5 0 0 47 2 0 22 54 0 52 83 0 0 13 0 15 0 0 68 92 8 0 0 0 0 0 25 22 76 0 0 33 0 34 27 47 49 24 50 81 9 27 84 58 59 73 13 73 84 0 13 0 89 0 0 0 99 82 93 98 0 96 0 0 64 0 0 63 75 0 0 17 64 0 0 0 0 0 97 0 44 0 82 50 29 47 0 
0 0 3 69 7 0 48 38 7 0 75 0 1 32 0 76 6 97 61 0 51 0 0 0 0 42 8 46 0 11 0 0 0 57 0 33 59 78 26 0 52 0 78 56 25 0 0 0 0 95 2 0 0 0 16 39 69 91 0 0 53 0 0 0 45 26 0 8 94 70 0 48 46 54 55 77 78 13 51 0 0 0 62 0 67 60 0 6 19 0 0 0 0 26 0 0 3 96 48 0 
3 9 48 36 0 13 56 0 0 0 0 11 0 0 0 0 38 0 8 78 89 34 62 96 0 18 77 58 0 0 0 47 0 83 11 0 18 0 0 0 0 0 0 66 0 46 63 60 0 39 47 97 37 6 62 8 0 0 7 0 0 51 0 58 0 62 0 20 75 0 0 0 0 0 0 66 0 61 0 0 0 86 0 36 19 0 0 0 92 99 0 0 0 18 72 0 0 23 0 0 
0 15 49 0 0 62 0 0 30 0 45 0 0 75 0 0 7 77 0 0 31 0 5 0 0 75 58 50 92 0 0 0 52 35 0 0 0 24 2 88 0 68 92 49 53 24 68 0 0 97 0 0 0 64 15 0 62 67 40 52 6 33 0 0 85 0 69 0 15 0 15 0 23 0 67 45 12 61 72 0 0 0 0 37 96 59 15 0 0 92 46 0 69 95 41 60 37 50 0 0 
0 4 6 4 66 43 0 22 21 32 75 62 72 0 0 0 66 24 83 65 89 85 5 0 0 68 0 0 76 81 0 0 0 69 0 5 22 94 92 71 0 0 0 0 0 83 0 0 81 98 55 77 0 51 0 0 0 0 96 74 0 37 71 0 0 59 0 83 0 0 0 58 15 74 99 0 0 0 0 3 0 0 0 0 69 85 0 0 47 74 6 0 0 15 0 28 0 95 86 77 
51 4 0 77 40 0 40 72 60 97 29 42 90 0 39 13 54 0 45 0 20 0 70 50 13 0 0 92 0 29 0 79 21 0 59 0 38 24 31 0 0 0 0 0 0 10 67 23 49 0 0 25 64 72 4 28 52 0 0 0 21 0 10 87 90 58 0 42 33 79 19 41 0 0 76 0 0 25 14 0 0 77 73 0 0 0 56 0 0 0 0 0 0 0 77 13 51 61 0 0 
46 0 76 0 0 0 98 40 75 0 96 53 0 40 0 93 0 65 55 61 0 0 25 0 0 0 0 0 0 2 98 0 0 0 39 0 50 0 50 0 70 0 26 0 0 29 0 87 53 12 0 84 0 29 59 23 0 0 91 0 0 99 91 59 23 97 46 0 68 0 57 66 22 13 0 0 0 19 0 67 24 91 0 0 75 0 0 0 18 67 0 0 83 0 0 65 41 76 0 0 
0 0 0 0 0 35 0 0 0 65 0 0 84 0 0 61 0 0 0 76 0 0 0 81 32 34 0 37 88 14 0 87 74 28 95 0 0 0 0 0 73 1 78 23 0 48 91 80 0 47 53 0 98 73 0 14 0 0 93 0 0 92 57 0 0 0 23 0 0 0 2 0 0 0 0 93 0 0 0 0 68 6 0 55 49 0 88 84 0 61 22 0 0 0 0 0 0 0 71 84 
0 0 93 53 35 24 0 0 0 0 0 85 0 0 47 0 55 56 14 2 0 51 0 78 0 0 0 89 26 42 0 0 5 0 0 0 62 0 30 0 0 47 15 0 0 0 0 0 0 0 0 43 46 97 60 95 29 0 36 26 68 0 0 71 0 0 98 22 32 0 94 46 98 0 54 0 63 70 43 83 39 36 0 0 39 84 44 0 0 0 42 0 62 0 0 91 0 52 8 95 
0 0 53 0 10 32 0 0 15 95 0 0 0 0 71 0 0 32 79 0 6 25 51 76 0 0 17 0 50 0 0 71 0 0 0 0 25 55 74 61 0 36 22 23 36 15 0 44 84 82 0 3 12 0 0 62 41 0 65 0 69 51 0 0 0 84 45 51 63 8 20 0 72 0 45 51 72 0 63 94 16 0 83 64 50 15 16 57 0 0 0 0 0 0 0 35 0 0 77 67 
75 0 44 11 20 93 0 22 49 0 93 21 8 0 44 6 34 0 2 55 0 0 0 24 0 22 0 18 55 28 41 0 0 23 0 51 0 91 0 0 11 0 35 86 0 7 0 4 0 0 58 0 0 0 0 78 0 37 0 59 73 67 58 11 67 0 0 0 69 72 0 18 28 0 0 69 0 0 75 0 0 33 0 85 64 0 83 33 0 0 86 84 0 93 66 0 0 0 0 0 
2 3 29 0 22 72 46 0 0 70 0 0 29 0 90 97 87 68 56 0 42 80 7 0 54 6 65 68 0 0 25 0 56 66 67 42 60 0 86 66 94 64 0 0 6 39 0 90 98 88 70 0 0 0 94 0 83 0 31 0 0 69 0 0 11 78 1 36 0 87 0 19 0 0 0 24 0 0 0 0 0 0 0 27 9 0 63 0 30 30 16 53 0 44 17 0 0 0 96 0 
