100
0 19 0 3 25 0 58 11 64 35 0 67 0 41 67 15 33 0 50 36 5 28 80 0 0 0 37 98 0 0 95 0 63 0 0 0 0 96 0 81 0 0 0 66 0 84 0 0 0 25 82 19 0 75 0 0 0 68 94 0 48 95 7 0 0 52 41 0 0 0 48 63 0 0 0 8 28 45 0 0 0 0 93 0 50 0 72 84 0 0 0 0 79 63 0 59 0 0 37 20 
0 0 54 0 0 79 59 18 31 0 0 0 63 0 0 0 0 30 4 42 0 0 0 68 0 0 0 0 36 0 83 58 40 0 0 0 76 0 0 0 84 0 49 0 0 61 0 0 0 52 46 82 0 0 0 27 0 0 0 0 10 8 0 56 60 0 0 0 81 59 0 33 55 10 0 0 0 0 0 0 0 38 68 46 91 16 58 0 73 48 41 0 54 0 89 0 11 61 84 0 
23 0 0 0 0 30 93 0 93 70 9 0 88 20 47 41 0 0 21 3 0 0 0 0 37 0 72 0 32 0 68 0 56 0 0 0 0 0 0 98 0 0 82 0 0 75 64 15 48 83 0 0 0 25 66 0 0 44 0 0 80 0 0 67 48 10 0 49 0 0 0 0 74 0 0 39 35 0 0 0 0 0 34 47 0 42 0 0 54 33 69 0 0 47 46 62 91 0 72 0 
0 19 76 0 0 12 0 40 16 0 97 0 29 78 0 93 87 0 59 68 54 80 0 0 76 99 0 96 0 0 73 0 46 64 4 0 0 0 0 0 0 0 39 78 99 20 81 14 64 5 99 92 0 44 26 55 33 46 66 68 0 63 51 0 55 0 12 0 0 0 0 0 0 0 0 0 0 0 92 29 0 88 31 0 19 0 26 0 0 41 0 0 0 0 37 98 88 0 71 21 
0 47 84 29 0 0 27 82 63 0 29 7 14 0 26 0 62 0 0 6 0 0 0 0 40 0 0 96 14 14 0 0 5 61 79 31 17 85 50 0 0 0 71 10 0 0 0 0 57 76 0 93 0 21 26 52 80 28 68 65 0 56 0 0 0 94 0 67 0 0 0 32 0 92 0 89 57 98 23 37 80 0 61 0 95 88 42 0 0 27 0 66 54 0 0 0 4 23 0 0 
7 0 0 0 15 0 0 0 23 0 23 18 0 0 54 0 21 0 21 62 0 12 0 26 70 0 79 12 85 0 0 32 0 0 30 0 92 0 0 68 0 0 84 0 48 5 70 0 64 51 0 71 87 16 36 13 0 81 0 0 99 61 0 53 0 0 0 53 34 0 0 87 0 71 0 0 0 77 24 0 10 61 0 0 0 0 2 30 0 0 0 0 52 70 0 0 36 54 39 29 
0 0 0 85 0 2 0 21 0 70 0 0 90 0 98 49 83 0 71 0 67 66 0 0 0 0 30 12 47 0 0 58 0 57 0 95 16 0 13 81 0 14 3 74 0 19 98 0 95 39 0 0 0 0 83 58 0 88 21 83 38 40 14 0 0 0 0 89 0 76 0 19 5 69 0 18 37 74 95 99 58 0 25 23 0 66 69 38 35 24 0 34 99 0 40 0 45 0 0 10 
0 0 54 0 0 25 0 0 41 83 0 66 74 79 24 54 21 0 0 13 0 0 73 0 47 0 0 0 47 51 94 19 44 0 0 0 0 13 81 75 0 78 70 0 0 0 97 0 42 0 37 0 72 8 0 66 88 0 0 1 27 4 39 0 31 0 30 0 0 0 0 0 0 63 0 0 0 0 68 0 0 0 15 0 68 0 0 13 0 4 0 0 40 0 0 36 85 45 4 67 
0 0 0 0 0 0 84 0 0 0 52 0 82 59 0 1 0 0 0 2 0 74 75 2 95 0 33 0 43 44 0 0 0 33 0 0 0 0 0 15 0 84 0 8 0 0 54 55 0 77 97 41 2 0 4 86 74 28 92 0 0 0 77 0 0 0 11 92 92 0 0 0 72 0 0 0 12 0 0 31 58 96 31 26 0 0 22 0 87 0 0 7 0 74 0 0 92 11 0 31 
0 40 0 96 63 39 0 0 94 0 0 0 0 63 0 0 0 69 22 26 0 40 85 97 99 99 0 0 71 41 47 61 0 63 0 36 7 78 0 16 0 0 0 61 13 0 0 0 98 37 69 0 94 46 40 0 87 0 0 0 0 8 4 72 0 85 0 0 82 0 29 0 0 82 0 0 86 0 86 0 49 0 46 26 92 0 35 0 0 0 0 0 0 0 34 0 0 0 99 0 
6 14 0 0 0 0 31 81 0 2 0 87 41 22 0 42 26 0 0 36 86 0 0 67 0 0 0 0 30 81 0 54 0 0 0 40 73 81 97 13 0 88 93 60 82 47 25 10 26 69 0 83 0 10 0 0 97 0 0 82 0 0 0 39 0 0 0 11 0 82 0 69 0 0 0 0 0 13 0 0 0 0 0 0 0 0 66 39 0 0 18 56 0 1 17 66 0 64 15 87 
0 66 89 88 0 0 9 0 77 84 0 0 0 0 45 65 91 0 91 5 70 0 64 89 0 0 12 97 86 83 0 0 76 0 0 0 96 98 35 53 0 0 38 36 45 88 85 15 0 96 0 99 76 51 0 99 0 0 24 66 0 0 3 89 13 0 71 37 85 0 0 81 0 69 0 11 11 0 74 59 55 94 99 0 20 96 60 0 8 76 89 0 0 10 0 32 94 79 51 0 
47 0 0 0 0 10 0 0 0 28 0 57 0 0 0 0 0 0 0 8 42 8 0 0 49 0 0 0 56 0 0 0 62 0 0 0 0 18 2 19 0 0 0 14 0 0 0 41 0 35 0 71 0 54 51 9 0 0 0 65 28 66 42 0 0 12 47 19 33 91 0 0 0 95 96 21 0 0 13 0 0 82 19 96 46 45 75 89 0 0 46 0 0 67 0 73 0 0 53 0 
0 90 0 0 68 13 53 0 0 0 0 76 68 0 46 74 0 42 57 93 32 0 56 45 58 0 51 55 34 0 0 84 0 0 53 0 41 0 0 0 0 0 98 78 0 80 17 0 0 0 54 38 58 42 0 45 0 0 0 0 19 47 0 63 0 95 0 0 53 0 31 57 5 69 0 0 0 5 0 19 73 0 25 84 31 0 16 0 0 0 0 0 0 60 0 78 0 88 0 4 
0 68 0 99 0 0 0 0 31 87 65 0 99 0 0 26 38 0 0 0 0 86 0 26 0 0 0 0 0 59 0 0 0 37 46 99 0 0 26 87 0 0 0 0 0 0 5 0 0 95 0 35 0 90 0 0 0 67 0 12 92 0 14 31 74 40 9 0 82 0 0 99 91 0 0 41 0 70 48 0 0 0 60 0 8 0 36 50 89 0 0 49 0 17 6 5 0 0 13 40 
0 75 0 0 77 51 0 0 0 56 0 0 83 0 0 0 40 0 95 0 99 18 14 0 28 0 99 0 60 26 0 38 79 0 5 85 9 38 0 10 11 84 84 43 41 0 0 78 0 33 70 0 0 83 48 0 57 0 25 67 0 0 0 0 0 26 0 0 75 95 0 0 0 36 0 0 0 59 0 0 0 51 75 6 2 0 19 39 7 34 0 0 0 0 88 0 5 87 0 0 
0 86 59 0 0 0 0 0 82 51 0 0 70 73 0 0 0 57 0 0 0 0 0 91 47 0 93 0 0 0 65 62 0 0 1 0 0 10 0 0 0 47 66 0 0 89 15 0 71 0 9 0 0 30 16 0 0 40 0 0 70 26 11 84 6 0 60 19 29 0 77 0 70 0 58 40 74 0 0 0 90 0 0 8 28 30 67 0 0 0 88 80 18 24 0 85 0 80 0 0 
43 0 9 48 18 57 94 47 42 0 94 56 73 0 14 15 0 0 0 95 38 0 62 0 0 38 12 12 0 62 0 0 0 23 0 0 0 73 22 0 38 93 0 0 93 4 29 0 0 71 71 0 53 0 0 0 0 68 0 0 13 16 0 0 0 0 90 0 0 0 0 31 0 22 58 0 0 0 44 0 20 0 69 0 0 0 78 50 0 14 22 67 85 61 0 82 0 0 31 0 
0 0 0 0 34 0 0 30 9 0 20 0 75 0 76 0 89 23 0 34 92 97 6 0 0 0 0 0 0 0 18 96 0 14 0 66 16 37 0 91 0 64 87 0 75 24 0 27 0 35 35 0 21 0 0 0 0 40 0 0 36 43 66 31 69 0 0 72 17 89 0 4 76 17 81 41 0 2 14 49 89 0 46 43 23 83 7 41 87 0 95 57 38 22 25 0 0 41 69 95 
0 0 0 0 0 0 86 0 0 0 0 0 0 0 81 41 14 0 0 0 0 0 54 45 14 44 1 56 19 0 95 0 15 12 0 0 0 0 0 0 40 0 0 0 0 47 45 16 0 0 49 5 67 0 61 0 0 15 58 0 0 85 0 42 6 0 3 0 0 56 24 0 17 0 23 65 0 0 7 29 0 38 82 0 80 87 0 37 0 45 0 29 13 39 47 55 0 62 52 0 
0 8 54 0 59 27 0 60 53 3 0 0 0 0 31 0 49 0 0 77 0 0 28 0 67 0 0 0 92 0 0 0 34 97 66 89 0 0 0 0 0 0 91 0 83 79 2 72 0 0 0 0 57 61 0 0 55 29 0 0 84 29 0 0 0 0 0 0 35 0 0 17 0 3 0 39 28 96 0 29 76 30 0 0 35 0 0 0 0 0 0 0 0 17 0 32 72 14 51 20 
0 1 13 0 90 0 0 36 0 0 9 86 0 92 0 0 11 58 0 74 45 0 1 0 67 79 99 56 0 0 0 0 20 0 70 16 57 1 26 32 0 0 11 94 0 82 0 87 0 0 0 16 0 0 14 0 0 0 0 16 54 0 81 32 0 94 0 0 0 0 11 0 0 0 17 0 0 0 89 56 0 0 95 19 0 0 0 0 59 47 0 0 62 0 24 52 0 0 82 0 
0 77 91 50 62 52 44 0 0 0 43 0 24 0 45 0 86 0 0 0 0 0 0 0 9 0 0 0 0 4 0 0 93 84 0 0 0 0 44 0 60 0 50 0 80 0 0 43 0 53 98 19 33 0 0 0 8 6 54 38 0 0 33 0 2 23 0 60 20 0 0 33 0 0 92 95 0 0 9 74 0 27 55 63 0 52 78 28 76 98 90 0 99 0 23 84 10 54 0 0 
96 0 42 85 2 0 63 55 0 0 0 0 24 0 0 55 0 83 96 0 5 51 44 0 0 85 13 2 0 0 0 0 0 26 18 34 59 7 0 0 78 86 80 95 0 0 0 28 0 67 78 0 45 0 0 0 0 47 0 71 0 0 0 47 0 0 0 0 0 0 0 0 83 96 61 0 67 0 0 0 0 0 0 63 0 46 0 0 0 0 0 46 0 58 62 2 0 97 0 36 
41 58 0 0 0 0 84 0 0 0 5 42 0 0 17 0 0 41 20 0 0 0 0 13 0 53 97 82 0 26 50 70 0 0 0 86 0 35 0 54 0 21 0 24 13 36 37 0 0 0 0 0 0 0 89 0 91 0 0 0 0 82 56 14 0 35 0 34 74 0 0 81 0 91 0 0 0 0 0 61 40 54 0 0 92 0 2 0 0 84 0 26 38 0 0 0 0 85 92 86 
92 65 70 0 75 82 77 6 66 0 85 5 48 72 46 1 36 0 95 0 52 0 63 0 0 0 0 0 0 0 0 0 0 6 79 8 34 95 0 82 17 4 0 0 0 35 55 0 0 81 0 55 3 74 0 0 77 4 78 58 0 34 1 0 7 49 79 73 67 0 84 48 66 12 55 34 0 0 16 0 0 16 4 74 51 28 66 0 0 0 0 86 72 0 0 0 0 21 0 32 
0 3 0 16 39 0 0 30 0 47 48 0 94 0 85 0 0 0 10 0 51 0 90 0 0 79 0 7 30 0 0 0 82 0 0 0 55 0 0 0 0 78 46 0 3 0 92 0 0 46 0 32 89 0 17 85 2 89 93 58 0 93 0 0 0 46 0 0 0 0 38 85 66 0 11 0 61 33 62 11 36 41 90 64 0 0 90 86 0 58 92 38 14 15 0 35 54 90 82 0 
0 25 35 0 0 0 0 22 10 11 35 0 31 0 15 46 68 0 83 0 63 0 58 0 0 75 0 0 22 30 0 55 60 92 44 6 0 38 0 0 6 0 0 36 63 3 83 0 0 0 0 0 0 22 0 46 52 91 16 0 0 57 0 45 0 0 0 0 63 0 0 43 0 0 0 0 0 93 0 0 81 87 80 0 0 0 0 0 0 65 0 0 13 0 0 0 0 44 0 0 
45 0 0 15 0 0 0 0 0 0 0 0 0 0 55 0 35 54 54 0 0 77 56 7 58 63 0 0 0 53 48 0 0 9 33 0 0 0 0 0 0 15 0 0 0 86 0 0 0 24 60 16 17 83 79 28 85 0 26 0 0 45 73 0 0 29 11 58 0 0 84 0 14 0 12 56 0 13 95 0 0 25 0 0 56 0 0 0 0 0 0 0 37 0 0 99 43 0 0 76 
6 89 22 15 0 16 91 0 0 0 0 0 91 41 0 0 39 0 18 91 73 58 0 60 0 51 57 0 0 0 61 0 71 45 0 0 0 21 41 0 48 14 37 26 0 6 92 0 14 46 0 52 17 18 0 81 55 0 20 60 72 0 0 0 28 0 28 0 78 14 0 25 25 66 0 0 0 0 0 0 12 54 69 0 0 6 33 0 0 0 79 10 9 0 19 81 0 0 27 0 
0 0 0 0 93 70 97 0 83 0 92 50 79 34 51 20 0 14 0 0 14 29 33 53 0 43 10 71 0 0 0 0 66 0 32 0 0 29 22 0 0 0 0 62 62 0 93 63 0 0 0 28 87 90 85 67 28 92 0 0 37 0 0 0 46 0 0 82 0 0 3 0 0 56 0 63 0 5 0 0 74 84 52 23 0 0 93 79 27 56 57 74 16 1 0 80 0 70 0 0 
77 0 44 8 57 0 0 0 21 0 0 9 51 0 66 0 0 33 0 23 95 81 20 27 0 51 59 0 51 79 21 0 22 0 6 0 0 30 0 17 60 75 0 71 61 0 16 0 30 0 52 0 0 47 0 0 0 22 34 0 0 39 0 91 0 52 9 86 27 85 77 0 35 42 33 23 75 0 53 0 0 0 0 5 26 0 4 0 27 22 0 0 58 24 0 0 0 7 45 72 
0 0 0 0 0 19 81 0 9 76 13 0 0 76 72 0 68 48 91 0 0 0 0 78 90 83 0 0 33 0 0 0 0 0 0 79 37 77 95 0 0 0 0 0 49 0 0 44 0 64 0 0 0 0 0 0 25 53 66 36 0 0 0 75 0 0 85 31 0 0 61 0 47 16 40 21 51 0 4 0 62 0 0 0 72 78 0 78 35 0 29 0 0 99 0 86 61 87 82 0 
28 11 86 0 0 80 0 92 0 0 65 1 54 43 0 43 57 0 0 0 0 6 0 0 95 0 68 0 0 0 95 81 66 0 49 0 0 88 25 0 0 2 0 46 75 65 22 0 61 98 0 44 0 28 22 69 73 0 45 54 67 0 0 7 77 30 79 0 0 42 0 83 74 0 0 0 0 0 3 91 70 0 22 16 30 0 18 0 0 0 97 36 91 1 82 0 0 0 45 68 
71 62 33 0 0 0 29 21 86 9 40 66 6 0 0 0 0 67 61 25 0 0 53 0 63 0 40 0 0 95 0 0 99 0 0 0 72 0 73 42 0 0 20 0 43 83 0 98 0 0 88 52 0 85 0 81 0 0 0 80 54 73 83 0 43 29 69 0 0 78 0 53 59 0 0 0 0 0 0 0 0 88 33 48 0 88 0 0 74 78 0 85 0 98 18 0 0 47 56 0 
62 54 14 74 0 15 0 68 22 0 0 63 47 66 0 0 17 80 0 82 0 0 14 0 0 0 16 0 89 6 59 21 0 38 12 0 0 6 0 92 55 0 0 0 0 88 0 0 9 93 0 38 0 46 0 0 0 24 0 83 19 0 88 32 0 14 0 38 28 65 0 79 31 0 0 0 0 72 0 0 0 63 83 62 80 79 51 41 0 73 0 0 0 0 8 32 92 0 0 5 
82 0 71 29 0 0 0 88 46 0 0 0 54 0 72 0 15 24 0 81 52 0 84 0 68 0 0 96 51 95 76 60 0 21 0 11 0 76 63 31 0 46 0 0 0 5 78 0 0 43 0 0 0 55 0 16 37 5 89 0 0 0 0 22 0 0 0 0 5 13 70 26 22 60 0 72 0 60 0 0 20 43 0 0 81 80 35 20 69 14 0 0 0 63 0 12 0 63 0 0 
0 96 91 29 0 88 69 0 98 0 0 0 0 63 43 0 0 0 0 40 95 0 25 0 0 0 64 0 98 0 0 0 0 0 13 0 0 0 0 17 0 0 19 0 0 0 71 85 3 0 0 45 0 37 46 0 0 0 58 77 22 0 93 80 82 0 96 0 0 41 33 27 33 69 77 92 0 86 0 0 0 25 72 0 57 0 49 0 0 0 69 0 74 9 85 0 63 40 92 32 
6 84 7 56 0 28 0 0 75 20 0 0 0 13 0 58 92 0 88 69 12 0 0 89 74 64 25 54 21 0 0 99 0 0 0 65 0 17 0 4 0 42 0 0 0 14 29 54 0 84 0 0 0 61 23 55 0 12 89 96 0 53 15 0 0 0 7 49 0 0 24 0 0 3 9 94 0 7 0 0 22 0 34 29 73 46 40 0 0 68 0 53 0 0 0 38 0 0 0 0 
0 92 0 97 51 0 0 0 0 0 0 0 0 7 0 0 40 1 0 40 54 0 6 33 0 0 13 79 9 86 50 0 57 49 0 0 0 0 0 0 78 85 0 18 12 44 0 30 0 0 0 84 61 60 0 78 0 0 0 0 0 14 94 0 51 55 0 0 0 39 0 0 0 0 0 42 63 10 0 6 0 0 58 14 0 0 0 0 0 0 0 82 91 11 82 31 51 0 35 0 
16 0 9 68 7 54 45 84 69 55 44 91 66 85 39 0 26 0 95 0 27 13 0 0 55 0 91 0 40 0 58 0 12 82 97 0 99 77 8 0 0 0 93 21 0 0 59 0 87 98 79 84 0 87 63 0 82 0 0 0 12 64 13 59 0 2 61 29 1 0 0 0 0 39 89 0 0 53 0 47 40 0 0 0 83 47 55 0 7 26 65 0 90 94 0 0 0 0 68 0 
21 63 16 56 47 70 0 0 0 81 0 93 33 84 63 0 0 0 0 63 62 70 12 0 0 0 0 33 0 0 33 0 57 0 71 52 0 72 0 0 67 0 0 0 71 56 45 43 0 0 0 46 18 0 0 68 0 0 74 22 66 39 70 0 0 0 62 51 0 0 18 0 24 0 0 0 50 1 0 47 24 14 0 87 0 0 0 83 0 73 80 0 1 92 0 8 25 0 0 0 
26 0 0 0 0 0 0 0 40 72 0 0 80 0 94 0 0 61 0 87 0 0 0 0 81 11 0 19 87 0 43 67 19 26 0 25 82 0 60 13 0 1 0 25 98 0 55 0 60 17 0 0 0 70 0 0 15 37 81 53 0 29 0 0 27 0 19 0 68 0 0 20 0 0 0 45 0 0 97 99 54 67 97 53 95 62 0 76 69 19 65 0 0 0 73 38 0 39 0 0 
0 42 95 0 0 35 0 67 0 0 0 0 0 0 55 0 37 38 49 61 52 0 52 0 0 31 79 0 13 0 0 0 20 0 1 55 49 14 37 0 0 24 0 0 88 85 0 43 0 66 0 0 0 75 0 0 0 73 0 47 0 37 38 0 0 95 49 15 82 66 0 64 0 10 4 0 0 51 37 70 74 14 65 9 0 0 47 0 17 0 22 83 52 0 0 73 12 30 93 0 
2 26 97 0 97 0 42 82 16 0 0 0 82 42 63 0 8 0 0 17 0 77 0 11 0 8 0 0 89 20 0 0 0 0 0 70 10 65 64 0 55 0 0 0 0 71 0 87 56 90 75 8 0 0 0 54 77 14 73 0 0 68 0 49 97 96 37 0 3 0 39 61 0 28 0 0 0 84 66 0 0 29 0 0 0 10 72 0 74 0 0 0 41 0 0 2 92 0 0 0 
0 0 0 0 94 0 0 91 46 1 0 0 71 0 3 50 0 0 0 0 0 0 37 25 0 0 88 0 0 0 12 36 3 0 0 0 0 53 0 0 53 0 12 0 0 0 42 0 32 0 90 0 0 0 58 0 0 0 58 91 0 14 71 6 0 40 0 0 0 76 0 0 0 30 0 54 42 0 0 0 0 0 0 0 94 0 41 33 0 0 0 0 33 0 0 0 21 41 88 18 
58 40 0 0 76 0 0 0 0 70 0 0 66 0 0 71 0 0 40 0 0 90 42 22 0 0 0 0 83 0 0 0 98 0 93 19 0 0 0 93 0 0 0 10 44 0 0 0 61 0 0 60 0 86 68 0 0 45 34 95 16 25 0 65 0 49 86 0 0 0 0 16 77 0 32 42 49 0 0 0 0 45 0 75 0 58 0 0 0 0 85 0 0 86 69 0 18 0 19 10 
85 85 0 0 92 91 49 6 0 75 0 0 0 22 37 0 84 19 0 0 0 0 0 0 71 21 79 33 90 35 0 92 0 13 0 43 55 0 0 0 52 0 36 0 0 93 3 0 0 52 0 0 0 0 0 0 0 0 0 15 0 10 90 2 27 0 30 57 0 82 2 0 54 63 0 0 34 0 0 55 0 0 0 95 67 0 78 67 0 0 24 68 0 32 1 0 31 99 22 50 
19 58 0 0 0 0 0 0 7 0 0 55 75 37 89 82 0 97 50 42 69 87 50 58 70 59 24 66 21 0 85 0 89 0 19 0 4 0 95 90 0 27 0 23 0 0 0 38 0 0 0 1 0 39 0 62 30 68 0 21 53 0 91 0 0 0 0 12 1 0 0 14 32 0 0 6 90 78 0 0 96 0 0 10 8 0 54 32 25 0 0 56 0 15 0 0 0 45 44 0 
0 0 0 0 0 0 0 96 0 0 0 0 0 41 0 0 86 0 0 89 96 76 0 0 76 0 0 16 0 0 30 67 0 0 66 0 0 70 0 30 0 6 0 0 0 82 85 0 74 0 75 64 0 50 0 0 0 0 28 10 0 0 79 20 0 54 0 0 0 0 51 51 0 0 85 39 47 0 0 0 0 0 0 74 0 20 22 40 0 10 0 0 42 57 40 25 41 54 12 0 
0 0 73 0 69 56 38 0 0 0 82 88 25 0 76 0 0 0 0 0 44 81 0 0 64 70 3 80 0 33 75 0 50 97 0 98 42 75 9 89 0 53 10 24 0 0 67 50 34 0 0 0 78 87 0 89 98 80 0 0 0 0 0 84 55 0 18 0 0 23 53 0 64 14 93 0 0 68 8 22 84 0 0 1 0 40 39 0 0 0 0 0 92 0 56 0 17 0 17 62 
0 0 6 0 0 0 54 55 0 82 0 0 0 0 0 59 53 90 25 0 58 0 0 28 89 0 0 71 0 0 0 28 90 0 0 0 9 0 76 0 0 0 45 41 0 45 0 58 0 0 87 0 9 44 93 37 52 0 0 0 6 89 26 0 72 49 11 0 96 89 0 28 94 93 33 0 0 82 85 0 90 0 20 21 0 68 20 0 0 0 0 0 0 60 35 0 0 23 0 9 
47 70 24 83 76 0 10 0 0 0 94 0 41 0 93 20 87 0 0 0 0 63 0 0 54 0 0 10 0 0 0 11 41 89 1 40 37 89 94 0 94 0 70 41 44 2 89 36 12 40 0 0 0 17 0 1 68 0 0 0 0 90 0 0 39 75 0 39 0 0 37 53 0 72 0 0 0 0 79 84 41 71 0 9 67 57 0 93 0 9 0 79 59 9 0 0 0 29 65 0 
0 62 0 0 0 0 16 0 45 0 0 0 0 0 0 0 0 87 12 42 0 1 5 29 97 0 67 0 0 0 0 0 78 0 0 0 0 0 0 0 0 5 0 0 41 10 0 7 0 0 0 0 0 0 0 6 0 0 16 0 16 6 0 0 0 26 0 44 71 5 0 0 52 11 0 0 0 85 19 79 0 0 0 56 95 0 0 0 0 0 93 52 0 81 0 60 0 0 33 0 
27 97 0 0 0 0 0 67 0 0 19 25 0 37 85 0 0 75 19 0 9 0 95 5 0 88 0 50 0 92 0 61 79 0 6 26 64 0 0 27 0 65 32 18 65 0 0 75 39 66 79 0 48 30 0 4 0 25 0 95 0 11 0 83 10 98 0 26 3 0 43 72 23 0 45 0 5 0 0 0 28 1 78 54 0 0 0 45 2 83 35 97 61 24 73 26 12 40 0 0 
70 0 66 0 0 0 0 0 0 74 17 0 0 0 56 72 21 21 87 22 99 47 3 47 56 21 0 0 0 0 0 16 72 0 0 44 0 96 0 0 98 0 82 57 0 85 8 59 0 9 0 0 0 0 0 0 0 92 0 0 7 0 0 0 0 93 13 0 0 0 39 48 0 0 0 0 0 0 90 0 0 99 0 67 82 53 0 0 0 60 49 12 0 36 89 17 97 0 0 0 
78 43 44 0 0 4 81 0 0 0 0 36 49 18 23 0 20 20 33 65 0 67 0 21 0 0 0 0 0 0 0 87 0 0 5 91 0 26 91 92 0 66 0 83 0 55 71 5 0 40 0 0 0 75 72 3 0 7 0 52 0 69 0 0 0 54 0 0 79 0 73 28 0 0 0 26 40 0 37 0 7 0 0 85 0 0 83 71 42 69 94 35 0 4 0 0 0 2 7 11 
0 6 0 0 0 0 0 41 0 36 42 70 68 68 0 52 0 0 0 0 0 63 0 0 52 0 0 0 42 82 0 0 0 2 26 0 0 84 0 56 30 8 0 0 0 44 0 21 0 64 0 6 7 82 0 0 0 0 0 58 65 58 0 91 73 0 1 51 39 0 42 0 9 0 63 84 0 0 23 29 0 0 0 65 36 62 35 66 39 70 0 0 78 41 0 0 0 0 45 0 
0 25 2 0 0 19 0 20 0 82 82 0 95 47 62 0 21 16 18 0 80 46 0 99 58 0 0 0 0 0 74 0 0 0 90 45 0 0 0 65 74 0 0 46 0 0 0 68 56 0 59 73 38 0 48 38 96 93 0 7 0 0 0 52 98 0 65 86 87 32 0 97 70 34 51 47 0 10 0 0 34 0 0 27 88 46 1 0 0 80 75 0 85 0 2 57 30 19 0 42 
59 97 26 0 0 17 0 0 2 76 0 0 0 50 0 0 18 20 26 91 78 0 0 0 36 0 0 28 23 0 26 72 0 0 0 0 95 0 0 84 90 0 0 0 81 0 0 0 0 0 83 91 8 71 0 16 0 0 0 0 74 0 0 71 0 25 0 0 0 0 51 31 84 0 0 0 57 0 0 63 85 0 11 0 0 0 39 0 0 29 0 0 37 0 10 0 6 99 0 85 
0 0 0 80 24 0 0 0 29 19 58 64 0 0 0 40 0 0 0 53 0 0 91 48 69 40 64 96 67 0 0 53 88 0 0 0 58 0 42 40 0 0 84 89 94 46 0 28 0 29 56 0 41 0 20 0 90 0 41 0 0 54 0 22 72 17 0 0 0 0 0 0 0 0 0 27 0 0 29 0 78 59 56 73 0 0 20 0 0 0 0 67 43 63 0 78 0 0 0 0 
0 0 6 0 0 0 0 0 69 0 72 9 0 0 39 10 0 0 0 0 0 18 60 55 0 0 0 0 0 92 80 0 44 73 0 78 93 31 0 0 0 0 0 0 0 0 0 0 12 11 10 0 0 0 0 76 0 0 95 49 0 0 60 48 34 0 31 0 0 0 0 34 0 83 0 34 75 32 0 0 15 33 0 0 0 41 73 0 0 2 0 52 61 98 73 36 0 4 0 0 
0 26 50 0 30 9 0 0 0 0 40 0 0 10 0 86 0 8 0 37 63 0 0 20 0 0 24 13 0 48 28 55 45 1 0 0 42 0 0 0 0 0 21 0 5 0 25 0 0 0 72 0 97 42 8 61 92 15 63 38 66 0 0 66 53 0 0 96 45 64 0 0 0 35 0 0 25 53 22 50 77 0 29 0 0 16 0 88 0 0 0 18 0 99 0 59 0 0 0 0 
66 0 0 85 23 0 12 89 60 0 0 0 99 0 0 46 0 79 0 0 85 0 99 0 0 26 13 0 10 44 67 0 0 0 99 0 0 0 19 63 0 95 44 76 0 0 0 0 43 0 0 45 92 97 0 13 62 0 0 0 0 0 0 0 0 0 94 28 0 0 6 88 0 0 45 81 41 0 79 29 0 83 0 0 0 11 0 90 0 0 0 66 67 0 6 85 0 0 18 91 
19 0 0 0 65 83 11 0 4 52 99 0 16 96 0 20 0 35 0 0 92 4 0 41 2 0 74 4 27 0 0 70 30 0 0 84 86 0 83 0 32 24 0 94 0 11 8 0 18 86 0 0 0 34 0 80 98 0 0 43 0 0 0 22 0 79 7 71 0 18 0 0 0 0 0 65 0 0 0 0 59 53 60 27 50 96 0 99 0 75 0 46 14 66 60 73 0 0 0 0 
0 74 0 39 0 31 45 8 68 0 14 42 0 0 0 0 13 13 94 69 8 0 0 52 0 0 0 13 0 93 31 0 7 0 0 0 97 99 27 0 0 51 40 0 0 0 0 89 59 0 35 0 0 0 0 0 0 52 8 0 0 53 62 63 0 0 0 92 94 8 56 0 0 7 42 81 0 0 6 0 0 0 0 0 29 0 24 90 69 0 0 99 18 0 0 0 96 0 0 82 
0 62 22 0 98 71 94 0 0 58 35 0 0 81 0 65 0 0 74 0 62 51 87 60 19 0 29 60 0 0 11 0 0 0 0 20 79 0 0 38 0 0 0 0 0 52 0 0 36 37 0 0 19 48 52 0 72 0 0 55 44 0 21 0 0 13 0 65 21 29 0 0 68 0 0 0 91 16 57 0 63 88 0 0 38 0 0 0 0 42 0 17 0 0 83 55 0 8 0 0 
70 4 0 71 0 0 0 84 0 53 0 0 0 10 16 74 0 4 0 67 67 39 0 98 0 0 25 56 0 61 0 0 0 68 87 0 49 22 0 20 0 0 18 0 25 39 21 0 0 31 65 85 0 0 0 68 35 0 0 97 70 76 0 0 0 0 0 0 0 65 82 15 33 73 54 10 97 45 0 71 0 1 0 44 77 0 0 98 0 42 0 0 49 0 0 41 87 0 0 73 
55 0 73 51 95 0 27 28 0 0 2 0 0 0 0 0 0 74 0 7 0 46 0 29 0 0 11 0 87 0 81 0 69 11 1 0 0 93 99 51 0 42 0 0 0 61 75 1 0 83 54 0 45 0 0 17 0 0 0 24 69 87 0 20 86 0 0 50 0 57 0 0 50 77 86 62 46 62 0 48 78 0 0 0 0 0 76 0 52 60 0 0 0 0 0 0 16 0 8 0 
25 0 50 64 53 26 0 33 46 87 0 5 0 45 33 0 77 58 0 0 45 29 61 47 45 38 82 40 36 0 3 0 60 0 0 0 0 0 2 0 33 1 4 0 64 0 5 0 52 72 0 0 5 0 7 73 79 20 0 96 68 65 0 46 0 0 0 0 0 0 61 0 0 0 0 70 0 0 7 0 0 70 0 0 26 0 95 14 0 0 5 96 8 0 74 0 82 0 50 3 
0 48 98 95 57 25 19 96 67 0 39 72 47 0 71 35 0 59 7 0 44 0 39 84 16 0 0 81 0 23 0 0 0 2 30 96 0 0 0 98 97 0 52 2 0 62 55 0 12 0 0 68 0 45 0 0 0 0 25 0 47 81 29 0 83 0 17 0 51 0 0 40 62 33 74 32 99 0 97 0 4 0 22 0 0 0 22 49 0 0 0 27 71 0 59 0 0 63 81 0 
0 0 78 65 0 0 0 38 66 9 0 0 16 0 0 48 48 0 0 46 0 3 0 52 0 0 0 0 6 0 72 15 1 0 0 0 0 0 21 97 7 57 0 0 0 61 0 71 0 0 53 0 0 70 0 0 0 94 0 0 4 0 46 0 98 55 36 0 20 87 0 0 42 0 0 0 0 25 0 80 23 0 0 0 9 0 0 0 0 0 74 0 0 37 97 0 0 6 0 0 
33 0 0 32 64 44 0 3 0 79 50 22 53 0 0 68 0 53 0 0 32 84 47 0 23 0 0 96 0 0 68 0 0 0 0 0 0 0 52 51 44 0 52 95 82 17 0 0 0 88 0 0 6 0 0 54 52 0 0 0 1 84 41 34 15 15 0 0 0 24 0 0 0 60 25 19 0 0 0 98 46 0 0 0 0 89 39 0 87 0 0 17 19 39 48 0 0 0 78 0 
58 0 34 46 0 0 0 0 94 0 67 0 0 0 10 0 69 0 0 7 0 83 43 0 0 0 16 12 90 0 0 0 0 84 62 89 0 0 0 41 0 43 18 0 0 0 29 0 86 88 0 0 0 0 83 24 73 97 0 11 57 0 0 56 7 0 95 0 0 73 0 64 0 0 0 94 0 8 2 5 0 47 0 85 25 0 0 66 0 48 17 74 46 0 82 0 0 0 0 56 
59 5 30 55 57 60 4 4 11 63 10 38 0 11 10 66 0 0 0 0 28 0 0 0 88 0 0 62 0 51 16 0 0 18 5 74 7 0 0 3 0 12 20 0 28 99 0 11 97 0 0 0 42 18 0 99 58 0 0 66 59 81 25 0 15 0 36 0 0 14 0 2 0 35 0 0 14 0 0 0 0 17 55 0 63 0 0 0 90 0 74 0 24 0 0 71 31 50 0 0 
0 1 0 62 0 97 0 66 8 76 74 0 0 93 0 26 0 33 0 0 0 81 0 70 4 0 79 71 0 51 0 0 0 28 23 92 0 0 0 0 59 53 0 15 43 0 0 69 0 0 77 12 45 95 93 35 0 0 0 85 0 0 9 0 0 0 8 0 0 0 0 8 0 0 76 0 0 0 0 0 17 0 21 10 0 50 0 10 45 0 0 71 38 0 71 46 0 0 86 0 
0 93 0 13 0 38 0 79 0 0 95 0 8 36 91 23 0 73 80 10 0 3 52 0 32 78 0 40 93 38 85 0 0 58 57 32 91 4 69 0 62 0 35 76 42 0 0 0 0 0 32 90 5 57 0 73 0 17 57 0 29 0 0 0 96 25 0 0 0 45 0 64 23 66 0 86 0 52 41 0 0 0 0 16 0 6 0 78 32 0 0 0 45 0 0 57 74 0 0 43 
0 25 91 75 0 0 0 79 22 62 0 71 81 0 0 0 16 65 0 84 0 13 35 70 57 24 0 0 0 84 0 77 82 40 89 0 0 0 0 0 0 0 7 0 0 62 14 82 0 36 0 0 27 0 38 77 15 58 0 87 11 0 0 82 30 61 0 0 0 51 16 0 18 0 44 35 0 0 20 96 0 40 93 0 0 0 0 0 0 0 0 0 0 0 0 84 7 0 75 0 
54 85 32 0 0 0 0 0 56 0 68 0 0 30 0 15 15 0 0 0 65 0 0 45 48 0 0 24 0 97 74 0 0 0 8 2 16 4 70 93 78 94 0 0 0 10 89 94 39 52 0 0 0 0 37 0 0 0 9 70 0 29 0 0 12 0 0 52 5 0 0 57 87 0 36 97 0 0 0 0 0 0 18 20 37 9 0 28 98 0 0 25 70 0 82 0 0 60 0 0 
70 74 69 0 0 91 0 40 0 39 26 0 43 0 48 19 25 33 0 0 0 0 0 80 0 22 0 61 17 16 67 95 42 0 87 80 29 13 22 0 0 0 0 0 79 56 33 0 45 43 0 91 0 0 4 18 86 0 49 0 61 48 0 0 61 80 43 0 0 97 51 0 0 0 35 92 23 0 20 0 0 0 0 0 54 0 0 66 0 48 79 0 0 92 0 0 23 0 39 19 
91 72 3 41 0 0 0 44 0 0 78 0 5 0 36 31 0 0 0 45 0 23 35 26 0 40 0 0 80 0 0 32 0 0 94 54 0 22 0 85 0 0 0 0 2 77 84 8 0 11 0 0 0 79 0 61 0 76 0 0 0 0 0 27 0 74 0 38 0 26 0 0 0 16 7 0 88 84 81 58 0 41 90 72 80 71 0 31 0 63 15 28 0 35 0 81 0 0 13 70 
14 0 56 0 56 0 29 61 0 22 14 0 0 34 8 0 29 18 58 0 0 55 0 72 0 0 0 0 0 0 0 25 76 29 0 0 0 0 81 92 78 0 0 0 0 82 0 42 11 63 33 92 0 86 0 0 91 93 2 76 0 0 71 0 0 54 0 0 78 0 75 80 80 0 0 71 15 0 16 58 0 0 0 0 0 0 53 83 50 0 0 0 0 52 0 0 2 30 82 0 
0 0 0 0 0 78 0 0 0 0 80 0 0 0 0 0 20 0 0 0 82 0 0 63 97 0 0 0 13 0 0 7 14 0 0 0 94 0 0 0 61 62 0 0 74 17 56 31 98 15 70 0 8 40 0 8 89 55 14 0 0 35 0 75 0 27 83 25 66 37 0 20 50 90 0 0 28 0 0 84 0 42 0 64 54 0 0 15 0 0 0 0 68 0 0 75 0 70 39 28 
15 0 0 10 74 58 0 35 0 0 23 60 0 0 35 0 0 42 0 77 95 0 0 0 20 0 0 36 98 31 0 0 74 0 0 0 27 15 0 0 79 0 0 0 7 63 0 0 0 0 0 0 0 0 0 0 0 0 0 75 0 27 55 30 0 35 94 0 79 68 86 76 77 0 89 0 0 55 0 51 0 9 0 0 0 12 0 54 23 0 70 0 0 0 51 91 0 35 12 0 
0 0 90 0 0 21 53 0 96 0 69 0 0 0 0 0 0 28 0 0 0 1 20 40 0 0 23 75 0 50 86 0 0 0 24 0 0 0 0 41 0 28 0 86 28 0 8 0 0 46 8 89 0 0 51 0 54 0 0 46 11 40 92 47 0 0 0 0 68 0 72 0 94 0 0 66 63 34 0 0 0 32 0 65 0 0 0 81 15 0 0 0 54 85 0 0 94 0 0 0 
25 0 0 88 0 43 0 2 50 53 32 0 0 89 23 73 0 40 0 0 50 65 0 0 87 0 5 70 74 0 79 95 0 14 0 0 0 98 0 94 0 48 0 13 0 23 0 93 76 0 0 0 0 4 34 0 63 0 0 14 84 0 0 0 0 57 29 45 3 71 47 12 0 73 62 0 0 44 0 72 0 82 18 0 39 0 0 0 65 0 0 0 0 0 0 0 0 25 0 40 
0 0 88 0 0 0 0 89 0 0 0 0 0 0 0 0 0 0 0 28 58 22 0 47 0 0 0 3 45 0 0 0 14 0 72 0 0 0 0 71 0 73 69 0 0 0 39 0 0 0 0 0 52 51 88 69 0 0 0 0 0 0 37 28 5 0 80 76 0 0 0 15 0 65 38 85 71 28 5 4 89 0 90 90 92 99 0 64 0 92 0 0 0 0 14 0 0 0 0 0 
0 59 62 32 46 0 0 0 90 86 0 85 0 65 0 0 38 0 0 0 16 62 0 90 27 4 0 57 57 24 0 98 0 59 45 0 0 25 12 42 65 0 0 9 40 0 90 0 0 0 96 15 0 45 0 67 0 0 43 9 23 85 0 0 0 0 14 0 54 0 0 33 39 0 73 0 0 21 0 0 0 0 0 0 0 31 0 0 0 91 0 90 70 0 99 16 85 0 42 3 
32 0 0 20 25 43 0 16 0 19 64 0 82 37 0 0 12 8 0 15 93 0 0 18 15 82 11 50 98 53 0 0 0 75 0 27 0 1 84 34 0 60 0 0 0 44 31 77 0 38 36 13 54 97 0 67 0 0 55 32 20 87 59 28 65 0 96 86 0 13 64 74 0 28 0 0 0 95 0 70 65 0 87 0 0 0 5 15 0 91 0 63 0 0 0 81 0 0 0 70 
52 0 0 0 0 78 0 0 66 30 94 0 98 76 39 0 26 0 66 0 69 0 0 37 0 44 0 0 13 63 0 0 80 40 0 0 0 55 0 13 0 0 0 50 9 98 80 64 61 0 29 64 0 79 0 0 0 0 0 0 10 0 54 56 0 5 0 0 0 59 72 39 63 0 66 29 91 81 1 0 0 22 28 64 57 38 0 0 0 0 0 81 62 65 52 0 18 58 0 35 
6 0 0 98 20 22 33 66 33 36 0 0 0 64 92 69 0 0 0 15 17 35 0 8 83 47 0 32 57 0 0 21 0 0 58 26 99 0 4 61 0 0 0 0 87 16 0 0 48 89 73 42 8 0 0 0 0 16 0 26 74 28 39 44 4 21 6 7 96 0 44 0 33 0 0 83 86 65 24 0 0 21 63 0 8 15 27 80 28 71 0 0 0 0 15 93 88 0 18 17 
17 85 64 70 0 34 0 21 0 1 0 3 66 94 0 15 0 0 0 0 95 13 81 0 0 0 0 72 1 0 0 46 66 0 0 4 18 61 0 0 15 83 71 0 83 73 40 0 0 85 19 38 0 0 0 0 0 28 58 9 0 0 0 0 0 0 0 59 54 0 0 54 0 0 87 0 94 83 0 91 0 26 80 8 26 61 32 0 0 0 7 0 0 14 0 0 0 56 0 52 
0 0 47 46 0 0 0 0 19 54 18 43 17 72 26 5 0 0 0 0 25 0 0 43 0 0 0 0 0 0 0 0 46 0 59 48 76 0 75 0 0 0 62 0 0 0 14 68 22 0 0 29 0 97 0 74 51 0 0 0 0 0 97 0 0 0 87 0 68 0 0 88 0 0 0 0 0 72 0 19 92 40 0 26 0 31 97 0 67 0 28 75 0 50 0 0 33 44 0 45 
0 55 0 64 26 0 5 53 0 98 0 0 0 0 0 91 0 0 0 0 0 88 68 0 47 77 0 62 46 55 0 0 0 0 0 97 0 0 15 0 0 0 87 83 92 60 0 0 0 0 25 0 0 0 0 0 0 0 98 20 0 0 0 85 0 64 39 33 77 91 12 0 0 95 34 99 90 29 87 0 0 0 16 97 0 42 56 29 10 0 37 0 0 0 76 44 21 54 36 0 
96 0 0 0 18 60 0 33 95 0 0 27 37 98 0 0 53 80 0 0 45 0 0 0 89 49 52 71 74 0 78 70 22 0 0 0 64 0 11 0 82 72 0 57 91 81 0 0 57 0 0 0 45 20 0 0 21 4 0 0 32 0 61 0 0 99 0 67 37 0 0 0 0 0 19 0 45 27 0 49 16 89 83 0 63 74 0 0 10 0 0 79 68 0 0 96 0 0 49 24 
0 52 0 0 66 88 56 0 55 10 0 0 0 0 0 78 0 0 80 0 0 0 0 0 76 90 0 46 0 0 0 54 0 56 11 0 0 22 0 0 23 0 0 0 0 27 80 92 37 0 76 37 79 0 0 0 47 88 0 57 0 0 0 0 0 19 0 0 15 98 77 68 72 94 0 0 0 0 56 95 0 51 0 0 67 12 60 0 0 60 0 78 24 0 0 0 25 0 6 3 
44 0 0 0 0 0 0 0 0 7 50 0 61 89 92 0 66 86 8 86 0 42 0 78 26 66 0 32 0 51 1 84 0 37 97 0 21 0 91 0 38 0 99 0 0 0 0 0 72 0 0 36 32 73 0 0 14 22 0 0 85 59 22 56 25 0 73 0 0 0 71 94 51 20 0 85 0 0 12 0 72 0 79 36 0 65 74 0 95 0 0 1 0 0 41 0 0 19 92 0 
47 0 57 68 0 0 89 0 0 96 0 0 23 0 52 0 0 40 0 0 0 43 0 0 0 0 0 0 91 29 0 0 0 36 0 63 0 0 17 43 51 58 0 0 47 0 30 0 0 0 15 0 0 68 0 54 0 95 0 0 25 0 65 40 87 69 0 74 24 73 0 0 75 15 0 59 10 4 0 98 54 0 0 0 87 0 12 86 94 0 42 0 0 0 30 39 0 0 84 39 
0 0 0 0 10 0 85 0 94 0 0 0 0 97 0 45 61 0 0 0 0 0 54 26 0 68 0 73 76 0 13 0 0 0 0 87 43 0 12 0 0 55 8 0 14 0 0 0 0 0 0 48 0 0 15 46 0 0 29 21 54 15 57 0 22 43 87 59 0 0 0 3 0 1 52 0 67 0 14 0 0 0 0 0 92 13 97 0 80 4 0 49 5 0 0 0 0 0 0 3 
0 2 12 0 54 0 0 0 0 27 0 94 31 0 0 56 7 81 0 78 0 87 82 0 0 0 83 33 0 89 88 0 90 0 83 0 51 0 97 61 42 41 37 19 81 0 0 0 60 98 0 0 60 73 95 16 0 41 0 0 76 78 49 0 16 0 84 0 30 0 74 51 95 0 9 63 0 2 98 0 0 18 0 5 58 0 64 0 0 0 0 0 0 87 0 0 46 0 0 0 
