100
0 41 98 48 28 0 55 94 0 26 62 0 95 37 36 0 20 0 89 85 0 95 62 32 0 52 0 0 0 99 32 11 0 0 76 77 0 37 44 17 0 32 65 0 0 11 0 0 0 0 0 68 41 72 0 88 72 93 0 0 66 55 63 0 86 0 0 0 0 0 16 50 26 68 53 0 99 0 0 9 19 5 0 0 0 0 0 64 0 9 0 0 97 99 9 52 0 46 32 0 
0 0 0 28 75 7 0 0 96 0 2 0 18 0 0 0 17 0 17 0 0 82 0 55 0 0 0 0 17 0 29 99 64 0 78 0 0 10 0 78 0 0 0 0 78 0 67 0 0 0 85 18 0 14 0 0 24 0 0 62 0 34 9 4 0 69 65 0 0 0 0 33 94 0 20 0 0 0 15 86 94 0 0 95 0 36 44 13 21 67 0 82 0 0 0 74 0 0 18 72 
0 71 0 17 7 74 0 0 0 37 0 67 53 0 0 3 66 0 0 2 38 0 0 0 0 0 18 0 65 21 81 57 1 0 32 26 0 49 99 40 53 0 38 50 84 62 0 0 0 0 72 80 0 0 0 58 91 0 45 2 0 0 24 96 0 3 0 0 30 0 0 0 0 83 0 41 0 0 0 18 58 10 0 91 0 0 98 48 31 0 93 0 0 0 0 60 0 0 5 69 
0 0 0 0 45 0 0 34 0 0 0 97 48 0 0 0 0 20 0 49 0 66 91 20 47 28 0 0 0 0 0 0 31 0 0 87 24 88 0 32 85 50 0 0 0 33 0 72 0 0 54 0 0 73 0 97 0 0 22 0 0 17 22 36 0 61 50 0 0 81 11 0 8 19 57 0 32 0 71 0 49 0 0 0 0 7 0 59 0 81 0 66 0 0 0 0 4 0 36 82 
0 0 0 0 0 76 53 91 20 85 9 0 0 0 95 0 95 46 0 0 64 67 56 0 0 34 0 18 91 0 89 0 41 91 36 0 62 59 0 28 0 0 61 23 0 85 0 0 51 4 0 24 0 54 0 0 0 0 12 0 0 4 0 0 0 0 51 76 86 73 1 0 96 0 0 0 0 87 87 8 63 0 94 0 21 60 64 4 77 0 6 0 92 20 42 29 0 0 35 23 
28 0 0 67 0 0 48 98 64 0 0 80 88 98 0 58 93 35 0 0 0 0 0 0 0 43 97 0 0 0 19 2 0 0 53 97 22 0 0 0 90 0 2 0 95 0 41 60 4 10 93 0 0 22 0 66 0 40 0 0 0 0 30 21 40 0 94 0 0 0 10 37 53 0 0 0 0 0 0 0 0 18 0 87 0 0 45 76 26 86 0 0 56 0 0 0 0 22 84 35 
0 73 31 85 0 0 0 0 80 0 0 0 18 0 33 0 0 0 0 0 0 0 99 69 80 75 65 7 0 3 0 0 6 0 0 42 60 89 7 0 13 0 25 71 69 87 30 0 55 0 0 0 94 4 0 13 0 12 0 87 0 4 87 69 52 77 0 85 0 42 60 48 36 18 0 83 26 0 29 0 33 47 7 57 0 0 11 21 65 48 0 71 0 31 86 89 0 53 12 0 
0 53 16 0 0 0 46 0 82 62 3 0 73 9 0 68 0 86 0 0 0 38 30 6 93 35 22 0 7 0 0 67 0 75 75 95 0 46 0 41 56 0 0 0 13 4 0 6 0 0 0 0 0 78 99 0 46 81 0 95 21 48 0 36 19 23 84 0 37 0 79 0 0 22 6 2 25 78 0 3 0 0 0 42 99 17 54 19 73 54 13 23 96 0 0 0 0 0 0 77 
16 0 3 28 0 0 0 0 0 0 0 93 27 17 76 0 12 0 0 40 0 85 49 0 0 0 6 97 0 27 65 81 38 0 71 0 0 0 0 91 33 0 0 56 0 0 45 53 0 0 0 0 50 0 32 0 0 53 0 9 34 4 0 0 58 0 0 0 59 0 0 19 0 0 6 80 0 45 61 0 0 0 34 0 0 15 30 2 0 89 34 0 0 22 0 0 0 0 0 0 
0 45 0 88 0 69 50 0 69 0 0 80 0 1 0 0 0 0 17 53 59 0 0 0 0 27 0 0 20 77 88 35 0 0 0 0 0 0 74 0 73 0 15 0 70 0 33 67 17 0 0 32 63 0 50 73 69 62 97 0 0 93 0 49 11 63 49 0 0 0 0 21 0 44 79 66 73 74 0 0 76 0 0 31 0 39 42 97 0 75 0 12 0 26 0 0 37 52 67 85 
0 0 62 94 0 7 45 0 44 43 0 35 30 17 0 0 0 24 0 0 0 0 7 0 0 45 41 0 0 0 65 84 17 56 0 0 83 81 0 6 80 80 0 66 13 98 0 0 4 0 0 13 49 78 0 89 90 75 0 12 56 0 0 36 42 0 0 0 0 3 0 13 0 40 25 0 14 63 60 0 21 0 74 0 0 54 0 88 0 0 0 73 83 0 74 91 0 62 0 0 
63 89 0 0 99 0 88 19 0 0 0 0 0 0 87 0 46 0 0 0 48 0 0 0 0 70 0 44 0 86 0 40 0 87 60 50 43 0 0 0 1 30 21 53 0 0 0 35 0 93 0 0 0 0 0 2 0 14 0 17 42 0 0 0 0 0 0 0 46 0 0 0 24 0 37 71 0 1 0 94 77 0 0 76 16 0 18 0 94 9 8 62 99 20 0 0 73 0 64 0 
0 0 0 0 12 0 0 0 0 59 0 19 0 4 58 0 12 0 63 45 0 85 0 0 1 0 0 0 0 90 21 87 21 0 0 0 0 49 0 80 19 95 20 0 0 0 95 0 51 58 99 39 30 0 61 58 0 0 0 30 0 0 0 0 66 0 86 0 1 67 28 80 78 47 69 0 27 97 0 0 94 50 0 29 23 91 0 0 31 51 4 0 47 1 24 0 0 0 0 0 
0 13 95 34 82 0 34 0 0 0 0 90 0 0 0 0 11 0 0 0 24 83 0 63 0 28 0 0 98 0 0 0 21 0 30 1 3 74 93 0 0 0 0 0 0 0 0 0 0 78 13 0 0 0 81 0 84 0 63 0 0 0 36 0 0 0 0 89 0 0 7 0 73 66 0 0 0 0 49 55 0 77 0 0 81 66 0 0 85 62 75 35 67 1 0 0 0 0 17 69 
0 61 72 5 0 37 0 78 0 61 16 0 0 86 0 0 64 0 1 56 34 0 0 89 47 6 0 56 0 0 0 0 17 0 15 0 0 0 0 82 97 22 0 0 0 52 0 0 25 0 32 27 0 0 0 0 47 0 0 80 46 72 0 0 0 0 0 98 0 0 36 0 0 75 0 92 93 0 0 50 88 0 97 55 0 9 85 93 0 0 83 25 0 76 0 80 48 6 0 53 
49 43 0 18 27 0 56 0 43 1 15 3 43 97 18 0 0 43 0 59 0 71 0 0 40 33 75 30 0 0 46 83 0 23 48 27 62 32 0 81 0 0 54 29 85 0 45 0 55 7 64 0 0 0 52 11 0 0 0 0 64 39 12 0 0 25 70 0 5 0 22 0 47 71 63 0 76 0 0 76 91 0 6 0 0 38 49 0 0 58 61 49 92 0 0 52 90 0 2 0 
0 0 0 46 0 0 46 66 0 81 64 0 0 0 0 80 0 0 55 67 43 0 18 12 0 43 85 0 0 0 43 0 94 87 7 0 22 16 15 12 59 0 0 82 44 0 45 0 0 1 0 92 70 0 10 46 0 0 30 0 0 0 13 23 0 0 0 0 0 78 61 0 0 0 0 0 0 49 49 43 0 65 0 91 3 0 0 13 53 0 42 29 0 59 0 88 0 0 0 91 
12 88 84 0 0 0 94 0 19 44 0 88 68 50 97 0 30 0 0 46 47 0 63 0 94 0 0 0 0 0 97 0 0 0 86 0 0 0 36 38 33 42 0 74 0 0 0 25 41 43 0 95 0 3 0 0 0 0 0 6 33 0 0 0 0 83 24 0 37 27 38 40 0 67 0 33 93 65 0 74 7 0 0 0 82 16 0 0 0 0 0 32 0 9 0 0 10 78 31 0 
0 0 90 43 79 65 58 44 33 0 84 48 0 60 0 67 0 65 0 6 0 0 6 0 0 48 0 49 94 17 52 0 0 0 95 30 0 70 0 8 64 14 20 0 78 0 6 0 77 91 15 45 81 49 0 27 0 96 2 20 83 0 0 0 32 61 29 0 0 0 0 0 12 21 0 21 19 0 0 48 0 41 75 0 0 0 81 80 0 66 74 0 6 0 0 42 85 0 0 0 
0 17 0 0 5 16 65 12 0 0 82 31 0 3 0 0 0 0 0 0 40 0 0 90 2 76 61 0 0 95 0 0 0 0 0 0 0 0 19 67 0 0 0 66 76 0 45 17 93 0 83 77 99 53 61 73 76 0 0 0 0 1 82 0 49 9 48 0 69 62 14 83 55 99 0 0 91 0 0 3 0 9 51 0 0 44 63 12 0 0 0 0 0 17 83 60 0 27 0 0 
73 74 0 24 0 9 88 48 46 0 25 0 36 0 0 2 0 0 81 0 0 57 0 45 21 7 0 0 75 0 36 88 79 40 0 36 0 31 38 63 0 0 0 0 51 6 47 83 0 14 44 43 0 73 81 0 36 64 63 0 41 0 0 71 0 95 4 0 73 0 4 0 29 11 0 83 0 85 0 0 0 0 0 0 0 29 0 69 92 0 86 89 71 43 98 0 80 0 0 65 
0 0 19 0 0 7 89 0 0 10 72 68 0 0 59 0 9 29 83 91 0 0 0 0 32 0 0 39 0 0 91 0 52 0 16 21 0 0 0 84 0 72 0 25 0 0 0 0 69 0 0 0 0 63 42 55 16 0 71 42 31 0 0 0 12 31 0 0 67 42 73 34 95 0 28 0 0 0 47 70 0 16 0 0 3 0 83 0 0 31 0 15 43 0 57 34 0 0 0 16 
0 90 73 0 0 36 0 0 0 33 0 13 76 70 83 25 0 0 0 86 47 98 0 93 84 75 0 0 38 0 19 0 67 0 87 0 70 0 0 37 0 71 30 0 29 0 70 24 57 35 0 94 77 0 0 2 0 0 37 0 80 48 16 94 0 0 96 6 37 93 45 2 0 95 53 96 68 0 28 0 46 0 87 0 0 0 0 60 0 47 48 0 0 0 0 35 75 74 75 0 
0 0 27 0 16 87 0 0 33 44 34 53 38 0 0 83 0 42 68 0 0 54 0 0 32 0 18 0 66 32 81 0 0 50 0 0 0 0 0 90 0 0 48 0 11 50 0 44 88 0 12 71 0 0 0 0 13 81 98 0 49 0 55 82 0 93 56 0 72 19 12 0 0 0 67 0 0 14 0 95 28 0 13 0 0 4 0 29 0 0 0 60 22 80 31 0 4 46 0 97 
6 35 26 0 92 48 0 0 82 71 22 1 0 34 0 0 98 0 39 0 0 0 0 0 0 0 23 14 0 65 0 37 0 0 77 0 55 0 0 0 58 63 40 49 6 17 0 19 0 0 0 0 0 0 77 24 0 0 59 7 57 56 90 4 91 17 1 0 63 4 0 0 8 0 83 36 7 0 0 9 35 10 22 0 78 0 0 95 0 0 23 76 1 0 96 0 69 0 21 26 
0 31 92 0 0 0 0 0 12 0 0 0 35 0 0 0 0 4 0 0 0 60 0 48 4 0 74 84 51 0 44 71 0 0 0 0 0 98 0 0 0 0 45 74 17 0 28 68 0 0 73 97 0 59 69 0 6 0 0 0 0 59 16 33 41 64 0 35 0 0 85 0 0 0 3 0 0 0 39 0 32 76 92 0 0 26 85 14 82 0 0 31 0 0 30 44 0 0 0 31 
40 34 0 80 75 0 0 0 0 79 0 29 72 7 63 0 0 91 63 0 12 77 88 0 0 0 0 0 61 47 0 0 96 0 0 85 0 0 0 69 0 87 0 0 0 0 0 0 0 21 75 0 0 0 4 32 52 56 80 44 0 88 20 0 71 0 52 81 0 0 0 2 46 0 71 8 50 0 0 74 41 0 0 11 0 54 0 40 0 20 0 0 0 45 0 0 0 14 73 20 
8 52 65 83 0 91 0 98 0 47 85 0 85 27 0 0 91 35 0 2 53 0 25 15 0 0 26 0 88 95 76 0 39 82 20 93 0 0 96 37 0 0 0 31 11 21 0 0 0 92 0 0 0 3 0 32 0 0 64 0 0 1 66 0 0 0 0 39 0 0 0 86 0 0 0 0 22 0 0 0 47 37 0 0 0 14 90 90 32 0 0 0 0 36 23 0 0 61 99 15 
66 0 0 35 0 33 71 0 65 0 5 72 40 0 86 18 11 54 0 87 0 12 0 0 95 0 0 0 0 56 60 0 44 66 0 0 0 0 0 0 32 0 38 0 97 80 0 3 55 44 0 40 0 36 0 59 33 0 0 0 0 51 86 16 80 12 28 0 0 0 26 93 78 0 58 0 71 48 0 51 50 51 0 59 0 13 27 0 0 0 0 72 0 0 9 0 0 0 0 0 
0 67 0 72 10 14 0 92 0 0 86 0 0 21 76 4 70 14 0 0 24 18 3 0 0 69 0 0 0 0 0 0 41 16 55 0 0 31 49 0 0 0 0 34 0 0 0 8 0 0 0 0 0 94 51 0 55 0 0 87 95 0 0 0 0 55 72 90 0 0 0 76 15 0 29 37 9 0 48 0 17 48 75 34 0 0 0 0 0 0 14 70 34 33 0 0 0 0 90 0 
0 0 0 30 0 0 82 49 0 0 0 63 0 18 60 0 0 0 0 17 0 0 0 0 97 0 61 0 0 41 0 44 0 85 0 0 0 50 0 57 25 81 0 0 40 0 6 0 0 86 35 22 0 62 0 14 0 69 11 39 11 23 18 57 68 0 0 0 0 5 2 0 0 54 0 86 0 0 65 0 89 0 27 18 0 95 9 0 0 0 0 0 0 0 0 34 25 0 41 67 
0 0 0 94 93 0 46 0 0 0 0 0 0 5 7 0 29 52 48 12 0 1 98 89 0 0 88 58 9 90 0 0 57 78 0 39 39 0 0 95 60 0 0 85 65 0 82 97 0 65 0 0 70 0 18 66 46 0 0 58 77 0 0 0 5 0 50 94 0 0 0 0 0 0 0 64 15 0 82 0 0 3 16 0 56 34 0 6 0 42 10 86 29 0 0 0 0 85 65 38 
72 0 0 0 0 69 0 13 0 53 0 34 0 0 0 81 0 68 89 62 0 0 0 44 45 17 0 0 0 0 88 0 0 0 0 41 0 0 0 0 73 0 59 10 84 61 0 61 66 0 0 8 0 4 7 51 0 68 0 31 0 0 0 0 89 47 24 52 0 0 0 0 0 0 14 0 84 0 90 88 0 0 0 0 67 12 69 0 61 0 42 0 34 0 22 0 0 0 0 75 
48 36 89 1 0 18 23 0 74 77 0 0 40 5 15 0 0 22 97 35 0 41 19 0 99 74 75 0 0 0 0 0 44 0 56 0 0 0 0 91 0 46 0 0 68 0 68 0 42 30 30 0 40 1 0 0 75 0 0 0 94 11 92 0 86 0 0 40 0 0 35 0 0 0 0 23 0 0 32 84 56 67 0 0 0 0 0 54 12 71 0 0 0 64 0 0 70 99 38 70 
0 0 0 6 0 0 73 0 0 15 54 0 32 0 0 0 0 0 0 6 95 0 0 18 0 37 64 0 24 0 37 55 68 0 0 5 47 23 0 4 0 87 49 0 0 57 80 0 0 32 38 94 0 35 0 9 0 21 95 0 5 67 0 35 0 22 0 0 15 0 0 7 0 0 18 0 0 0 49 0 0 0 76 74 0 0 0 0 4 93 0 3 0 71 0 50 0 39 0 95 
0 38 0 0 11 0 0 0 86 85 13 0 95 0 43 0 70 93 0 13 0 0 74 91 29 23 0 0 2 78 59 0 0 39 0 0 86 0 98 0 97 15 29 17 99 0 0 46 41 0 78 0 93 0 66 17 84 77 0 88 53 0 70 0 0 0 34 47 70 0 27 0 0 0 0 0 39 0 0 63 0 95 62 0 0 0 0 35 66 0 24 15 92 39 0 86 0 82 92 18 
86 83 61 0 0 0 0 42 29 69 0 0 17 0 85 0 0 14 5 99 78 1 0 1 0 70 94 3 5 32 42 0 94 87 0 0 0 0 23 0 70 37 0 0 0 0 51 71 0 0 8 59 0 49 48 89 0 0 0 0 0 89 35 45 62 0 0 0 13 83 55 0 35 29 0 93 0 82 14 35 77 0 8 61 0 74 0 14 0 74 0 0 0 11 0 0 0 10 92 0 
0 0 0 0 0 89 0 0 94 24 0 28 0 0 54 0 0 91 0 18 0 99 83 67 63 0 13 77 22 0 0 78 90 93 0 87 24 0 33 0 0 0 0 0 67 6 0 49 86 0 0 0 15 58 10 10 0 0 0 8 60 9 0 0 0 0 95 38 79 18 0 43 32 42 27 0 0 0 0 17 0 14 0 0 91 18 0 46 11 95 0 0 87 84 86 0 0 84 0 0 
0 44 0 31 32 28 0 28 58 0 25 25 83 0 79 46 0 0 10 0 0 80 71 50 76 34 20 0 82 0 25 58 64 9 47 0 0 0 0 11 0 0 0 91 0 7 73 0 48 0 4 52 0 98 27 0 0 0 0 28 41 0 48 0 0 75 0 0 0 72 74 85 32 0 0 79 56 0 0 0 76 23 49 62 0 0 52 18 86 0 20 27 0 0 23 0 0 0 49 80 
0 0 0 0 0 18 94 0 0 58 0 21 0 6 0 0 0 0 0 0 0 0 0 0 46 83 0 0 52 10 0 0 5 0 0 39 67 71 0 0 78 0 0 11 42 34 0 0 0 59 9 0 16 43 68 42 0 77 0 0 61 0 0 19 87 48 0 0 84 42 98 50 0 91 51 0 0 14 84 0 0 87 75 0 0 0 0 76 0 93 68 75 0 0 0 0 49 92 0 0 
33 39 0 0 75 0 0 0 0 0 0 0 0 97 0 1 0 0 0 22 30 69 32 13 0 48 23 99 0 27 0 0 0 64 64 0 0 3 66 0 0 13 51 81 41 0 82 0 0 0 92 0 30 43 46 0 39 0 0 0 69 11 21 2 0 0 31 0 0 0 18 53 6 28 90 0 77 0 69 97 0 0 86 0 0 80 42 61 22 87 0 0 0 23 0 0 0 0 0 99 
0 94 26 0 96 90 76 69 74 46 0 0 0 43 0 37 23 0 0 9 7 0 0 40 0 39 0 40 64 15 0 3 85 0 0 0 0 14 42 79 0 0 0 0 0 78 0 0 0 0 0 12 0 0 52 0 69 73 0 21 68 0 65 0 0 0 0 0 0 0 61 0 0 19 79 0 0 0 0 95 0 36 60 98 6 0 0 74 0 38 0 57 0 30 0 0 0 0 0 0 
0 56 0 99 0 0 0 3 16 0 75 0 0 67 5 0 43 95 0 87 3 65 0 0 0 0 32 93 0 48 96 33 0 93 0 0 72 92 18 20 0 94 0 0 0 0 28 18 76 0 48 17 82 41 0 47 68 0 0 0 69 92 88 0 0 0 93 50 19 0 0 4 16 0 0 0 0 53 77 0 99 0 0 68 0 0 0 0 74 90 91 0 0 0 0 36 75 0 69 0 
50 60 0 6 0 1 0 76 0 18 0 0 80 73 52 0 0 0 34 0 6 0 44 9 0 0 68 0 49 0 13 0 0 57 95 0 82 65 0 0 0 20 97 0 0 71 1 32 54 3 0 0 0 0 2 79 0 0 72 0 49 14 15 81 0 36 0 0 0 0 2 0 0 0 46 63 52 12 0 95 87 0 0 0 22 0 0 0 53 95 17 70 32 92 1 37 0 0 28 16 
30 0 0 5 12 0 0 0 48 0 0 23 98 59 34 0 0 11 0 0 0 16 0 0 0 0 63 0 0 58 0 0 0 0 88 0 75 0 45 0 0 24 76 53 0 76 0 0 39 0 17 0 15 71 94 0 0 57 14 16 98 0 0 41 0 0 0 0 0 0 0 0 82 0 45 0 0 0 0 0 0 23 0 35 11 68 0 19 92 29 0 0 0 84 0 0 10 40 84 2 
0 65 0 0 0 58 0 0 90 62 0 38 15 41 0 17 18 87 23 82 0 82 37 0 0 79 90 0 0 32 20 99 0 93 0 95 61 0 0 0 46 0 70 0 0 0 52 0 56 27 0 0 21 0 0 74 0 55 98 0 12 0 0 0 0 0 0 0 49 0 0 1 53 52 34 0 0 0 0 0 0 0 0 0 65 60 0 43 24 14 0 2 90 54 0 5 0 23 46 45 
34 0 80 53 75 0 0 71 0 0 75 31 0 90 71 0 0 83 0 0 0 77 0 92 52 0 4 51 33 15 0 0 70 0 0 46 0 18 0 97 0 34 0 0 75 0 0 99 16 0 0 0 55 2 0 5 56 18 42 0 0 0 0 0 0 5 0 52 0 0 63 81 0 81 0 0 11 83 44 86 61 0 0 0 95 0 42 0 80 0 0 0 65 86 51 99 0 99 13 0 
23 10 11 0 9 0 49 0 0 0 77 0 25 9 66 1 43 0 54 0 0 93 0 0 0 0 90 64 0 0 92 0 0 25 43 0 0 0 71 59 76 6 0 0 58 96 0 0 20 0 0 0 52 0 13 99 0 0 0 0 0 6 44 0 60 0 38 3 0 72 67 13 0 72 38 0 11 63 0 34 0 0 0 0 0 0 97 85 0 40 0 0 0 1 0 0 0 43 4 87 
87 37 55 35 0 0 0 66 98 0 0 46 0 66 0 0 13 0 0 0 80 0 0 0 35 16 87 58 0 88 33 55 0 0 53 0 86 0 0 51 48 98 0 0 0 0 0 0 0 0 20 85 0 91 42 0 0 60 0 0 1 0 0 73 65 0 33 37 0 7 93 28 0 0 5 0 0 96 13 70 71 26 31 0 68 0 29 17 14 0 0 0 0 0 18 63 33 5 69 50 
59 10 69 54 0 0 50 8 97 74 30 0 0 0 13 0 0 0 0 65 0 59 0 17 86 1 0 0 0 50 0 0 9 0 0 46 42 70 49 0 53 70 31 0 73 0 60 70 8 0 0 0 26 60 0 0 0 71 84 23 0 95 83 55 68 0 0 98 13 73 0 0 0 83 13 0 0 0 0 34 15 0 0 77 0 97 0 0 3 0 0 0 86 0 55 0 6 16 58 29 
81 0 0 0 65 0 85 53 53 10 57 4 0 0 0 0 61 63 0 0 0 46 80 0 37 0 0 36 39 48 0 19 40 0 0 0 0 62 0 0 0 34 0 87 0 56 2 39 0 37 0 24 0 7 72 0 0 0 38 40 0 65 60 0 41 33 33 0 0 0 0 0 58 0 17 23 72 80 0 0 22 0 0 0 17 0 0 26 0 82 0 24 54 0 68 96 0 71 0 0 
0 0 0 88 0 44 65 4 56 0 0 39 0 86 0 91 0 0 0 0 0 49 0 0 6 0 21 31 0 43 0 19 0 15 0 3 0 14 0 49 23 0 0 63 67 87 2 39 0 35 0 0 0 0 76 0 0 0 71 32 5 0 0 73 0 0 0 83 0 0 78 30 0 0 0 83 21 0 58 0 0 0 95 69 0 0 0 99 26 0 62 40 29 63 0 0 70 0 0 44 
0 64 29 75 21 87 0 95 0 0 0 20 0 57 55 8 0 18 0 0 60 62 0 81 38 91 87 80 49 89 5 0 25 0 30 0 41 0 3 0 0 5 0 72 0 0 0 0 62 0 8 27 0 0 97 28 0 0 0 0 0 27 24 88 96 21 52 0 62 15 76 0 58 0 0 0 0 41 38 48 16 0 0 80 0 0 0 0 0 93 0 0 0 0 0 20 6 0 0 0 
0 0 78 0 0 0 0 0 71 15 0 35 22 55 20 85 91 0 0 0 0 0 22 8 15 0 31 0 0 0 0 4 0 0 0 99 0 0 0 0 0 29 0 23 0 60 0 13 0 0 0 63 95 0 71 0 0 83 45 0 38 2 0 17 0 32 57 26 0 74 0 0 1 0 0 0 0 0 0 77 45 0 0 0 12 0 66 0 38 0 95 55 23 0 76 93 0 78 48 6 
93 31 11 30 81 71 44 0 0 0 32 23 0 0 40 0 0 43 88 0 0 0 8 95 0 0 0 69 73 0 24 0 0 32 28 0 0 0 0 0 0 0 10 0 0 32 7 0 0 71 0 0 0 0 0 65 51 0 20 77 0 0 0 20 49 0 0 22 45 84 0 0 0 0 0 0 0 0 0 53 69 0 0 3 33 0 30 41 76 78 55 1 0 33 22 59 0 8 0 0 
0 11 0 0 74 0 0 23 64 0 0 0 0 10 65 0 0 26 0 0 69 0 0 18 0 50 0 0 0 77 0 0 0 56 0 0 0 0 3 0 30 36 0 0 76 0 0 0 79 69 97 86 0 94 0 0 72 0 0 17 0 0 53 0 69 42 52 27 16 81 39 34 90 0 98 91 0 0 0 0 57 0 88 0 39 29 58 7 0 0 32 67 0 0 34 0 87 0 29 31 
0 0 0 86 71 31 81 0 86 0 0 80 90 0 0 68 75 72 37 0 0 0 19 0 49 0 0 16 0 0 32 0 99 0 14 0 51 24 29 34 0 0 0 26 39 72 0 88 18 40 48 61 71 42 0 0 0 0 0 37 0 71 0 86 0 0 0 0 0 0 68 0 0 0 0 0 72 74 0 82 35 0 43 45 0 0 0 52 0 26 0 5 14 0 55 0 0 81 0 0 
0 46 39 59 20 0 0 0 0 0 0 0 62 20 69 88 34 81 0 24 0 60 65 0 70 98 0 82 64 51 0 80 0 77 0 0 24 8 83 0 9 0 1 7 0 0 0 71 0 0 40 44 1 0 15 30 4 0 0 69 4 0 0 13 38 2 81 0 49 24 0 0 49 25 0 50 0 0 97 95 65 11 0 92 3 0 56 0 99 0 15 0 79 79 0 39 0 42 0 58 
16 81 0 0 0 28 17 64 11 0 81 5 64 0 61 5 0 76 0 75 0 0 0 0 0 32 0 0 32 92 0 69 58 62 0 39 31 38 98 36 5 49 31 0 0 0 0 46 4 0 0 0 55 0 0 94 58 18 0 90 0 9 0 28 72 39 75 0 0 68 0 75 0 0 0 0 16 0 62 0 3 95 0 78 0 33 52 0 0 0 44 0 0 0 0 52 0 0 0 64 
89 0 0 95 48 6 0 0 0 89 0 0 0 10 0 59 64 0 0 15 78 0 96 40 0 29 0 38 15 0 0 0 0 82 34 0 52 0 0 76 27 0 77 45 0 75 67 23 23 0 0 0 86 85 0 0 0 0 0 0 0 10 12 26 94 55 0 77 50 77 78 0 0 7 34 0 82 0 71 54 0 0 26 3 0 0 0 30 34 39 84 0 11 0 27 51 97 0 70 13 
0 52 58 31 38 25 99 0 0 61 0 0 19 95 0 0 96 0 0 7 0 0 0 0 0 81 61 17 66 0 0 0 30 0 0 0 62 0 0 0 0 0 0 0 0 0 56 79 0 25 51 0 65 0 20 63 43 0 58 64 0 39 0 0 0 0 80 0 81 0 45 5 0 81 0 0 0 26 92 0 82 35 0 0 65 1 89 0 0 69 0 22 86 0 65 21 0 0 0 0 
0 0 23 0 0 47 0 0 0 0 94 36 59 94 0 0 90 48 34 0 69 37 0 64 0 0 0 0 0 24 0 24 32 0 0 64 0 0 98 6 0 15 0 0 11 17 86 0 37 0 0 73 0 0 54 50 0 75 0 0 0 0 0 58 0 0 91 54 33 0 84 0 0 0 90 0 57 0 96 83 0 25 0 0 86 0 0 57 0 23 73 41 57 54 64 88 0 44 0 43 
0 0 0 0 54 0 0 90 63 16 31 44 64 0 27 0 0 15 35 0 22 25 0 0 0 0 0 0 0 6 0 67 94 0 63 0 0 16 0 91 0 0 0 0 38 18 46 0 42 0 0 89 0 32 81 0 12 27 5 0 45 14 0 0 0 20 42 44 0 50 0 0 50 73 62 46 0 50 0 0 45 43 0 26 0 0 0 45 81 99 0 58 96 54 0 0 8 81 73 0 
35 0 0 0 57 0 0 0 85 0 0 90 55 27 80 88 0 62 82 16 0 67 0 0 0 0 76 43 0 84 0 88 82 57 0 93 0 7 16 0 0 74 86 0 0 98 23 94 0 0 40 0 0 0 0 36 0 0 0 0 98 0 54 0 71 0 89 43 14 78 0 84 0 38 0 0 87 99 39 0 0 0 96 0 64 26 0 0 0 0 0 0 0 62 0 97 17 41 0 0 
0 32 61 78 76 0 0 0 0 0 0 79 0 76 79 24 17 79 0 0 15 0 40 60 0 0 0 89 0 22 0 0 0 0 88 23 0 55 26 0 95 80 83 51 2 16 79 0 0 0 0 24 0 45 0 0 32 0 0 0 76 70 56 0 0 70 0 94 7 0 0 62 97 0 0 97 0 0 35 33 0 0 0 0 0 0 81 33 72 0 0 0 0 78 93 0 4 15 0 0 
98 0 0 0 32 71 0 0 76 0 48 80 72 95 77 0 54 0 0 0 0 0 2 0 0 0 59 31 0 0 65 52 0 55 0 32 60 45 0 0 54 79 68 0 68 96 0 81 45 16 0 85 0 0 6 0 7 0 0 0 42 61 0 76 0 0 28 3 0 0 0 0 71 60 0 13 0 0 6 10 0 0 95 80 0 45 0 0 0 90 63 0 37 0 0 55 92 2 0 0 
1 0 78 0 0 0 50 0 98 0 40 66 0 63 1 0 88 0 0 0 0 95 0 0 0 82 0 28 0 0 52 0 0 4 49 0 11 0 16 20 0 14 0 52 13 36 33 0 0 65 0 62 0 0 65 0 77 0 0 46 0 0 0 0 32 0 0 0 9 23 3 13 84 28 0 0 93 77 36 0 0 70 81 67 99 0 0 78 0 67 0 80 0 83 48 0 24 0 0 50 
82 58 21 36 0 35 0 39 59 25 32 93 62 0 0 67 84 17 46 10 89 51 0 22 56 0 0 0 55 0 54 0 0 0 23 0 37 0 12 84 12 30 0 21 79 82 0 0 0 0 58 0 59 0 0 0 87 60 27 0 89 0 0 0 0 0 83 0 85 49 0 80 79 97 0 80 0 0 8 35 39 91 0 12 0 58 0 0 0 0 0 0 0 0 0 40 0 46 0 0 
95 31 0 25 0 62 60 0 0 30 39 0 0 36 25 0 87 0 69 0 0 0 0 0 0 99 64 33 39 25 34 40 5 69 0 0 0 0 1 0 83 37 0 92 84 0 95 65 3 0 73 36 0 9 0 0 42 0 59 0 0 0 28 0 0 50 0 0 0 6 65 86 0 0 0 94 67 58 33 99 0 0 94 37 0 53 43 77 0 16 0 54 0 12 0 72 0 62 70 6 
62 59 73 0 0 21 0 73 83 85 0 62 0 60 87 82 0 0 71 0 90 0 0 0 0 83 76 55 86 70 0 66 44 72 67 54 0 0 0 0 50 55 70 22 7 83 94 0 0 0 82 23 0 0 0 0 42 0 0 0 16 60 0 0 76 50 0 0 0 0 0 85 0 0 0 0 29 7 0 82 37 0 85 0 0 0 0 68 4 18 0 84 0 0 0 0 85 22 0 0 
0 64 67 0 0 0 0 0 78 77 55 87 0 0 0 0 0 0 17 0 0 0 0 0 38 0 3 73 0 19 0 80 35 0 22 0 0 72 0 0 0 0 55 0 19 88 0 0 0 76 66 0 0 39 33 0 0 27 62 0 0 0 86 68 72 97 0 29 0 38 0 0 0 0 0 71 0 13 82 11 0 0 58 0 76 0 66 23 0 0 21 90 0 0 78 17 0 19 0 15 
0 0 58 22 71 0 0 2 0 0 0 30 0 73 27 54 35 0 44 0 20 0 0 22 44 28 0 0 0 0 50 62 91 38 0 80 71 0 0 0 0 12 0 22 85 0 0 0 0 95 93 0 61 35 83 0 71 6 0 71 0 59 71 0 0 30 0 0 0 0 83 0 77 0 88 0 0 98 0 89 0 89 0 54 58 78 71 8 99 0 0 70 0 81 0 0 0 4 96 0 
0 0 64 0 0 0 0 96 42 87 42 0 0 0 7 0 37 96 0 0 0 0 25 27 0 44 0 31 0 0 67 37 1 62 31 52 0 0 0 10 0 16 0 92 0 0 32 31 38 1 0 7 0 0 48 0 68 0 1 59 65 70 0 94 0 0 0 0 40 27 84 0 0 0 48 72 54 75 66 0 65 0 0 0 28 0 25 28 0 0 52 0 0 0 0 0 0 87 0 0 
0 37 0 0 12 23 0 0 76 0 0 26 0 0 0 0 87 0 0 0 0 6 0 95 80 27 41 4 51 92 0 65 12 80 5 61 0 0 25 0 0 0 31 43 48 0 0 0 7 0 70 31 18 14 42 99 45 0 12 0 0 19 0 0 90 0 0 0 79 41 82 95 76 0 0 0 0 0 0 96 0 76 18 0 0 0 0 44 49 0 0 7 0 0 0 4 0 72 0 0 
0 0 46 0 40 29 15 0 0 0 0 0 0 15 1 0 93 61 27 49 75 0 0 0 0 0 0 79 0 0 98 98 0 46 0 48 81 0 74 0 0 0 23 0 0 0 41 0 0 0 0 89 17 23 27 0 80 96 60 0 42 0 0 34 76 71 94 64 46 77 4 0 0 46 0 12 73 99 0 0 0 0 0 61 0 0 28 86 65 0 0 0 88 0 0 0 62 0 99 0 
16 65 0 54 21 62 0 0 0 0 32 0 55 8 0 82 38 0 0 5 0 23 0 65 0 42 0 75 27 0 0 0 14 0 73 60 0 64 0 79 12 59 90 0 73 11 95 7 70 95 0 0 61 69 11 0 66 0 33 84 98 97 0 71 0 0 4 0 0 6 0 69 0 5 0 0 0 91 40 79 0 2 0 0 80 79 86 82 94 70 59 0 0 43 0 92 36 0 94 5 
0 97 81 0 71 98 0 0 20 0 0 70 0 41 0 0 86 0 0 0 75 83 0 33 0 64 0 0 0 0 85 0 0 4 28 0 38 71 0 76 0 55 28 0 61 34 0 0 17 2 0 0 49 17 25 57 0 49 0 0 51 0 16 0 82 68 0 43 0 0 47 83 0 56 0 78 0 0 0 0 0 0 79 0 20 0 0 0 29 18 0 0 0 0 92 78 0 49 0 80 
29 89 37 63 0 33 48 0 0 0 0 0 0 46 34 48 0 0 19 64 0 31 53 0 20 39 12 17 0 11 98 93 36 73 18 30 0 33 47 0 88 81 0 0 72 65 0 0 0 7 0 24 0 25 76 77 0 70 9 44 0 77 0 0 56 43 0 63 0 0 0 0 0 66 0 0 98 0 56 38 0 0 0 0 0 40 84 0 0 0 0 78 0 0 5 52 72 0 26 0 
32 0 47 0 0 3 0 80 0 24 0 51 90 0 66 57 0 30 15 71 14 0 0 29 85 0 1 34 6 0 0 0 0 0 0 29 0 74 3 0 0 72 0 31 98 53 0 22 0 83 75 0 0 68 55 15 2 0 0 0 0 0 27 0 0 0 0 0 0 82 0 91 0 38 21 0 53 0 0 0 0 0 88 0 37 0 0 0 29 0 0 0 0 0 0 22 75 0 0 47 
0 0 0 5 0 9 82 0 47 49 41 0 71 0 0 0 0 0 0 0 91 0 14 0 0 70 0 39 0 1 29 13 0 0 44 0 0 0 86 75 0 0 54 0 98 63 0 0 0 0 34 8 0 0 0 56 0 0 74 0 43 0 91 19 0 0 91 0 0 0 0 0 18 0 47 0 36 0 96 0 0 64 70 88 0 0 18 68 87 73 0 0 93 0 10 69 0 0 14 0 
0 0 0 0 0 35 0 36 45 0 0 0 0 99 0 0 28 0 86 65 79 62 0 0 0 0 0 0 0 0 0 35 50 0 73 7 0 10 0 48 83 24 0 0 30 82 0 75 0 0 0 61 0 0 0 0 0 0 0 8 0 37 0 28 35 18 67 0 3 0 68 21 0 9 84 37 76 41 65 37 0 34 90 36 97 56 0 45 0 0 0 0 0 0 45 56 2 0 33 51 
0 24 0 56 80 0 0 17 71 25 37 71 0 0 40 21 0 20 0 0 28 0 51 59 0 0 12 0 0 0 20 0 18 0 8 0 39 0 0 0 31 0 60 37 0 73 51 34 0 67 30 93 30 33 64 13 27 0 0 76 0 0 0 13 20 24 0 0 33 87 90 0 75 0 4 0 95 43 13 0 0 0 12 0 22 0 0 0 78 4 1 0 52 33 23 0 0 25 74 95 
56 96 11 97 0 10 0 27 0 28 0 37 99 34 0 0 2 20 0 0 30 88 0 0 0 0 75 48 49 0 0 0 28 38 0 0 0 12 0 0 0 0 89 37 56 38 50 76 0 17 3 0 16 75 81 0 0 8 37 0 90 99 59 0 43 0 0 48 0 0 0 50 34 0 43 56 0 31 0 0 0 0 0 0 0 0 0 0 0 0 0 35 0 46 0 0 36 0 0 68 
68 0 0 82 97 0 0 0 91 0 36 0 0 36 0 95 0 55 77 54 24 86 60 41 58 96 0 48 0 0 0 98 97 34 0 93 0 62 0 15 5 0 0 21 0 41 72 55 95 0 96 0 0 50 0 86 0 0 0 0 14 39 0 73 29 0 0 0 0 1 41 0 61 4 0 25 99 96 48 0 0 4 71 0 0 87 66 0 37 82 0 0 58 0 74 0 0 0 65 5 
34 58 36 54 0 78 85 0 53 12 61 0 0 0 56 34 0 0 62 21 74 0 83 75 0 37 91 80 2 90 98 0 0 91 96 63 88 0 24 46 87 0 56 0 0 0 0 11 0 28 0 35 78 0 0 0 58 0 96 86 0 0 17 0 47 83 0 17 61 5 0 0 0 48 88 0 0 22 0 93 0 0 94 85 0 57 22 56 91 0 0 94 47 0 0 0 0 0 76 0 
48 0 7 0 0 1 57 0 0 0 0 80 0 0 0 0 10 0 84 0 0 34 28 0 56 0 0 0 0 12 0 0 0 90 11 50 0 0 20 39 0 91 58 98 0 0 33 59 93 0 12 48 76 57 63 0 24 93 0 56 0 20 43 0 47 0 83 0 0 61 28 0 68 41 92 0 85 0 58 54 0 68 90 0 0 0 0 0 0 0 0 74 50 0 25 0 0 0 0 0 
21 0 0 23 0 0 0 0 0 0 34 0 32 42 0 0 84 18 0 0 16 0 95 93 21 0 61 0 0 54 0 26 0 92 5 29 24 3 0 39 0 43 80 56 76 97 0 0 0 55 42 24 47 0 0 0 10 0 0 52 0 59 70 14 0 29 67 48 0 74 0 0 0 3 0 0 41 0 54 0 84 67 30 0 0 12 0 0 0 0 10 61 0 0 0 0 65 0 14 88 
0 0 0 0 0 0 0 0 0 0 0 86 31 33 0 58 0 26 0 0 0 62 0 0 0 0 0 0 24 93 5 0 32 0 66 0 0 0 0 0 0 0 71 92 0 0 52 0 0 33 0 0 56 3 0 0 0 36 91 0 61 0 0 25 0 55 0 70 0 0 0 0 0 0 0 0 63 16 13 0 0 79 5 96 0 13 8 0 70 0 0 16 0 99 28 19 0 0 49 90 
62 0 0 59 0 0 0 0 10 45 75 0 0 0 67 70 0 93 1 15 0 69 27 82 51 0 68 0 46 2 43 37 0 0 0 0 87 0 0 18 0 62 0 0 0 0 0 83 0 0 81 0 73 0 0 93 62 0 66 0 84 64 0 17 0 18 1 66 68 0 49 0 57 0 0 0 0 11 0 0 74 0 83 0 0 21 31 0 0 52 0 0 25 0 49 62 92 12 0 0 
0 0 52 0 38 0 0 0 0 0 19 0 0 0 70 0 70 36 0 17 18 0 0 6 59 6 0 17 68 8 4 0 87 0 0 89 0 0 42 0 0 0 0 0 0 0 5 0 64 6 0 30 0 33 0 56 0 87 51 0 0 0 0 37 4 0 0 19 0 0 95 13 65 24 81 0 0 34 68 0 4 0 40 0 88 63 2 14 0 0 98 31 43 0 60 0 0 0 44 0 
77 48 0 66 0 48 94 0 0 30 12 0 0 0 0 0 0 27 0 22 0 7 0 1 0 73 47 4 17 0 58 0 0 57 77 0 20 66 0 0 98 61 0 0 59 67 61 34 89 92 69 0 30 0 0 0 62 0 0 0 3 0 93 24 82 0 71 68 71 72 0 72 0 49 31 0 7 51 82 1 20 0 2 46 73 25 0 65 51 0 0 0 0 0 2 0 0 0 0 96 
61 0 88 0 51 65 0 0 15 0 0 0 96 0 0 0 0 0 72 77 0 0 21 0 0 0 52 93 0 0 67 0 74 37 0 0 45 36 0 0 47 0 78 0 99 0 67 79 42 68 0 0 41 0 0 0 0 45 96 34 0 0 0 36 77 44 0 37 0 0 0 0 96 0 71 81 67 0 46 61 3 15 0 35 0 0 0 0 10 0 35 0 2 0 0 38 0 32 47 49 
0 93 38 41 0 0 1 0 3 35 0 0 0 0 17 0 29 37 0 77 0 0 96 0 0 89 92 49 81 0 35 0 0 22 77 0 23 0 9 25 2 17 55 0 37 0 0 56 24 0 0 0 87 0 37 42 0 0 76 0 0 0 0 18 82 0 88 77 4 4 98 95 15 29 0 98 99 92 32 0 47 0 65 0 0 0 5 67 0 0 73 0 0 0 74 0 0 23 0 0 
0 24 96 24 0 41 0 31 0 0 42 0 0 0 0 71 0 0 2 0 0 36 42 0 78 65 0 0 93 0 64 61 47 0 0 0 0 0 64 61 0 0 42 0 0 0 0 0 26 75 18 0 63 80 0 21 75 0 85 35 35 0 0 0 0 57 0 68 0 49 25 0 80 80 90 0 39 13 63 51 84 0 0 11 58 43 14 0 20 48 78 77 38 0 0 0 0 41 0 35 
0 17 9 75 0 41 0 71 74 98 0 46 0 48 51 90 87 59 11 0 0 0 4 0 0 0 8 0 0 75 82 60 0 82 39 95 13 0 0 31 10 23 52 0 79 25 0 10 0 0 0 6 26 0 0 0 0 24 35 0 0 0 63 18 0 7 0 41 36 92 0 23 58 61 59 78 0 0 55 0 0 0 24 0 65 0 31 0 0 0 0 50 0 46 0 0 0 0 58 0 
0 0 0 60 0 14 0 8 23 65 0 81 63 28 0 0 0 48 0 0 11 0 0 69 92 0 83 52 81 25 0 85 35 58 0 0 41 64 92 38 75 18 0 0 61 0 0 23 0 13 0 10 0 0 0 11 50 0 0 0 0 0 99 0 24 0 16 0 0 34 0 21 99 0 48 0 0 0 0 0 0 48 20 26 4 23 58 0 0 96 81 0 48 82 16 0 22 70 0 0 
87 12 92 0 23 25 31 10 25 0 93 0 17 93 0 0 80 0 0 29 0 41 0 0 0 74 74 91 58 46 0 81 84 0 12 6 14 45 96 0 31 77 0 39 0 16 73 6 0 0 6 0 0 33 59 0 8 75 30 0 76 90 0 0 0 0 0 95 21 0 22 37 55 47 0 0 8 0 0 10 0 31 0 58 78 87 0 99 0 69 57 71 80 95 63 0 0 0 77 77 
0 24 84 1 7 0 0 96 97 0 0 43 86 10 0 93 85 0 4 0 8 40 0 0 66 27 0 0 69 76 50 0 66 0 0 0 0 0 89 0 4 91 37 36 0 0 0 0 0 0 0 33 44 0 0 23 0 0 88 29 2 0 0 0 0 0 94 0 0 0 0 0 0 0 36 32 0 47 91 88 49 0 67 74 51 87 27 71 0 15 56 0 0 0 43 0 32 0 0 46 
0 0 0 0 0 0 0 68 72 0 5 0 97 0 61 0 91 0 54 24 70 73 0 72 0 69 0 0 35 0 0 0 14 0 85 0 0 18 0 21 84 21 0 0 0 0 0 0 0 0 32 30 25 0 17 0 34 86 71 0 65 63 0 33 13 55 65 23 0 17 79 0 26 48 0 0 90 0 28 0 0 0 29 0 0 46 0 0 77 0 94 0 28 64 0 49 0 31 0 67 
28 0 0 0 0 0 73 0 21 0 99 6 29 0 0 33 0 56 85 88 0 0 72 0 0 0 0 0 7 46 0 0 0 0 0 0 71 57 0 37 0 91 16 0 0 0 94 0 0 0 66 0 81 0 38 0 73 0 0 0 26 0 82 70 43 7 0 93 0 17 0 34 50 90 15 0 0 89 0 43 0 0 0 0 98 5 0 0 37 41 0 0 83 0 33 9 0 0 0 0 
