100
0 43 0 91 0 43 0 0 0 7 0 0 78 0 0 0 0 41 44 24 92 0 0 0 0 0 0 0 12 0 51 0 0 0 0 0 0 0 54 0 0 0 0 0 0 43 0 0 0 0 0 61 0 0 0 0 0 0 0 0 0 0 84 0 0 0 0 0 34 0 75 0 3 0 0 0 0 0 0 0 80 0 0 0 32 0 0 0 61 33 10 0 0 0 0 0 0 0 8 0 
0 0 0 0 0 0 71 0 0 0 0 0 38 0 0 0 0 0 0 0 31 0 0 10 0 0 0 0 0 0 30 6 0 0 0 0 0 0 54 16 0 0 0 0 94 0 0 0 51 0 0 0 14 0 0 0 31 0 0 0 0 7 0 0 0 11 64 0 0 0 0 0 0 0 25 0 0 0 0 0 72 61 0 61 0 0 0 0 0 0 0 0 0 0 6 0 76 0 0 95 
54 53 0 0 93 0 0 18 0 0 0 0 0 0 0 0 0 0 0 0 0 0 0 82 50 0 0 0 0 0 64 0 84 0 0 0 0 62 0 0 0 0 0 0 0 60 0 0 0 0 0 0 63 0 8 0 0 0 0 0 0 0 0 81 74 0 0 0 0 0 0 0 0 0 31 0 74 0 14 6 0 0 7 0 0 0 0 0 0 0 67 45 0 55 0 48 0 0 0 0 
0 76 19 0 18 48 67 0 0 27 0 0 53 0 0 0 97 22 0 0 0 0 0 44 0 0 0 78 0 0 0 82 0 0 0 0 0 0 0 10 0 0 19 0 0 0 0 0 88 0 95 0 80 0 0 0 0 21 28 0 0 0 0 0 0 47 0 0 0 11 58 0 0 0 55 64 0 0 0 23 0 0 0 0 0 0 0 0 0 0 0 0 39 0 0 0 0 0 0 78 
0 0 0 0 0 47 0 0 25 0 0 0 0 0 0 0 0 0 0 0 0 0 0 0 0 25 0 0 26 0 0 55 40 0 0 36 0 0 0 45 0 67 0 0 0 0 0 22 0 0 0 0 0 0 0 0 0 0 0 0 0 0 0 0 0 2 0 0 0 0 0 67 0 60 14 0 0 1 0 20 0 0 0 0 0 0 0 56 0 44 21 0 0 0 0 0 0 0 0 0 
0 0 0 0 0 0 61 0 0 0 0 0 0 67 0 0 0 0 13 0 0 0 54 50 0 0 34 0 0 0 0 50 0 0 70 0 0 57 0 0 0 0 0 0 0 0 0 0 0 0 0 0 0 0 0 91 80 0 0 0 49 0 0 0 0 0 0 96 0 0 0 0 0 0 0 0 0 22 0 0 0 0 0 0 0 0 70 0 0 0 0 0 0 0 0 37 0 0 0 0 
0 0 0 0 80 0 0 0 0 0 0 0 0 43 0 0 0 0 0 0 0 0 37 0 89 38 0 0 0 71 0 0 0 0 94 0 35 0 0 80 0 35 0 0 0 0 0 0 0 0 0 0 0 0 0 0 64 0 0 68 0 43 0 0 0 0 0 0 0 0 0 19 0 0 0 0 57 0 0 0 0 35 29 0 0 0 0 0 0 0 0 46 0 0 0 0 0 0 55 49 
0 0 0 0 49 0 21 0 0 0 0 0 0 0 0 0 0 0 84 0 0 0 0 0 0 0 0 27 0 0 0 0 0 0 80 0 0 0 0 0 78 0 0 39 0 0 0 0 0 0 0 0 0 0 0 0 0 29 0 6 0 80 0 26 0 0 0 0 0 0 0 0 0 0 0 0 17 14 0 0 12 0 46 0 0 0 0 0 32 0 32 0 0 0 0 0 83 0 0 91 
1 14 65 77 0 0 0 0 0 0 0 0 0 0 97 0 0 0 82 0 82 90 0 0 0 0 0 0 40 0 72 21 87 0 70 0 0 0 0 0 6 23 0 59 94 0 0 26 0 0 0 0 0 0 0 0 0 0 0 0 0 64 0 26 25 0 0 6 0 58 0 74 0 0 53 0 87 0 0 0 44 0 80 0 0 69 0 0 0 0 0 24 0 91 69 0 38 68 0 34 
0 0 0 0 0 0 0 0 11 0 41 0 0 0 88 0 77 0 10 0 0 0 0 0 0 0 0 0 58 9 0 0 2 0 0 0 0 0 0 0 0 53 69 0 0 0 56 0 0 0 42 0 0 0 46 0 69 0 69 0 0 0 0 55 0 5 0 0 0 0 0 0 0 0 0 0 0 85 0 0 42 0 47 0 0 0 0 0 0 34 0 0 0 0 0 0 55 0 0 0 
0 0 75 0 0 0 0 85 0 0 0 0 0 46 0 73 0 0 0 0 0 0 0 0 0 38 0 80 0 0 0 0 0 0 0 0 0 0 7 0 71 0 0 0 0 0 67 0 36 0 0 0 0 0 0 0 0 0 0 0 0 11 0 51 89 0 0 0 0 0 0 61 0 0 0 0 0 0 0 0 0 0 0 0 0 48 0 0 26 0 0 0 0 0 0 0 0 0 0 5 
32 0 0 96 0 20 0 0 91 0 99 0 0 0 0 57 63 65 0 0 0 53 0 0 0 0 0 0 0 0 0 0 0 23 0 0 31 0 0 61 0 0 0 26 0 35 0 0 0 0 87 91 0 0 0 0 0 94 43 0 80 0 0 0 41 86 0 86 0 77 0 52 0 99 0 0 0 0 0 0 68 0 0 0 0 0 50 0 0 41 0 0 62 86 0 0 0 0 0 0 
0 0 0 0 6 0 80 14 0 52 31 0 0 0 0 0 0 0 0 0 0 0 0 0 0 0 0 47 0 52 0 72 90 0 0 0 0 0 12 0 78 0 0 62 0 55 11 0 0 0 0 70 0 0 0 0 0 0 0 0 0 10 0 1 0 87 0 0 0 61 0 0 0 33 0 0 80 0 0 72 0 0 0 0 0 0 90 0 0 0 0 97 0 0 0 20 0 0 0 0 
77 0 0 0 0 0 0 0 55 0 0 0 0 0 0 0 16 0 0 69 0 0 0 0 0 93 0 0 0 0 96 0 78 0 0 0 0 0 81 0 0 0 0 0 91 0 0 0 35 0 0 0 0 29 5 0 0 0 8 68 0 0 51 0 0 0 0 0 0 0 0 0 0 99 0 0 0 0 0 0 0 0 0 0 0 34 0 0 0 0 2 29 0 0 0 36 0 0 72 0 
0 0 0 60 0 0 0 0 0 0 0 0 33 0 0 16 0 0 0 4 85 0 0 0 12 0 0 72 71 0 75 0 0 0 0 76 0 0 0 0 0 72 48 0 55 0 33 0 37 0 0 0 84 0 0 0 63 31 0 0 0 0 0 26 0 0 13 0 23 0 0 0 0 0 0 0 0 0 0 26 9 0 14 0 0 0 0 85 77 0 0 0 84 2 0 68 0 0 77 0 
0 0 44 0 0 0 34 0 0 31 0 0 0 0 0 0 0 0 0 76 0 0 0 0 0 29 0 0 73 15 0 0 0 69 47 0 0 16 96 0 47 37 0 65 39 0 0 0 0 0 0 0 0 77 0 0 0 35 0 0 0 0 0 0 0 0 34 0 11 0 0 0 0 33 0 0 0 0 0 0 0 21 0 0 0 0 0 75 0 47 0 0 0 0 0 0 0 80 0 0 
0 35 0 0 38 49 0 0 0 0 0 0 18 0 77 0 0 0 0 0 0 0 0 0 81 0 0 0 0 27 81 0 0 0 0 0 0 16 43 0 93 0 0 45 0 0 0 10 0 84 0 0 0 0 0 0 69 0 44 92 0 0 0 33 0 0 0 0 29 30 0 0 0 0 0 0 0 0 0 0 23 0 0 84 0 0 88 0 0 0 70 25 92 0 0 12 0 0 0 0 
0 0 0 0 0 0 0 0 0 17 52 0 0 66 0 7 0 0 4 0 27 53 0 7 0 0 0 0 0 0 35 0 0 0 0 0 52 40 0 0 0 0 0 0 0 97 0 0 0 0 24 0 0 0 94 0 0 0 66 0 0 93 0 15 0 0 0 0 52 0 0 0 0 0 0 17 95 79 0 0 0 0 0 0 0 80 0 0 55 0 32 0 93 0 0 0 25 0 0 0 
0 82 0 0 0 0 72 0 0 0 0 36 60 0 70 15 0 0 0 0 0 0 0 0 0 0 0 0 0 0 0 0 0 0 0 0 64 0 0 81 73 85 0 0 75 0 0 0 0 0 0 0 0 0 0 0 0 29 0 95 0 93 0 0 0 0 0 0 0 0 0 0 34 0 0 0 0 45 0 0 0 0 0 0 0 79 0 0 0 0 0 0 0 0 0 0 0 0 0 82 
0 0 0 0 0 63 0 0 0 0 67 0 0 0 0 0 0 0 96 0 72 42 96 0 0 0 0 0 0 0 67 0 11 63 0 0 91 0 3 0 0 66 0 0 0 0 92 0 0 0 0 0 0 0 0 0 0 0 0 0 0 0 0 0 0 0 0 0 0 0 0 0 0 0 21 0 0 54 0 0 0 71 0 0 0 0 0 0 96 0 27 0 0 0 91 57 0 0 0 7 
0 0 0 66 40 62 0 0 0 54 68 0 20 0 0 0 0 0 37 0 0 77 0 0 0 0 36 29 0 0 0 0 0 0 0 0 0 0 0 0 26 0 69 19 0 0 34 0 0 0 0 10 7 0 0 0 64 0 44 14 53 0 66 0 57 9 0 0 47 32 0 0 0 0 0 0 55 0 0 0 0 50 0 71 44 0 94 79 48 0 0 0 0 72 0 0 21 0 0 0 
0 0 0 13 61 91 0 0 0 1 0 0 0 0 0 0 0 0 0 0 0 0 54 0 0 0 73 77 57 0 57 0 0 84 0 0 0 0 81 40 0 0 0 0 0 0 0 0 0 6 20 0 0 0 0 0 0 47 0 0 0 0 0 0 12 83 0 56 0 0 0 44 0 13 0 0 0 37 93 0 0 0 23 0 0 0 12 2 0 0 0 0 94 5 14 0 0 0 82 33 
0 33 0 78 0 0 0 0 43 0 0 0 49 0 68 14 0 0 0 0 91 0 0 0 64 0 0 0 0 0 82 0 51 80 0 85 0 0 0 0 0 0 0 0 0 69 0 0 0 0 0 18 0 0 0 0 0 0 0 0 0 59 0 0 91 0 0 0 2 0 36 48 11 0 0 0 0 0 0 0 0 0 0 0 0 0 0 0 0 0 0 0 6 0 0 0 82 0 0 0 
57 0 0 0 0 0 0 15 0 0 0 0 0 33 0 91 14 0 78 0 0 0 0 0 0 0 0 0 0 0 0 0 73 0 96 0 8 0 0 22 0 0 0 0 0 0 0 0 0 0 0 0 0 12 0 0 0 0 0 0 0 67 0 0 0 97 0 0 0 0 0 0 0 0 1 51 0 0 0 0 0 0 0 55 78 0 60 0 0 90 80 0 0 0 0 0 0 31 0 0 
0 0 0 0 95 0 0 73 0 48 2 0 17 0 0 0 0 44 0 3 29 0 0 0 0 89 0 0 0 0 0 21 0 0 0 0 0 92 50 0 0 0 0 30 63 0 0 0 0 69 92 0 0 0 0 52 11 0 0 0 0 0 0 0 16 0 0 0 0 98 0 0 0 0 0 52 0 13 0 0 0 5 0 39 0 0 0 90 0 0 0 0 58 0 84 14 0 97 40 0 
0 0 0 0 0 0 0 0 0 0 0 61 0 0 27 0 0 0 0 50 32 0 40 79 0 0 54 0 0 0 0 0 95 0 0 0 0 18 0 0 0 34 77 0 0 0 23 0 0 0 0 38 0 0 0 0 0 4 0 0 56 0 0 0 0 0 35 0 0 0 0 0 0 0 0 0 43 0 0 7 0 0 43 0 0 0 53 0 0 0 0 0 0 0 35 22 0 0 0 95 
93 78 92 0 0 0 83 0 0 0 0 0 0 0 0 0 0 0 0 0 0 0 0 0 0 0 0 0 0 0 0 0 0 42 43 0 0 0 0 0 0 60 0 0 0 0 96 0 75 53 0 0 0 16 0 0 0 0 0 0 0 0 0 0 0 0 62 37 0 0 78 58 0 0 0 0 0 0 94 0 0 0 3 0 13 22 23 0 0 0 0 0 0 0 25 0 0 0 0 0 
0 0 35 0 16 0 97 0 16 0 0 0 0 93 0 0 0 0 43 0 0 0 80 57 0 0 0 0 8 0 0 0 0 75 0 63 45 0 63 0 71 0 21 18 0 0 99 0 94 0 0 90 0 29 0 88 0 0 0 0 0 0 0 94 0 0 0 0 0 0 56 0 0 0 0 0 0 86 0 0 91 0 0 0 20 45 0 0 0 0 49 0 0 0 0 0 0 15 0 0 
0 45 0 14 0 0 0 0 0 0 0 36 0 8 0 0 40 17 38 0 0 0 90 0 0 12 0 0 0 0 0 0 10 0 0 16 0 40 0 30 0 7 10 0 37 0 0 97 0 0 0 0 0 70 0 0 0 0 0 0 0 51 83 0 0 68 0 0 0 0 0 0 0 0 0 0 0 0 0 0 0 0 0 47 0 0 0 0 0 0 89 96 0 71 0 0 0 96 0 65 
0 0 14 0 0 0 0 0 0 0 32 20 0 0 64 0 0 67 9 0 56 0 0 66 0 0 70 27 0 0 0 69 0 27 0 19 0 0 0 0 0 0 0 0 0 0 0 0 0 0 69 0 0 28 0 0 58 49 0 0 58 0 0 79 0 0 0 24 0 0 0 0 0 30 0 0 0 0 0 11 6 0 0 0 0 70 0 0 0 0 0 0 0 0 0 0 0 0 0 0 
0 0 0 0 70 0 0 92 0 0 0 0 0 0 0 0 0 0 0 0 0 0 0 0 62 0 0 0 52 0 0 63 0 7 75 0 0 91 0 0 0 0 22 0 76 0 0 0 36 0 0 0 68 0 0 0 0 0 0 22 0 0 0 0 33 40 0 0 0 0 0 0 0 0 54 28 0 0 0 0 0 0 0 0 0 29 89 0 0 0 0 0 3 66 58 0 0 12 0 0 
0 0 0 0 0 0 0 0 0 0 58 60 0 0 0 0 0 0 0 44 0 47 0 0 0 0 0 0 0 0 0 0 0 0 34 45 0 90 70 72 0 0 0 0 0 45 0 25 0 0 0 0 0 0 0 90 0 0 0 0 0 0 0 54 1 0 0 0 37 0 0 78 0 0 0 28 0 0 0 0 25 0 0 0 57 0 34 33 86 0 0 0 64 0 0 0 0 95 0 0 
0 16 0 0 0 0 0 0 0 0 0 77 0 0 0 0 0 5 0 0 0 0 0 0 0 0 31 72 0 0 0 95 0 0 0 0 0 0 0 74 0 25 0 68 0 0 24 99 0 90 0 0 0 0 0 98 0 0 0 0 65 0 0 0 0 0 0 0 0 0 0 0 0 0 0 0 1 75 0 0 0 17 0 0 0 63 0 0 0 0 0 0 0 0 24 0 12 0 95 0 
0 32 45 0 0 0 57 0 0 7 80 0 0 8 59 0 60 83 0 0 0 0 0 40 0 14 0 0 49 0 0 0 0 0 49 0 0 0 0 0 0 0 0 0 0 0 0 0 0 0 0 50 7 0 0 0 33 0 0 0 0 0 0 0 0 0 0 0 88 45 0 83 0 0 0 0 0 0 0 69 59 0 0 0 0 0 0 55 0 49 27 0 0 18 0 0 0 0 0 0 
0 42 0 0 77 0 0 0 0 92 0 24 4 0 57 0 0 0 88 66 0 0 0 0 88 0 0 0 0 0 0 0 0 0 0 0 0 0 62 40 0 0 0 0 85 72 0 0 0 0 0 15 0 0 96 0 0 0 0 0 0 0 68 0 0 0 0 26 0 0 0 72 45 0 0 61 0 10 0 51 0 0 0 18 0 0 0 89 0 0 52 0 0 0 0 0 0 0 0 0 
67 0 40 80 0 86 0 80 98 0 0 0 0 40 0 0 0 0 0 0 0 20 0 37 41 0 0 0 0 0 0 0 0 29 0 0 39 0 0 0 0 0 85 0 0 0 0 0 0 0 0 62 0 79 0 0 0 0 0 0 0 0 0 0 0 86 0 0 14 0 0 10 46 35 0 0 0 0 0 0 30 0 0 25 0 0 0 0 30 0 0 31 0 0 0 0 73 0 0 0 
13 29 28 83 0 82 0 0 0 0 60 0 0 0 0 30 0 0 0 0 17 0 0 0 0 45 0 0 0 0 47 0 14 83 23 0 0 63 0 0 0 0 0 0 0 0 49 0 0 0 0 54 79 0 0 74 0 21 0 0 0 40 0 17 0 0 0 0 0 0 0 0 0 34 0 14 0 0 19 0 0 0 98 0 0 0 0 0 0 0 0 0 0 0 0 79 0 0 58 0 
97 0 0 90 0 0 21 0 0 0 95 0 0 0 0 0 0 0 0 0 0 60 51 0 0 0 0 29 0 27 0 0 0 27 89 0 0 0 0 0 0 0 0 0 0 0 0 61 0 6 0 0 0 65 0 0 0 0 0 0 0 0 0 0 0 0 0 35 0 0 0 0 28 0 0 0 0 0 0 31 18 0 0 0 0 0 0 0 0 0 0 40 11 0 0 50 0 0 0 0 
0 0 0 0 0 0 50 88 0 0 0 87 0 0 0 0 0 0 0 0 0 0 0 0 0 38 0 0 0 30 0 0 0 0 0 88 0 0 0 0 0 0 0 0 0 0 0 0 14 5 0 0 0 0 0 0 65 0 0 93 0 35 0 0 54 0 0 0 14 0 0 0 0 0 0 0 0 0 0 2 0 0 0 0 0 0 52 0 0 0 0 0 0 30 0 0 0 40 24 0 
0 0 0 0 0 42 0 0 0 0 19 0 0 66 31 0 0 33 0 0 0 0 0 0 0 0 0 0 0 45 0 0 0 0 0 0 0 0 0 0 0 64 0 0 0 82 0 0 0 0 0 0 72 0 0 0 0 0 19 0 0 0 0 25 86 58 0 62 0 0 35 0 30 73 21 0 0 45 0 0 0 58 0 0 0 0 0 63 48 6 85 0 0 0 32 98 0 0 0 0 
0 36 39 99 0 0 0 0 0 0 0 0 0 0 0 0 0 0 0 49 0 81 89 0 0 0 0 0 0 0 98 0 3 0 0 0 0 0 77 0 0 31 85 0 0 69 0 0 0 69 0 0 0 84 0 0 3 0 0 0 0 0 41 24 4 0 0 0 89 32 55 0 95 0 0 0 85 0 0 0 0 0 0 2 0 90 0 53 0 0 0 50 0 0 0 0 90 0 0 0 
88 0 36 24 0 74 0 6 0 0 0 58 0 74 0 0 8 0 0 0 71 51 0 33 8 0 0 0 0 0 0 0 0 88 0 0 7 0 0 0 0 0 0 0 82 0 0 0 0 0 0 76 97 0 0 0 0 30 0 0 0 0 0 15 6 0 0 0 0 0 0 0 29 0 73 0 0 0 0 0 0 88 0 10 0 0 0 58 0 0 0 0 13 0 0 88 0 0 0 0 
45 1 0 0 0 86 1 0 0 0 0 0 2 0 0 0 0 72 0 0 0 43 0 0 0 0 30 0 0 0 0 0 74 0 15 0 80 0 0 0 0 0 0 0 30 0 0 0 71 0 0 0 0 0 20 0 0 0 0 0 0 0 0 53 1 0 3 0 40 39 0 0 0 0 0 0 0 0 0 0 0 53 0 0 0 84 0 73 0 0 0 0 0 48 0 0 91 0 52 87 
0 97 0 87 0 81 8 0 0 0 53 0 0 83 55 0 0 0 74 0 0 0 0 62 0 0 0 0 0 59 0 21 0 44 0 0 0 0 0 0 0 0 0 0 27 0 0 0 0 1 7 0 0 0 69 0 0 0 0 0 0 0 6 0 0 0 0 0 0 0 0 38 0 0 2 0 0 0 0 0 0 0 50 0 87 0 17 0 0 0 0 0 97 0 0 4 0 0 0 0 
44 0 0 0 0 70 0 0 0 0 0 0 39 0 0 0 0 0 0 0 0 0 0 0 0 0 0 0 0 0 0 72 0 0 0 0 29 0 0 0 0 0 0 0 0 0 0 87 0 0 93 97 0 0 0 0 0 0 0 0 0 61 0 0 0 0 0 0 97 41 0 0 0 0 0 0 93 0 0 0 52 0 0 37 0 26 0 0 0 0 28 0 0 62 0 0 0 0 0 0 
0 0 0 21 45 0 11 0 0 15 6 0 0 56 0 14 0 0 0 0 0 0 0 0 39 0 0 0 0 0 0 0 0 0 0 0 69 0 61 0 0 50 76 0 0 0 17 31 0 0 0 0 0 0 0 37 0 0 0 0 0 0 0 0 0 0 0 0 0 0 0 0 0 0 0 0 69 0 0 0 0 26 0 0 0 0 0 0 0 95 0 69 0 35 0 0 0 0 0 0 
50 0 0 78 0 46 0 0 0 0 0 0 0 0 0 66 0 0 43 0 0 0 0 0 0 0 0 0 9 0 0 0 0 0 0 71 0 0 0 0 0 0 0 0 0 0 0 0 0 0 0 78 0 0 0 20 0 0 0 0 0 0 53 0 81 0 0 0 0 1 0 0 0 91 0 86 0 0 0 0 0 0 28 79 0 0 0 0 0 5 36 0 90 0 0 0 14 0 0 98 
0 25 0 0 0 0 85 0 0 28 0 0 0 0 0 0 0 0 0 87 0 0 17 0 0 0 0 47 0 49 0 0 0 40 0 0 0 0 0 38 29 0 36 0 0 0 0 0 26 0 87 0 0 0 0 75 0 0 6 0 0 83 0 0 0 0 0 19 0 0 0 0 88 0 0 0 0 0 0 50 0 0 0 0 0 0 0 0 16 0 58 0 0 0 39 31 0 0 0 65 
0 0 0 0 0 0 0 0 0 0 0 0 0 0 0 0 39 0 3 66 59 81 0 0 0 99 0 0 0 0 0 0 0 36 0 0 0 19 0 0 0 0 0 99 93 0 0 0 0 21 0 72 88 93 0 0 0 0 0 90 92 0 0 0 0 0 51 0 0 43 0 52 0 0 0 0 65 0 40 0 0 0 0 90 0 0 0 2 0 0 0 0 0 0 0 41 0 55 0 5 
0 36 0 0 0 87 53 0 0 42 0 0 8 42 0 0 0 0 0 23 36 0 0 0 0 82 0 0 0 0 0 17 0 0 0 97 0 0 0 0 0 0 87 0 12 10 0 4 0 0 0 0 0 0 0 0 0 0 0 0 0 45 0 0 0 0 0 0 88 0 0 0 0 0 0 0 0 0 41 0 0 98 0 99 0 0 0 0 0 0 0 0 0 0 0 0 0 0 0 85 
0 47 61 0 8 90 0 83 0 0 62 0 0 0 0 0 56 0 0 0 0 0 5 0 0 84 58 0 0 0 97 0 0 83 0 64 0 0 77 32 76 0 0 0 0 0 0 0 0 0 0 0 0 0 0 58 28 0 0 0 0 0 0 0 0 29 0 95 0 0 79 0 0 73 0 0 0 36 95 61 0 0 0 0 44 77 44 64 0 0 0 0 0 0 0 0 0 0 27 21 
0 11 96 0 35 0 0 0 0 0 0 0 0 0 50 72 67 0 45 0 0 0 0 0 0 0 0 0 0 13 0 0 0 0 0 0 0 23 0 81 0 0 0 0 0 0 0 0 0 88 0 0 6 0 0 0 0 0 0 0 13 0 74 0 0 0 0 52 0 0 0 0 0 91 0 0 29 0 0 0 0 5 86 13 0 0 29 0 0 0 90 0 4 15 52 0 0 0 0 0 
0 0 0 0 70 10 0 0 5 14 0 0 17 0 0 3 0 0 94 0 0 0 75 0 0 0 7 0 0 0 0 0 0 0 93 0 0 0 0 0 0 0 0 59 0 0 0 78 0 0 0 0 0 0 0 0 0 0 7 37 96 0 0 0 54 0 52 0 0 0 0 0 45 0 18 0 71 0 0 95 0 0 0 0 0 0 0 0 0 0 0 73 0 0 0 0 10 67 0 0 
52 0 0 25 0 5 11 20 0 0 0 0 0 0 0 0 0 0 0 0 0 0 23 0 29 0 0 0 0 0 9 0 0 0 0 0 0 0 99 12 0 64 0 0 67 0 22 0 0 11 0 0 0 0 86 87 0 0 0 85 0 0 0 0 0 4 0 85 0 0 0 0 0 37 10 19 0 0 0 42 0 0 0 0 0 0 0 0 0 0 0 0 0 0 80 0 0 22 0 0 
46 0 0 0 49 0 0 0 8 0 0 13 0 0 18 0 12 0 68 0 67 0 0 0 83 0 41 0 0 0 72 76 14 0 0 0 0 0 0 0 84 0 0 0 40 0 0 16 0 75 0 0 68 0 0 5 0 0 0 76 25 0 0 0 0 0 0 0 0 0 40 0 8 0 0 0 0 0 61 25 90 53 0 0 0 0 62 29 0 0 0 0 0 0 34 0 0 0 92 84 
0 0 14 27 0 0 79 81 0 91 47 77 0 3 0 0 0 0 0 83 0 0 51 4 0 0 0 0 0 0 20 0 0 0 0 0 0 0 71 0 0 32 14 0 0 0 0 0 0 0 0 0 0 0 0 0 0 0 9 31 0 0 0 0 0 0 0 0 56 0 34 0 54 0 2 0 0 0 41 0 86 0 0 0 0 0 0 0 0 0 28 0 0 0 0 99 0 0 19 0 
0 0 0 0 0 0 0 0 0 0 57 0 0 0 0 0 0 0 13 99 0 0 0 0 0 62 28 0 0 0 45 0 0 0 0 0 0 0 0 0 0 93 62 0 1 0 0 75 80 0 0 0 0 0 7 0 0 0 13 0 83 0 0 0 0 0 74 0 73 91 27 0 0 0 0 40 63 0 0 0 0 0 0 24 0 0 0 0 0 0 28 0 0 0 2 0 0 0 0 3 
0 0 0 0 0 0 0 0 0 0 10 0 0 72 0 0 0 0 0 0 0 0 0 0 23 0 0 0 0 0 0 30 0 0 0 0 0 10 0 0 0 0 0 0 0 64 7 0 21 0 0 92 0 0 0 36 76 0 0 0 0 15 0 0 0 85 0 0 64 0 0 0 75 0 0 0 33 0 0 0 0 6 0 0 84 0 0 0 0 0 0 0 0 0 88 0 0 0 0 0 
0 28 0 0 0 0 0 14 0 0 29 0 0 0 0 0 0 0 0 0 0 0 16 0 0 24 69 0 42 77 0 30 0 32 27 0 0 0 0 0 41 0 0 17 0 0 0 0 0 0 19 0 0 36 87 0 0 0 0 0 0 0 0 0 40 0 56 0 0 15 0 30 0 0 0 89 0 0 0 0 0 0 0 84 0 0 0 94 0 0 0 0 0 0 0 0 0 0 0 0 
80 0 0 68 0 0 0 0 52 45 0 0 63 0 0 71 0 0 0 0 0 26 0 0 4 17 37 23 0 0 0 0 0 0 0 0 0 0 0 0 57 0 0 0 46 0 0 44 0 0 0 0 0 0 0 0 93 0 0 0 0 0 0 0 0 0 34 98 0 12 0 0 0 20 54 0 0 0 0 0 0 0 0 88 0 0 93 0 0 0 0 91 55 0 0 0 19 0 0 0 
0 66 0 0 0 0 0 0 0 0 0 0 0 0 0 0 0 0 0 0 0 0 0 0 85 0 94 0 0 0 0 0 0 0 0 43 0 0 0 0 0 0 16 0 81 0 0 0 0 68 66 0 0 0 0 85 0 53 0 20 0 0 0 0 0 0 0 0 0 18 0 51 0 97 0 0 0 82 0 0 0 50 0 0 0 0 89 0 0 0 0 0 0 0 0 38 4 0 0 0 
0 0 0 0 0 75 0 0 0 49 0 0 0 0 0 2 10 0 0 0 0 0 0 0 0 6 0 51 0 0 88 0 0 0 0 93 0 62 0 0 0 0 0 0 0 0 0 0 0 0 8 0 62 0 0 0 47 0 0 96 0 0 0 0 45 0 62 0 0 0 60 45 93 0 0 0 0 0 0 0 84 0 0 51 0 0 0 0 98 0 0 96 0 73 0 0 0 31 0 0 
0 15 49 0 0 55 0 71 28 0 6 58 2 0 49 31 12 0 79 0 0 0 0 0 0 37 0 0 0 0 0 66 0 0 0 0 0 70 55 0 0 0 0 0 66 0 0 0 67 0 0 0 80 62 36 0 0 0 0 0 0 0 0 0 0 86 36 0 90 40 50 0 0 46 0 0 0 0 0 0 14 0 50 69 61 0 59 0 0 0 7 0 0 0 35 0 0 46 0 0 
0 60 0 19 0 0 0 0 0 0 0 0 0 45 0 16 0 0 0 0 0 43 0 0 0 0 0 0 0 0 0 0 0 37 34 0 0 0 0 0 0 0 0 0 0 0 0 21 17 0 9 33 0 0 34 23 0 33 0 0 0 0 0 0 28 0 0 0 0 0 0 5 57 0 95 0 0 0 0 84 27 66 0 0 0 0 66 0 0 2 0 87 3 0 7 0 17 5 0 0 
0 0 0 0 72 0 0 0 0 0 0 0 0 0 0 27 0 30 0 0 0 0 0 0 0 0 96 23 44 0 0 0 0 22 33 39 0 0 0 0 0 0 0 74 64 0 0 0 0 0 60 0 0 0 0 0 84 49 0 0 0 0 0 0 0 66 31 98 0 0 0 93 0 73 13 0 0 0 98 0 0 0 0 46 79 0 0 52 0 0 0 0 0 0 0 0 76 0 0 79 
98 0 73 0 0 0 81 0 0 0 0 0 0 47 0 8 48 17 32 0 0 0 0 0 0 0 19 0 0 18 0 0 0 0 0 0 8 16 0 0 0 0 0 36 0 0 0 0 0 0 0 0 0 0 0 0 72 0 0 0 10 0 0 87 0 0 0 0 0 0 49 68 0 0 0 0 41 0 0 0 0 75 76 35 0 81 42 0 36 0 35 0 0 0 0 0 0 0 0 0 
4 0 0 0 0 35 0 0 0 0 0 0 0 0 0 0 0 0 0 4 0 79 0 63 10 0 0 0 0 9 0 27 5 0 80 0 0 0 2 0 0 0 0 0 37 0 0 43 0 0 0 90 0 0 0 0 0 58 0 0 0 0 0 0 0 0 0 0 0 0 0 18 19 0 85 38 0 0 0 65 0 18 0 0 0 0 0 95 82 91 0 36 0 0 0 0 37 0 0 0 
60 0 0 65 70 0 0 0 0 0 87 0 41 0 0 0 0 0 0 7 86 0 0 0 10 0 0 0 0 0 55 0 12 0 0 0 0 0 40 0 48 0 0 0 0 0 60 0 80 51 0 0 0 0 0 0 52 34 0 0 22 0 0 0 0 0 72 0 32 0 0 0 0 0 0 0 23 79 0 0 0 0 0 45 97 36 86 0 0 0 0 0 0 0 0 0 83 99 0 87 
0 0 0 0 5 0 0 0 0 53 0 0 0 44 0 0 0 0 72 5 0 0 0 29 0 0 0 0 0 13 56 0 58 0 26 0 0 0 0 0 0 95 0 0 0 0 1 8 0 0 6 0 0 0 27 0 0 0 0 0 0 0 0 23 0 0 8 0 0 0 0 0 91 35 0 0 0 0 0 56 0 0 79 0 81 0 0 0 0 3 88 0 0 0 0 0 0 2 0 0 
50 0 0 0 0 0 0 0 0 3 0 0 0 0 71 0 0 58 29 38 0 0 0 0 0 0 0 0 0 0 0 0 0 0 0 0 0 17 56 0 0 0 0 0 0 0 0 0 0 0 93 0 0 0 0 69 0 0 0 0 0 57 0 0 96 0 0 0 0 0 0 0 14 0 0 0 0 0 82 0 0 0 80 0 0 0 0 18 79 0 8 41 88 0 0 0 0 0 0 0 
0 63 0 0 0 0 0 26 0 0 23 67 0 0 99 0 0 72 80 33 34 0 0 0 0 76 0 0 0 0 0 11 6 52 76 66 4 0 0 0 0 0 96 92 12 0 60 94 0 0 0 0 0 0 0 0 0 26 0 0 58 0 0 0 0 0 9 0 0 0 0 0 0 25 0 14 0 0 0 0 0 0 0 0 0 44 0 43 0 6 0 81 0 0 0 0 0 20 0 55 
83 42 0 0 0 0 0 0 0 0 0 0 0 0 0 32 0 34 59 0 0 0 0 37 0 0 0 96 0 80 37 0 8 0 0 0 0 33 0 0 0 0 95 0 0 5 0 0 0 0 0 61 34 0 30 0 0 14 0 69 0 0 85 0 0 0 0 39 4 93 0 0 0 0 0 0 0 0 0 0 6 0 0 0 0 29 0 0 0 0 0 0 0 0 0 0 0 0 18 74 
0 0 30 0 61 0 7 0 0 0 0 42 0 0 47 0 0 0 0 0 0 0 0 28 0 49 0 78 82 0 30 0 11 0 0 0 0 0 0 0 0 0 0 0 0 0 0 0 0 27 0 0 0 60 0 0 50 0 73 38 33 0 0 0 0 0 0 0 0 0 0 98 0 16 0 67 0 72 9 0 0 0 0 0 0 0 0 0 0 0 0 0 0 0 0 0 0 49 0 0 
13 0 0 0 0 0 0 73 74 37 0 0 0 0 61 0 0 0 0 0 0 0 0 53 14 0 29 78 0 0 0 0 0 84 22 0 0 0 0 0 0 0 54 0 0 0 0 10 0 0 0 0 0 0 0 0 0 10 0 0 0 33 0 0 0 57 0 0 0 0 0 0 0 0 0 0 0 0 0 36 0 22 62 0 0 0 63 0 14 0 0 0 75 0 0 0 67 0 0 0 
0 0 0 0 0 0 0 81 0 0 54 17 0 0 0 42 0 0 43 0 0 0 17 0 0 62 0 0 0 0 0 56 65 66 0 77 0 0 11 0 0 0 0 0 51 0 84 0 0 0 0 0 0 0 13 0 0 0 18 0 0 0 0 0 0 0 0 95 0 0 0 94 53 0 0 0 0 10 0 0 95 0 0 0 0 0 72 0 8 0 67 0 0 90 0 80 0 0 0 0 
33 0 0 0 68 0 17 0 81 9 55 0 0 0 0 9 0 0 73 13 0 11 49 0 0 0 29 0 0 0 0 0 0 0 0 82 0 93 96 0 62 0 42 0 66 0 0 0 0 11 0 0 0 0 0 0 0 0 0 79 60 0 32 63 0 0 0 20 67 0 0 0 0 5 0 0 0 0 9 8 91 0 82 0 0 0 38 0 23 0 0 0 2 0 0 0 0 0 0 0 
0 0 0 84 0 0 0 0 0 5 35 91 0 99 11 84 0 0 0 0 0 94 0 0 0 0 0 0 4 0 31 0 0 0 94 35 0 0 26 0 0 93 0 0 0 0 0 0 0 0 79 0 0 0 20 0 0 0 0 0 0 20 0 0 58 0 7 0 55 0 0 0 0 0 0 87 0 0 52 0 0 0 0 61 0 23 0 0 7 0 59 0 0 0 60 0 0 0 0 0 
0 0 0 0 0 0 0 0 24 0 0 0 0 11 0 0 0 0 0 0 95 0 0 0 0 11 59 0 0 0 0 0 0 0 0 0 0 62 0 0 0 29 78 0 0 80 0 22 20 96 0 0 0 80 0 0 38 17 84 9 0 0 0 0 0 95 73 0 0 0 0 0 0 0 0 74 46 0 0 0 0 47 35 0 58 0 0 0 0 0 0 0 0 0 0 0 0 67 0 0 
32 0 0 0 0 62 0 42 37 0 0 41 59 0 0 64 0 49 0 0 4 0 71 0 0 0 0 0 49 0 61 32 0 35 0 0 0 85 0 0 0 3 0 0 0 11 0 45 0 0 0 49 0 0 0 0 48 0 0 0 8 0 15 0 0 0 0 0 0 0 55 43 0 36 0 0 0 83 0 0 0 0 33 0 0 0 11 0 0 13 0 0 0 0 0 0 0 0 0 0 
13 0 0 0 0 28 0 47 0 0 0 0 0 0 0 58 0 0 0 4 70 0 0 0 0 0 76 94 0 0 0 0 0 0 0 0 0 0 0 0 0 95 65 98 0 0 0 0 19 98 0 34 0 0 0 70 7 13 0 33 0 0 92 0 32 69 0 50 0 0 0 0 0 0 0 0 0 13 0 0 0 0 3 0 24 0 0 0 67 0 0 0 0 0 0 0 6 0 0 62 
0 0 0 0 0 26 0 0 0 0 0 0 0 70 0 0 0 0 35 60 25 0 0 2 0 29 51 0 65 0 0 0 0 0 0 0 67 0 91 0 0 0 0 0 0 0 0 0 0 79 0 30 0 8 0 0 0 0 9 0 31 0 0 0 0 0 18 83 0 0 36 0 0 0 0 0 0 87 0 53 0 0 0 0 77 53 78 0 0 0 16 0 0 79 0 0 0 0 0 0 
0 0 0 0 15 75 0 0 58 0 0 0 9 0 22 0 0 0 0 0 0 0 14 0 0 27 12 0 56 0 0 41 0 0 0 0 0 94 0 0 0 0 0 70 76 0 66 57 0 0 0 0 67 0 0 68 0 0 0 52 0 0 75 0 72 0 0 0 0 68 0 0 0 0 0 0 0 0 0 37 0 0 60 76 0 0 0 0 19 73 0 0 0 4 0 0 0 61 0 84 
85 57 0 0 8 0 0 0 0 0 0 49 0 0 0 0 12 0 0 45 0 0 0 15 0 0 0 0 0 85 0 0 0 1 0 75 0 0 0 0 0 0 97 0 0 16 0 0 0 0 0 0 0 0 0 0 0 0 0 0 77 0 0 0 0 0 0 77 0 0 46 0 3 0 0 0 0 0 0 0 0 0 0 0 0 0 0 0 0 0 0 0 6 0 57 0 0 0 0 0 
66 0 50 92 0 0 0 0 0 0 0 0 0 0 0 94 0 32 45 92 0 0 0 0 0 0 12 84 0 33 57 37 0 78 0 0 0 0 0 91 0 0 0 10 0 0 0 0 0 0 72 0 0 0 0 0 0 0 0 0 0 0 0 22 0 0 0 0 37 0 0 0 0 0 4 0 0 0 0 0 0 0 0 0 18 0 0 0 7 0 86 0 68 0 0 0 0 0 0 0 
0 8 15 29 0 41 0 50 0 7 0 8 0 0 0 0 0 18 0 0 0 0 0 0 10 0 0 0 0 0 84 0 0 73 44 0 53 0 84 0 0 0 0 0 13 0 92 0 0 0 0 0 0 14 0 0 95 0 0 0 0 41 0 8 0 0 0 0 0 0 88 0 0 0 0 0 10 0 0 0 0 97 83 0 0 4 0 0 0 33 0 0 75 0 0 0 0 0 22 0 
0 0 42 0 93 0 0 0 0 0 0 0 17 0 59 35 0 0 0 0 0 0 60 0 0 0 0 0 0 0 0 0 0 0 0 1 0 0 0 45 0 0 0 0 0 0 0 0 0 0 0 0 57 83 47 0 0 0 0 0 0 0 98 0 0 0 0 0 0 0 0 0 0 95 0 0 0 34 0 0 0 0 24 0 0 0 0 0 79 6 85 72 0 0 0 2 0 0 0 0 
0 0 0 26 0 0 0 0 0 66 0 0 0 94 0 0 0 0 89 0 0 0 0 0 0 0 0 0 0 72 0 0 0 0 67 8 0 0 0 95 0 85 93 0 18 0 0 0 0 0 0 0 0 26 0 0 0 43 0 0 0 0 0 0 45 0 89 0 0 13 62 48 67 0 0 0 92 51 0 0 0 61 0 0 47 0 0 33 0 0 4 0 52 0 0 0 0 0 0 0 
0 70 0 0 0 0 0 0 0 66 51 0 0 0 0 0 0 28 0 0 0 0 0 0 0 0 71 15 7 0 0 0 26 0 0 0 0 0 93 0 0 0 0 0 18 44 74 0 0 76 0 66 0 36 0 57 0 0 0 0 41 0 0 0 0 0 0 6 67 0 0 38 0 0 40 0 0 0 55 11 60 0 0 0 0 37 0 0 91 61 12 0 0 99 0 0 0 6 0 0 
0 82 0 0 23 0 69 0 0 18 0 15 90 0 0 0 41 0 0 0 0 0 94 14 0 65 84 33 0 0 0 0 0 0 0 0 0 13 63 0 0 1 36 48 24 0 17 0 0 82 82 76 0 92 0 92 0 60 0 33 0 0 91 17 82 0 0 4 0 0 18 22 13 0 0 0 0 0 4 0 0 0 49 0 0 0 72 0 0 6 0 89 0 0 0 0 0 0 0 0 
0 0 0 0 0 86 0 0 0 0 0 0 0 0 64 0 5 0 0 90 0 0 0 0 0 0 64 0 0 0 0 0 9 0 0 45 31 0 0 0 0 0 0 22 0 0 0 0 0 0 0 0 0 99 0 0 0 88 0 78 67 20 89 0 13 0 0 0 0 22 0 69 16 58 0 0 10 0 0 0 51 0 0 0 0 0 0 0 0 0 0 0 0 80 0 0 0 80 0 0 
0 0 0 31 0 8 0 0 0 0 0 0 0 0 0 0 0 0 96 0 0 0 0 0 68 16 0 0 0 0 56 80 90 0 0 82 0 0 24 0 0 0 0 0 0 0 0 0 0 0 60 0 0 48 0 0 0 65 0 43 13 0 0 0 26 0 0 0 0 0 0 0 88 0 0 0 0 0 35 23 0 0 95 0 0 0 0 0 0 0 0 0 0 97 0 0 0 0 0 0 
0 88 0 31 0 0 0 0 0 0 0 0 0 0 0 0 0 0 0 0 99 0 0 50 0 0 0 0 0 98 0 0 81 0 75 0 0 0 0 0 0 0 0 14 0 0 0 0 0 0 61 0 0 0 1 16 0 26 0 0 89 0 49 0 0 0 0 54 0 0 0 66 0 24 0 0 0 58 51 43 0 0 0 0 60 0 0 12 0 0 51 0 0 53 0 64 0 0 0 0 
96 20 52 0 0 8 5 0 81 0 0 0 4 86 0 0 0 0 0 0 18 0 0 0 0 10 0 71 0 0 0 0 0 0 0 0 0 0 9 0 0 0 54 0 0 37 0 0 0 0 0 0 45 0 0 41 51 0 0 0 0 0 72 0 50 0 17 0 0 0 0 0 77 0 0 0 0 0 0 0 0 72 0 0 0 0 0 0 33 0 74 0 0 0 57 0 0 0 44 0 
0 41 0 0 0 0 5 94 0 0 0 0 0 0 0 50 0 0 0 0 0 0 66 80 0 0 0 0 0 80 0 0 0 0 89 0 0 54 0 0 0 6 0 0 0 0 0 0 0 0 94 0 0 0 0 0 0 43 0 37 0 0 0 0 0 0 0 0 78 44 0 0 73 8 0 0 0 0 0 0 0 0 0 30 33 0 98 0 0 0 0 0 81 0 0 27 99 0 0 0 
0 0 0 0 11 0 0 0 0 0 7 0 16 0 96 45 0 0 0 0 0 0 0 0 0 0 0 0 0 0 0 0 0 0 0 0 26 0 0 0 0 0 0 0 10 0 61 0 58 0 28 0 0 0 0 0 0 0 0 0 0 0 0 0 0 0 0 0 0 0 26 0 51 0 2 0 0 0 56 27 0 0 0 0 96 0 0 35 0 35 0 33 0 92 0 0 0 0 0 0 
37 0 0 0 0 0 95 38 0 0 70 74 0 0 0 0 0 0 0 0 18 17 0 0 0 0 0 0 0 0 0 0 0 47 0 38 0 0 95 0 0 0 39 0 0 38 0 0 0 0 92 0 0 0 0 0 0 36 0 0 0 0 0 0 35 0 0 0 0 0 0 0 0 0 0 0 48 0 96 0 0 0 0 0 7 0 63 0 0 20 0 0 54 0 3 0 0 0 0 0 
0 0 38 0 0 0 0 0 0 0 0 0 1 0 49 0 0 0 56 0 0 46 0 59 16 0 0 0 0 0 0 0 0 92 0 0 0 0 0 0 0 0 0 0 7 0 0 0 0 99 10 52 0 0 0 0 0 0 0 0 0 83 0 0 0 57 0 0 58 0 0 92 0 0 76 0 0 30 40 0 0 0 31 0 0 0 0 45 0 0 54 4 0 0 0 53 0 95 0 16 
47 0 0 1 0 0 0 32 0 0 55 0 94 0 0 0 29 0 0 0 0 0 0 0 0 18 0 0 0 0 0 0 0 0 26 30 2 0 0 0 62 0 0 0 0 0 0 0 0 0 0 0 0 0 0 0 0 37 74 0 0 0 0 0 0 0 0 0 0 68 0 0 0 0 0 0 0 0 0 22 9 0 0 0 0 0 0 0 81 0 44 0 0 9 33 0 0 0 0 0 
0 0 0 0 78 0 0 0 0 84 0 0 77 0 0 0 26 0 0 0 0 0 0 0 0 0 0 0 0 58 85 84 0 0 0 0 0 0 0 0 79 0 0 46 0 0 0 15 87 91 0 0 87 0 0 0 0 34 0 0 13 99 3 0 0 71 0 0 0 93 61 0 0 76 0 0 0 0 0 0 0 26 15 96 0 0 0 0 43 0 0 64 0 0 1 0 0 0 0 0 
0 0 36 0 0 54 0 0 0 0 0 17 0 0 0 0 0 0 0 0 71 0 0 0 24 0 0 61 0 0 0 0 0 26 16 81 0 88 0 0 0 0 0 0 77 72 0 0 0 0 0 0 0 0 0 0 0 0 0 0 0 75 0 0 0 0 0 0 73 83 0 0 0 0 3 38 70 0 0 0 91 0 0 0 0 0 79 0 0 62 0 0 90 71 0 0 0 60 0 0 
