100
0 15 19 0 0 0 75 0 0 0 0 11 90 0 82 71 74 0 48 0 0 0 0 0 0 0 0 0 0 0 0 0 85 0 0 0 0 0 0 0 39 57 48 81 33 0 0 0 0 0 0 54 0 0 4 0 0 0 90 0 0 28 0 55 0 0 0 0 61 0 0 0 0 5 0 0 0 30 0 0 0 0 87 74 0 0 0 0 0 0 0 0 0 0 0 0 0 0 0 0 
0 0 0 46 0 41 12 50 0 0 0 0 0 0 0 0 14 0 0 0 0 27 0 32 0 0 28 6 47 47 49 58 0 86 0 0 0 0 0 0 0 97 0 0 0 0 0 60 0 0 0 0 0 0 0 0 0 41 0 0 0 0 0 0 0 83 0 0 0 0 97 0 22 0 0 0 0 34 0 23 16 74 0 0 31 0 0 0 0 19 0 0 0 0 0 0 75 8 0 0 
0 0 0 0 41 0 0 0 0 19 0 0 0 0 28 0 0 0 0 0 0 65 0 0 0 80 0 0 0 0 46 67 0 0 17 13 0 0 0 0 59 49 32 0 0 0 0 0 0 48 0 0 0 97 0 0 0 0 0 0 0 0 74 29 0 47 44 11 0 93 0 0 0 0 0 0 0 80 71 0 0 0 77 0 0 0 0 0 0 26 0 0 0 0 0 4 0 0 0 0 
0 0 0 0 0 0 75 9 0 55 0 89 0 0 0 0 0 0 0 0 0 77 0 24 0 0 0 24 70 2 55 0 31 0 0 0 0 0 0 0 0 0 0 0 7 0 0 0 0 84 0 79 35 74 0 0 0 0 0 16 0 0 0 0 10 0 0 0 0 0 44 29 0 0 0 0 0 1 0 45 38 0 0 0 0 97 0 0 0 59 0 53 10 0 0 0 66 76 57 0 
0 0 0 59 0 15 0 0 0 0 75 0 0 0 0 0 0 0 0 0 0 0 0 44 0 0 0 0 0 0 0 0 0 0 0 0 88 12 0 2 0 71 0 0 0 0 0 0 0 0 0 0 0 0 0 0 6 0 0 0 0 77 0 0 0 0 0 79 0 0 0 0 0 0 0 52 73 0 74 0 0 0 90 0 0 86 0 0 0 0 68 0 0 8 0 0 0 13 0 0 
0 0 0 74 0 0 0 68 0 10 28 0 0 1 0 0 0 0 0 0 0 0 51 0 59 0 0 0 65 0 0 0 0 0 0 0 38 0 49 54 0 0 0 93 0 0 0 58 0 0 0 0 0 20 95 0 0 22 79 0 0 0 0 94 0 84 0 0 0 0 0 0 0 0 15 0 97 0 0 0 0 0 0 0 0 0 0 81 0 0 0 69 69 71 0 0 35 0 0 61 
0 0 72 0 0 0 0 0 0 0 0 33 0 0 0 0 0 0 0 0 0 0 0 0 20 0 34 37 40 77 0 0 0 0 83 0 87 1 0 76 0 19 0 0 0 64 0 0 0 0 5 0 47 0 43 0 0 0 0 0 0 75 0 0 1 0 0 0 0 0 0 0 51 0 50 0 0 92 0 0 0 2 0 0 0 0 0 77 0 0 0 0 0 0 58 88 0 0 0 0 
0 0 0 0 0 0 61 0 0 56 0 51 0 38 0 0 0 0 0 0 0 0 62 0 72 28 0 0 0 0 0 65 0 0 0 56 89 24 32 0 0 0 0 0 0 0 0 30 0 0 23 62 0 68 82 0 73 37 0 0 0 14 0 0 60 17 22 0 0 0 0 0 0 0 0 0 95 0 0 0 0 0 0 0 0 0 0 0 0 0 0 63 0 39 0 0 0 0 0 30 
8 0 0 92 0 0 0 0 0 0 0 0 2 0 12 81 0 0 4 0 0 0 0 84 0 27 0 76 0 91 0 0 0 90 40 0 0 0 0 0 0 0 0 0 0 0 0 0 58 78 24 0 0 0 0 0 0 0 0 0 0 83 0 45 80 0 0 42 57 12 0 0 89 87 0 94 32 18 94 16 52 0 0 19 0 12 0 87 43 0 0 0 1 0 0 0 46 0 91 0 
0 0 0 0 25 0 19 0 32 0 59 74 0 0 0 13 86 0 0 0 0 0 0 0 0 0 85 0 42 0 35 0 0 0 0 0 78 47 0 26 0 0 0 97 0 0 0 0 0 74 0 0 55 0 88 0 0 0 0 99 0 0 0 0 0 68 0 70 41 89 7 0 0 95 51 0 0 19 0 55 0 23 0 0 32 0 93 0 88 0 0 4 78 22 0 0 0 0 0 0 
0 0 56 65 0 0 0 0 0 0 0 0 0 0 0 0 0 0 0 58 23 0 0 0 73 0 0 0 0 0 0 0 0 0 50 0 0 0 0 66 0 0 0 0 78 71 0 0 22 0 0 2 0 0 0 0 38 0 0 0 0 48 0 78 0 0 0 0 0 0 0 0 69 17 0 0 0 0 69 0 0 0 91 96 0 54 0 0 55 0 0 65 0 85 0 0 71 0 44 0 
0 0 0 0 0 53 0 0 0 0 0 0 0 0 0 6 33 0 0 0 0 38 0 58 0 0 0 0 0 0 36 0 0 0 15 51 0 0 0 0 0 33 0 0 0 0 0 0 0 0 76 0 0 0 0 13 43 0 0 0 38 0 0 0 0 0 63 57 72 15 0 58 96 0 40 0 0 0 0 0 0 82 0 0 0 0 0 0 0 0 0 62 0 0 27 0 0 0 0 0 
0 0 0 0 0 0 0 0 0 0 0 45 0 67 86 84 0 0 0 0 47 0 10 88 0 0 0 0 0 21 29 0 0 0 0 0 0 0 0 0 0 0 64 0 19 0 0 0 24 0 0 0 0 0 0 0 0 0 77 0 82 51 0 63 0 0 0 0 71 63 6 0 73 0 36 0 0 0 0 0 0 66 0 0 0 49 45 0 0 17 0 0 0 28 0 0 94 0 0 0 
9 0 3 0 0 0 0 0 0 0 0 0 0 0 59 0 0 67 76 0 0 39 75 0 0 0 0 89 0 0 4 0 0 0 1 0 10 0 0 0 0 0 0 0 0 0 70 33 0 0 0 0 0 0 46 0 0 0 0 0 29 0 10 0 0 0 0 0 0 0 0 60 73 29 0 0 0 0 76 0 0 84 88 0 50 0 0 0 0 0 0 0 0 0 0 0 52 0 0 0 
0 51 0 0 0 1 87 34 0 69 0 68 0 0 0 0 0 0 0 0 0 95 11 0 0 2 34 0 23 0 0 0 0 0 0 98 0 0 0 0 0 83 0 0 5 0 25 0 0 0 0 0 0 0 0 0 0 0 0 0 0 0 19 35 0 0 0 0 0 66 0 0 0 0 0 0 0 0 0 0 0 18 0 0 0 0 51 0 99 0 0 0 0 0 0 27 0 50 0 0 
0 91 21 0 0 0 82 0 0 0 0 0 0 0 0 0 0 76 6 0 0 0 0 0 0 0 47 0 94 0 0 0 0 23 99 12 0 0 28 0 0 0 0 0 81 0 0 18 90 0 0 0 0 0 0 84 0 0 0 0 0 0 29 0 0 0 0 0 0 0 0 0 0 0 0 99 53 0 55 0 0 9 0 0 0 0 0 0 0 16 0 12 93 0 0 0 0 0 0 0 
0 0 0 11 0 46 0 25 93 0 93 0 37 0 10 0 0 0 0 0 31 0 0 0 0 0 0 0 91 0 0 0 0 0 72 72 55 0 75 0 78 0 0 27 0 82 0 0 0 17 0 0 59 0 0 2 0 0 82 0 0 0 0 0 0 0 0 21 0 0 0 74 0 0 85 0 0 0 0 28 0 0 0 0 0 0 0 0 61 0 24 0 0 0 85 28 0 0 0 53 
0 0 0 75 0 0 0 0 0 37 0 66 0 0 0 0 39 0 0 0 0 0 0 0 0 37 0 0 0 0 0 0 0 0 0 0 71 0 0 0 71 0 0 0 0 0 39 0 0 47 57 0 0 0 0 0 0 0 0 94 0 0 60 0 0 0 70 54 0 94 0 0 0 0 0 0 0 0 0 0 0 0 12 0 0 0 0 0 95 0 0 0 68 0 60 0 52 30 5 82 
0 30 94 0 96 0 0 22 0 0 0 0 0 0 0 0 0 0 0 0 0 14 0 0 0 0 0 0 0 18 0 0 0 0 34 0 0 0 0 0 0 0 0 0 0 0 0 0 94 90 0 0 0 0 0 0 0 24 0 0 97 0 44 75 0 0 0 89 0 0 0 15 0 42 0 87 0 0 0 0 0 73 0 0 99 48 0 0 0 0 0 74 0 0 0 0 0 0 20 0 
0 9 0 12 0 0 0 64 70 0 0 0 0 98 0 95 99 0 0 0 0 0 32 0 0 0 0 0 0 0 0 97 11 0 0 0 0 0 0 0 44 0 0 0 31 0 0 0 0 0 0 0 0 53 0 0 0 99 0 0 22 0 12 67 26 0 50 23 0 0 0 0 0 60 0 31 0 0 75 0 0 0 0 0 0 0 0 0 55 0 0 16 22 0 0 0 71 27 0 63 
28 46 78 0 0 63 28 0 39 77 0 50 0 14 0 0 0 84 31 0 0 0 0 0 0 0 0 0 0 0 0 0 77 0 0 0 0 0 0 0 0 23 0 0 0 0 0 70 0 0 0 0 0 0 0 0 0 0 0 0 0 0 0 0 0 0 0 0 66 0 0 0 0 0 0 67 0 0 61 0 18 56 0 0 0 0 88 0 0 34 0 25 90 20 0 11 0 0 66 0 
0 0 0 0 0 0 31 0 0 0 85 0 0 0 0 0 0 95 0 21 0 0 0 42 92 0 54 0 41 0 0 0 0 0 0 0 30 0 90 60 0 5 0 0 0 0 0 0 0 0 0 97 0 0 0 0 0 87 0 0 0 0 0 0 0 0 0 0 22 0 0 0 0 0 0 0 0 58 0 67 0 0 59 0 0 0 0 0 38 0 0 0 0 0 99 0 0 0 0 0 
0 0 0 0 0 0 0 0 0 12 0 0 0 0 0 40 0 0 0 0 0 0 0 0 17 0 44 0 23 0 0 0 0 0 0 0 0 92 0 85 0 0 0 25 0 0 0 60 0 0 0 0 32 31 0 0 9 0 41 0 0 0 0 0 40 0 0 0 65 0 0 0 0 0 37 76 0 0 0 36 0 0 0 10 0 0 44 0 0 0 0 0 27 0 0 0 0 0 0 0 
95 0 0 0 0 0 0 79 0 0 0 0 0 0 0 0 98 0 31 0 0 0 36 0 0 0 0 0 0 0 0 0 0 99 0 0 29 0 0 0 0 22 74 0 0 0 70 14 0 0 0 22 0 5 0 0 0 0 0 0 47 46 0 0 0 94 23 0 0 0 0 31 0 45 51 0 12 0 0 0 0 0 0 0 0 78 0 93 0 21 0 0 0 45 0 0 0 0 55 50 
0 66 97 53 0 0 0 0 0 0 0 0 0 0 0 0 71 11 0 0 0 0 0 0 0 41 28 0 0 0 77 0 0 0 21 0 0 0 0 4 0 18 99 0 0 0 29 35 0 97 0 0 0 0 0 0 0 0 0 0 0 0 0 0 0 0 72 0 0 0 0 0 0 0 0 0 0 0 0 0 20 0 0 33 11 0 56 0 0 0 0 88 0 0 0 45 0 0 0 0 
0 0 0 0 0 0 0 0 0 0 54 90 0 0 0 23 0 0 0 0 53 81 0 0 0 0 0 0 0 0 0 0 5 0 0 0 4 0 77 0 78 0 0 0 97 0 39 0 0 0 0 0 0 0 0 0 0 0 63 62 0 0 9 0 0 16 84 0 0 5 0 0 0 48 0 19 66 0 22 0 0 0 0 0 0 0 0 0 57 0 0 0 0 0 0 0 0 0 92 0 
40 0 0 67 46 0 0 0 37 0 0 0 0 22 0 0 0 0 0 9 8 0 0 31 0 89 0 0 0 17 0 0 0 0 0 98 0 0 0 0 89 40 0 0 0 0 0 0 0 0 0 0 47 0 21 72 0 3 80 66 14 70 0 0 0 0 0 0 89 94 0 0 0 0 0 0 33 0 0 0 0 0 0 72 0 0 64 35 0 36 0 57 0 51 0 0 0 0 0 0 
68 0 0 0 0 0 0 0 0 0 0 0 0 0 0 0 66 0 0 0 50 0 46 75 0 0 0 0 0 0 0 57 0 0 0 0 0 0 5 80 0 0 35 0 0 0 22 0 0 0 0 0 0 0 0 0 0 0 0 0 0 0 94 94 0 0 0 0 0 0 0 0 71 0 0 0 0 0 0 7 0 16 0 0 0 0 9 0 0 0 0 0 0 3 0 0 0 0 0 14 
0 0 0 0 0 0 0 0 71 0 57 0 0 0 0 0 0 0 0 0 0 0 0 59 0 0 30 0 0 35 0 0 0 0 0 0 0 20 31 0 0 0 0 0 0 13 0 0 30 0 0 0 0 0 68 0 0 0 0 0 0 0 0 0 0 0 0 0 0 0 0 97 0 0 0 0 0 0 29 0 0 0 0 0 0 0 0 0 0 0 0 0 0 0 0 0 0 0 88 24 
65 0 0 0 0 0 0 0 0 0 70 0 0 41 0 62 0 0 0 0 0 0 14 0 0 72 0 0 0 0 0 0 0 0 0 0 0 79 18 0 0 77 1 5 0 0 65 0 33 0 0 0 0 0 44 47 57 0 0 43 93 0 60 0 0 0 0 0 0 0 0 0 0 0 0 0 0 0 0 33 0 0 0 0 0 0 0 50 0 0 0 0 0 0 0 0 0 0 0 46 
0 0 0 0 0 83 9 0 3 0 2 0 0 0 0 0 0 0 0 0 0 0 0 0 0 0 0 0 0 39 0 10 3 0 0 0 0 79 0 0 84 18 0 0 0 0 0 0 0 0 0 0 0 0 72 0 60 78 0 0 0 36 0 0 27 0 0 0 0 0 72 0 0 0 0 67 0 19 0 0 51 0 61 88 0 0 64 42 0 0 6 48 65 0 0 0 0 0 0 37 
0 0 0 0 45 0 0 0 0 0 15 0 40 52 4 0 77 0 0 0 77 13 0 0 62 0 0 0 0 6 0 0 25 13 95 0 30 79 0 0 2 0 40 0 0 66 20 0 0 0 0 0 0 0 0 13 27 0 82 0 0 0 0 0 0 0 0 88 39 0 0 96 0 0 0 0 44 0 0 0 49 0 0 0 0 13 0 0 0 0 0 0 0 0 0 0 0 51 0 0 
0 0 0 0 87 0 0 47 0 0 0 0 0 0 1 0 0 0 0 0 0 25 0 0 0 0 61 92 0 17 0 0 0 17 67 13 56 0 0 0 0 0 38 36 0 0 0 0 71 0 25 0 0 0 0 0 0 0 0 0 0 34 68 0 0 0 0 0 0 0 0 0 0 32 0 0 95 0 0 74 0 0 0 0 55 0 0 0 0 0 90 38 48 57 0 59 0 0 0 98 
62 0 0 0 0 0 0 0 0 0 0 0 0 67 61 0 0 0 0 42 58 0 0 0 3 0 61 83 0 84 21 0 0 0 0 0 70 0 0 99 0 0 0 0 0 27 0 0 0 0 0 0 0 0 0 0 30 0 0 58 0 0 0 0 0 0 0 0 0 0 0 81 0 0 35 51 0 0 0 49 0 23 0 0 0 0 17 0 0 27 43 80 36 0 0 42 4 0 0 0 
0 1 0 0 85 0 0 0 0 0 0 0 0 0 72 0 0 0 0 72 71 0 0 0 0 0 0 0 0 0 0 0 0 0 0 0 0 0 0 0 11 60 0 65 0 45 0 0 0 0 0 0 98 0 0 15 0 0 0 0 10 0 0 0 0 0 15 0 0 15 0 16 0 0 0 0 0 0 0 2 0 6 86 0 0 0 0 60 22 67 58 70 0 0 0 0 0 0 0 0 
0 60 0 0 0 0 0 0 0 0 61 0 0 0 0 0 0 0 69 51 0 0 72 31 0 5 0 0 0 0 27 0 0 0 0 0 0 0 0 0 0 88 0 0 0 0 0 0 0 0 0 0 85 0 0 0 0 0 0 0 0 30 0 0 0 89 0 23 0 1 0 0 0 0 0 0 78 0 0 0 0 0 0 0 94 42 0 27 0 55 0 12 0 0 0 0 0 64 0 0 
0 0 0 0 0 0 0 0 93 0 0 0 0 0 0 0 0 0 0 67 0 0 34 0 11 0 52 0 0 58 0 0 0 0 0 0 0 0 0 0 0 60 0 0 0 0 14 0 28 0 25 31 77 55 0 0 0 0 0 0 0 0 0 16 0 62 0 38 0 0 95 0 6 0 0 0 0 2 0 7 0 0 0 0 38 35 0 0 0 0 0 0 0 0 0 0 0 0 25 0 
0 29 0 73 0 16 0 0 1 0 0 17 41 75 0 0 0 14 35 0 0 97 0 0 71 17 0 0 0 0 0 0 43 0 0 0 0 0 0 0 83 92 0 0 0 0 0 68 31 0 0 0 0 54 0 0 0 0 0 99 0 0 0 0 0 0 0 0 0 0 0 0 0 0 0 0 44 0 82 0 0 0 0 0 0 15 0 0 0 0 0 0 0 0 0 0 0 12 0 0 
0 3 0 0 75 0 0 0 0 0 0 64 0 0 58 0 0 75 0 0 78 0 0 0 79 0 0 0 0 0 0 0 0 91 0 65 0 3 0 0 66 89 6 70 0 0 82 0 0 8 34 0 0 43 17 0 46 0 0 0 0 0 18 0 92 0 88 75 0 0 0 0 1 7 88 51 0 0 0 0 0 0 0 0 0 0 0 0 80 0 0 0 0 0 0 0 0 72 0 0 
0 58 0 0 0 0 0 65 99 0 0 0 0 21 0 0 0 29 0 19 31 0 0 32 0 0 16 0 0 0 0 0 0 0 0 0 0 10 0 0 0 0 0 0 12 0 0 18 94 0 36 44 0 11 0 0 0 0 0 0 0 46 0 0 0 0 23 0 0 77 0 0 0 0 78 86 0 0 0 0 0 0 0 0 0 89 56 0 0 93 76 0 0 0 0 0 0 0 0 0 
0 0 0 0 51 3 0 0 0 52 16 0 0 0 0 86 0 0 0 0 17 0 0 73 0 0 0 0 0 66 0 0 0 0 0 0 55 0 0 77 0 0 0 0 0 0 10 0 0 0 0 48 0 0 0 9 0 0 0 0 0 32 0 0 0 0 0 0 0 0 0 0 0 0 0 0 0 15 0 0 0 0 0 0 0 61 0 0 0 85 26 0 0 0 0 80 0 88 0 0 
0 0 0 84 0 34 0 0 0 0 0 0 9 0 0 59 0 0 0 85 0 0 0 0 0 0 0 73 54 0 0 0 0 0 0 0 0 0 0 0 0 0 0 0 0 43 0 8 0 0 0 0 0 0 0 0 0 94 0 70 86 53 0 0 0 0 0 0 0 0 86 0 98 0 0 0 0 0 0 0 0 0 0 0 0 0 0 0 0 0 0 0 48 0 0 0 0 0 0 0 
0 0 0 0 0 0 0 0 0 72 0 0 0 16 0 0 65 62 0 0 0 0 15 0 0 0 59 0 0 0 84 0 0 20 0 0 54 0 0 0 84 0 0 0 0 38 39 0 0 14 0 19 0 0 0 45 0 0 0 0 0 0 0 82 0 0 0 0 0 0 0 0 0 0 0 0 0 0 0 0 0 33 0 0 0 23 0 58 94 0 0 18 17 0 0 0 0 49 0 0 
0 0 1 76 0 0 77 0 0 0 0 53 0 0 0 79 0 0 96 0 0 52 0 88 89 92 0 0 0 0 84 0 0 0 0 14 0 0 0 65 57 0 0 0 0 0 0 0 0 0 0 0 0 77 0 56 0 0 97 0 0 0 0 46 0 0 44 0 25 0 46 81 0 0 85 0 0 41 0 0 0 0 0 0 0 0 0 0 0 67 0 0 0 43 0 0 0 0 0 0 
0 0 38 0 0 0 0 82 0 0 0 0 0 52 0 0 51 12 0 0 19 57 0 87 0 0 39 0 18 0 49 0 0 0 18 90 85 0 0 0 0 27 83 0 0 0 0 0 0 0 0 0 0 0 0 0 0 0 6 90 99 0 0 0 0 47 0 0 0 0 0 0 16 0 88 69 0 0 0 0 0 1 0 27 0 0 0 0 0 63 0 0 0 0 0 0 0 0 0 0 
0 72 0 92 60 62 0 0 0 10 0 89 0 0 82 0 0 0 0 0 81 0 0 76 0 44 0 0 0 0 0 0 0 0 0 0 0 35 19 92 48 0 0 0 0 0 0 58 95 0 14 0 0 0 0 0 0 0 0 0 0 0 0 0 0 17 60 86 0 0 0 88 47 50 0 0 0 95 0 0 98 0 0 10 0 0 0 49 0 0 47 0 11 0 0 0 0 0 86 0 
0 0 0 56 0 0 31 0 0 87 0 0 34 0 0 0 18 0 0 74 0 70 2 0 0 0 78 0 29 0 45 0 0 0 0 0 0 0 0 0 0 0 0 0 0 68 0 62 15 0 27 0 0 0 43 0 0 0 46 43 0 0 0 28 0 0 0 0 0 0 69 0 0 0 0 0 0 0 0 5 0 0 0 0 0 0 0 91 0 0 42 0 0 0 0 0 14 46 0 0 
81 0 0 0 0 0 0 0 0 67 0 27 58 0 0 0 0 0 84 0 0 63 0 0 0 0 36 0 0 0 62 0 0 0 0 0 80 0 6 0 0 0 0 0 0 0 0 0 0 0 0 0 0 0 0 9 0 0 19 0 0 27 0 0 0 83 0 0 79 0 0 66 0 0 0 4 0 81 8 0 0 0 0 0 0 0 0 0 0 0 0 0 0 10 0 0 0 26 0 19 
0 0 0 0 31 57 0 0 0 0 0 37 0 0 0 0 0 18 0 0 0 32 15 74 0 33 0 0 0 0 59 80 0 0 0 0 0 0 0 0 0 0 0 66 0 0 0 71 0 32 0 0 0 0 79 0 0 54 0 0 0 0 0 0 0 0 0 0 84 0 0 0 0 0 0 0 5 25 0 96 0 41 0 0 0 0 0 0 0 0 78 0 0 0 45 0 0 0 0 0 
0 0 0 0 0 0 0 0 0 0 73 0 49 0 0 0 0 0 0 0 0 0 24 0 0 0 17 87 0 0 0 92 0 0 0 0 0 0 0 33 0 0 0 0 0 28 52 0 0 0 0 0 0 0 18 0 0 0 0 0 0 0 0 0 0 0 0 15 0 0 0 0 87 0 55 0 4 0 0 0 0 0 0 0 71 0 55 0 74 0 0 0 0 98 0 0 82 0 0 0 
0 0 52 88 92 0 0 0 0 0 0 0 0 0 5 0 0 0 0 29 0 46 0 8 0 0 0 0 0 0 62 66 0 0 78 0 0 0 0 0 0 0 0 0 72 0 0 97 0 0 0 0 0 0 59 0 35 74 85 0 0 0 0 0 0 0 0 0 0 0 0 0 0 42 96 5 0 0 0 0 0 0 0 0 0 0 0 0 0 23 0 0 0 0 0 73 0 96 43 0 
0 0 0 0 69 0 60 0 0 0 0 82 0 0 0 76 0 0 1 0 38 0 0 0 0 0 0 0 0 0 0 17 0 0 52 0 0 85 0 0 0 0 0 0 0 0 0 31 0 85 0 0 0 0 0 71 0 0 0 0 0 0 65 0 0 18 57 0 21 0 0 31 0 0 0 0 0 0 0 0 38 0 0 63 0 0 0 0 0 78 24 0 0 13 0 0 0 0 0 0 
29 0 0 0 12 0 0 0 0 0 0 0 86 23 75 62 0 67 6 0 52 0 0 0 0 0 0 0 65 18 0 67 78 0 0 0 0 62 22 52 0 96 79 63 77 0 0 0 0 0 0 0 0 58 0 0 0 0 0 0 0 0 0 37 0 0 0 0 0 0 0 0 3 0 0 0 0 30 0 0 0 0 0 0 34 0 0 84 0 0 0 0 13 0 0 0 0 42 0 93 
0 0 0 0 0 0 92 0 0 70 0 92 6 0 0 0 98 30 0 0 0 69 0 0 42 0 0 0 0 0 14 0 0 0 0 0 0 0 0 0 0 0 0 0 0 0 0 0 0 0 96 0 0 0 52 0 63 0 0 0 50 0 0 0 0 0 0 0 0 0 0 0 0 34 0 0 0 97 39 0 0 16 0 0 7 48 0 0 0 0 0 27 0 0 0 0 0 0 36 0 
0 0 0 0 72 0 0 0 52 0 0 19 0 0 0 91 0 0 82 0 38 47 0 0 0 45 0 0 0 0 0 0 0 42 0 32 0 33 0 0 90 0 0 28 0 67 0 0 0 0 0 36 0 0 0 0 0 67 0 0 0 0 0 0 0 0 72 33 0 29 0 65 0 0 0 0 0 0 87 0 0 90 0 0 0 74 66 0 69 13 0 0 27 0 0 88 0 0 0 0 
0 0 92 0 0 21 10 41 0 0 0 0 0 0 13 0 0 82 0 0 71 16 0 0 0 0 0 0 0 0 67 0 0 39 0 28 0 31 0 0 0 92 0 0 0 0 0 0 3 0 0 0 6 78 7 0 0 0 0 0 0 0 0 0 0 0 0 0 0 0 0 0 0 0 10 0 50 0 0 0 0 0 0 0 9 5 0 0 0 0 0 62 0 0 0 0 0 0 0 0 
0 0 0 25 0 0 77 0 0 15 0 0 0 3 0 96 0 0 47 80 85 0 0 0 16 44 0 91 0 0 0 0 0 0 0 0 0 0 0 0 0 0 55 0 63 0 59 7 84 0 0 73 0 0 40 0 0 0 0 0 0 0 0 0 0 12 0 0 0 0 0 0 75 0 73 0 0 0 0 0 0 0 0 0 79 0 0 20 0 0 0 0 0 19 99 77 0 0 0 0 
51 0 0 12 0 0 47 0 0 59 0 0 0 0 0 96 0 0 0 0 0 0 0 0 0 0 0 44 0 26 0 0 87 0 0 78 0 14 0 86 19 0 0 28 0 0 0 0 0 0 0 90 0 40 0 0 78 0 86 0 87 0 57 0 0 0 0 0 0 81 0 0 0 0 55 0 0 9 0 0 41 87 0 0 94 56 0 0 0 84 0 0 47 0 11 93 0 88 0 0 
0 0 86 90 0 0 0 0 0 48 12 37 0 0 37 0 0 0 0 0 57 0 0 0 21 0 0 0 0 0 0 0 0 90 0 0 0 76 0 0 9 21 0 0 0 0 0 0 0 0 0 45 0 0 0 0 26 0 0 0 0 0 71 0 0 21 0 0 0 0 0 0 0 0 0 0 22 0 0 0 0 0 2 0 0 0 0 0 0 0 0 0 0 0 66 71 0 0 36 0 
0 19 0 0 80 98 0 0 0 0 0 0 61 52 0 80 0 0 0 0 0 9 38 0 57 0 0 0 84 0 82 0 31 0 0 0 0 0 0 14 12 0 27 0 0 0 0 70 0 27 0 0 69 48 0 15 0 0 16 0 0 0 0 0 0 0 0 0 20 25 24 75 0 0 0 0 0 0 92 0 0 0 0 0 0 0 0 0 0 0 0 0 70 59 0 29 0 96 0 0 
76 87 0 0 0 0 0 4 0 0 0 0 0 0 17 27 96 0 0 0 62 0 0 0 0 0 0 18 32 0 0 0 0 75 0 0 76 0 0 0 0 0 0 0 0 0 0 0 13 26 0 69 0 0 0 28 83 0 0 0 0 0 0 0 0 0 7 0 0 0 94 0 0 0 33 0 0 0 0 0 0 0 0 0 0 0 0 17 0 61 0 98 0 0 0 0 0 77 0 0 
0 36 0 0 0 0 0 0 0 0 0 0 0 0 0 12 0 0 0 0 0 0 0 0 0 0 0 0 0 62 0 0 0 0 77 0 33 6 0 0 0 0 31 75 0 0 0 0 0 0 33 24 0 0 0 31 87 0 0 0 0 0 0 39 0 0 0 0 0 84 0 0 45 0 0 0 54 27 0 0 0 0 0 0 83 0 0 0 45 17 0 15 0 64 0 0 0 0 24 0 
0 0 0 0 20 0 21 64 0 49 77 0 0 0 0 0 0 0 0 0 0 71 0 0 0 0 0 0 0 0 0 0 0 53 0 92 35 14 0 0 0 27 0 0 0 32 0 0 0 0 34 0 55 52 9 0 56 0 0 0 35 0 0 85 0 0 85 0 49 0 0 35 0 0 0 0 7 0 0 0 21 0 0 0 0 34 97 0 0 84 0 0 0 31 0 0 0 0 76 0 
0 4 0 0 0 0 0 35 0 0 0 0 0 0 0 0 0 55 0 0 0 0 8 0 0 0 63 0 0 0 87 0 0 0 0 37 0 51 84 0 36 38 0 0 0 0 0 72 0 0 0 0 0 0 39 0 77 88 80 0 41 0 0 0 26 0 0 0 0 16 71 0 0 0 0 0 21 0 93 0 0 0 92 0 0 0 0 0 21 0 22 0 0 93 0 0 0 0 0 0 
0 87 0 0 0 0 0 0 0 0 0 7 49 46 0 73 0 61 43 0 0 0 0 50 0 0 0 75 0 67 0 67 25 46 74 0 0 0 0 0 54 0 59 0 0 45 80 63 0 0 87 0 0 0 0 39 0 0 97 0 0 0 0 0 0 0 1 0 57 0 0 0 0 0 0 0 0 0 71 33 0 0 23 0 0 0 0 0 72 0 40 0 0 0 0 0 44 46 91 8 
23 0 0 0 0 0 0 0 0 0 74 0 0 0 0 81 0 30 0 74 41 0 0 0 0 0 0 70 0 0 0 50 4 0 0 0 0 0 0 0 44 0 92 90 0 0 0 0 62 39 20 0 8 0 0 0 0 7 0 29 59 0 0 96 0 0 0 0 25 0 0 0 56 0 0 0 0 0 0 4 0 0 0 0 0 0 6 0 0 0 0 0 53 0 0 0 0 0 0 0 
0 68 0 0 47 36 9 0 10 0 0 0 0 0 0 2 23 0 0 0 53 96 0 0 0 0 0 81 0 0 58 3 0 0 0 0 11 56 0 0 0 0 0 0 0 0 65 0 0 96 27 0 0 0 0 0 0 0 38 40 0 0 0 0 0 6 0 0 66 69 0 0 0 0 0 64 30 45 85 30 0 0 23 0 0 0 30 40 0 0 0 0 0 0 0 81 63 52 0 8 
0 0 0 0 0 0 23 0 0 0 0 0 0 74 0 25 0 0 0 0 0 0 84 34 0 0 3 0 0 0 0 0 29 0 11 0 0 0 0 0 95 0 0 0 15 0 0 0 0 0 0 0 0 0 0 0 0 0 0 86 0 0 0 0 0 28 0 0 0 0 0 0 0 0 0 0 0 0 0 0 0 52 0 0 6 0 27 0 0 0 0 21 0 0 86 85 0 0 0 0 
0 0 0 0 33 0 0 56 0 0 12 0 0 98 0 0 0 0 0 0 0 0 0 73 70 67 0 81 0 0 59 0 0 58 0 0 0 0 0 0 48 0 41 0 0 93 0 0 0 0 0 0 59 0 0 0 43 0 0 0 61 0 0 0 0 0 0 53 0 0 0 0 0 0 99 0 70 0 19 0 0 0 0 14 0 0 0 0 0 61 0 0 0 0 53 0 0 0 0 0 
0 6 0 0 0 0 30 28 0 0 90 0 0 37 0 0 0 0 85 0 0 0 0 0 0 0 0 28 0 46 0 0 21 0 0 0 0 0 0 0 0 0 56 0 0 0 0 0 0 0 60 0 37 65 0 0 60 0 0 0 84 0 29 0 40 70 0 7 83 0 12 0 0 0 0 91 66 0 0 0 0 0 0 4 0 91 32 0 0 0 0 0 65 22 70 0 0 39 89 0 
0 0 0 0 0 0 0 74 0 0 22 89 0 39 0 0 19 0 0 13 3 0 0 0 0 0 0 21 0 0 0 0 47 0 76 0 0 7 0 0 52 0 0 0 95 85 0 0 0 0 0 0 0 0 46 0 0 15 0 0 0 0 0 0 0 3 0 0 0 0 0 20 0 0 0 41 0 0 0 57 0 0 88 17 0 0 0 0 38 55 0 0 95 0 4 0 0 0 0 4 
45 0 17 0 0 0 0 0 0 0 0 0 0 0 0 0 0 0 0 39 0 94 0 0 0 82 0 0 0 0 0 0 1 0 0 19 0 97 0 0 0 0 0 0 0 0 33 0 48 45 0 0 0 0 0 26 91 0 47 0 32 0 0 0 0 0 0 0 0 0 0 0 29 0 0 0 0 94 0 59 0 83 0 0 0 47 0 0 0 0 0 0 0 0 0 0 0 0 0 0 
0 0 59 0 0 0 0 77 0 0 0 0 0 0 33 0 78 28 93 36 0 0 62 51 0 0 87 0 0 0 0 0 0 99 0 0 0 37 0 0 0 0 0 49 0 0 0 0 0 0 44 0 0 0 0 98 0 0 0 22 0 0 0 0 60 0 0 0 0 0 51 0 0 0 0 0 0 72 0 0 0 15 0 0 91 92 0 0 0 0 0 0 82 68 0 19 0 0 0 36 
0 0 0 0 42 0 0 0 0 0 0 0 7 0 0 38 34 89 0 0 0 0 75 0 25 0 0 25 0 85 0 49 0 0 68 0 0 0 0 0 0 0 85 0 37 0 0 0 0 84 0 78 0 0 0 0 0 0 84 0 25 1 53 17 28 0 0 0 0 44 0 0 0 0 0 56 0 34 0 0 4 79 0 0 0 47 0 0 0 0 44 0 0 57 50 46 0 0 0 0 
0 46 39 6 0 0 0 23 0 0 0 0 0 0 0 0 0 0 88 0 0 0 0 0 82 0 0 0 0 29 0 0 0 0 0 0 0 0 0 0 0 0 2 0 0 0 0 62 0 0 0 0 0 0 0 0 0 0 0 0 0 0 0 0 0 33 0 0 0 0 90 0 49 92 0 0 0 50 90 19 65 0 0 0 0 32 0 0 42 0 0 48 0 0 0 66 0 85 0 0 
0 0 11 0 0 0 0 0 0 0 95 0 0 24 0 0 0 0 0 0 0 98 0 43 0 0 0 0 10 13 0 97 0 0 39 0 0 0 0 0 0 71 97 0 0 0 0 0 0 39 0 94 34 5 78 0 0 0 0 0 55 0 84 9 0 0 0 52 0 0 0 0 0 0 50 0 0 0 0 0 0 0 0 0 0 0 0 0 0 0 0 0 0 0 74 39 0 0 0 0 
0 0 82 0 0 0 0 0 0 0 65 0 0 4 50 0 91 95 3 0 0 71 0 0 54 0 0 0 0 4 41 0 0 0 0 0 94 0 0 0 0 0 0 0 0 0 0 21 0 0 0 44 0 0 0 0 0 0 0 0 0 0 0 0 6 0 0 0 0 0 0 90 0 0 0 0 0 0 0 0 0 94 0 0 75 0 58 0 0 0 0 68 0 0 0 0 0 0 0 0 
0 0 0 0 0 0 0 0 0 0 0 0 0 0 66 0 0 83 0 23 44 0 47 0 0 0 0 49 0 0 0 26 66 0 44 38 0 32 69 0 0 0 0 0 61 0 0 0 0 0 0 0 0 0 0 63 0 0 0 0 0 0 0 0 66 50 0 0 64 91 0 0 0 0 0 24 0 0 0 28 47 0 0 0 97 85 0 0 0 0 0 0 0 0 0 63 0 0 0 3 
49 0 0 0 0 0 0 0 0 0 0 5 0 0 63 0 0 0 0 0 0 0 0 0 15 0 0 0 0 0 0 0 0 68 0 0 0 0 0 0 0 0 0 0 72 49 0 0 53 0 0 0 0 0 0 91 0 49 0 0 0 8 0 0 0 16 0 90 0 90 0 31 0 0 0 0 0 76 0 0 0 0 0 6 44 0 0 26 33 0 0 0 0 0 0 52 0 92 0 35 
0 0 0 0 0 31 0 0 0 0 0 0 0 0 0 49 0 0 0 22 0 0 0 63 0 0 0 0 0 0 35 0 0 0 0 0 0 42 68 0 20 60 71 0 0 89 0 0 0 0 0 0 0 94 2 0 0 83 67 0 0 34 92 13 0 0 0 0 0 23 0 0 0 11 0 0 0 0 66 0 60 83 0 0 0 0 0 62 0 30 0 0 0 0 52 8 0 0 0 0 
0 0 82 0 40 0 0 0 0 0 0 45 0 0 0 0 0 0 0 0 0 0 0 65 0 0 0 46 0 0 0 0 0 0 0 0 51 0 33 0 86 15 0 26 0 0 21 74 0 70 0 0 20 0 0 0 0 0 0 0 73 0 0 0 0 0 0 0 0 63 0 0 0 0 0 47 0 0 0 0 0 43 0 16 0 22 0 0 0 0 0 0 0 0 0 0 0 99 0 22 
0 0 0 54 0 0 0 0 0 0 98 0 0 0 0 0 0 0 0 0 0 26 0 0 0 49 0 0 18 0 0 0 21 0 0 22 0 26 0 0 0 0 0 0 0 7 71 54 0 75 0 62 39 0 0 60 0 0 64 51 0 81 11 0 0 0 93 0 0 57 0 0 0 0 35 56 0 0 0 0 0 0 53 0 0 91 54 0 44 64 0 69 43 60 0 0 0 0 10 0 
0 0 0 58 0 0 17 0 0 0 0 0 3 0 72 0 46 0 0 0 0 0 0 0 46 39 74 0 99 76 0 0 0 0 0 0 0 0 1 0 0 0 0 0 0 0 0 0 0 0 47 0 0 0 0 0 0 0 0 25 0 0 0 0 0 0 0 0 6 0 0 73 71 31 0 0 11 0 0 0 0 0 0 0 0 59 0 0 0 0 0 0 53 0 0 14 0 26 0 0 
0 0 0 0 0 0 67 69 0 1 0 0 0 86 13 0 0 0 92 0 14 0 0 0 0 0 0 0 63 11 0 0 0 0 43 0 35 0 4 0 0 0 0 0 0 0 0 0 12 74 0 0 0 0 0 29 52 0 0 0 0 0 0 98 40 0 0 0 0 0 0 0 0 83 73 89 0 0 0 6 0 76 21 0 0 0 0 59 0 0 0 0 35 0 0 0 0 0 0 0 
18 0 0 0 0 0 0 28 43 0 0 0 0 0 0 0 2 38 0 0 0 0 0 0 0 0 0 0 0 0 38 87 0 2 0 0 0 43 0 0 67 0 32 0 56 0 63 0 0 0 0 0 0 0 0 0 0 0 0 66 0 0 0 0 0 44 6 0 0 0 0 0 0 0 0 0 0 0 0 0 0 0 0 0 0 0 0 0 0 0 0 74 19 0 0 61 20 0 0 52 
0 32 94 0 0 0 0 0 0 84 0 0 0 0 0 47 0 30 0 0 0 0 0 0 0 92 0 0 0 0 0 0 0 79 0 0 0 0 0 0 0 45 0 0 0 0 16 0 0 90 92 52 29 0 0 0 74 0 0 0 0 0 0 0 0 0 0 0 38 0 49 0 0 0 0 0 0 0 0 0 0 0 0 53 0 0 0 0 0 0 0 0 0 0 94 52 23 0 0 0 
0 0 0 93 0 0 0 0 0 0 95 0 0 54 0 0 0 0 68 0 0 0 0 0 0 0 0 0 95 0 0 84 0 0 0 0 39 0 0 0 0 65 53 0 21 0 55 17 77 0 15 0 35 0 0 93 34 0 0 0 0 0 0 0 0 0 0 0 60 0 25 50 0 0 0 10 0 0 0 0 0 0 0 0 0 23 0 0 51 17 0 0 0 0 0 0 0 11 0 79 
63 0 0 50 0 0 0 0 0 0 0 78 0 0 46 0 0 0 0 47 0 0 0 0 60 0 0 0 0 0 0 0 0 0 0 0 0 0 74 33 0 0 0 29 57 0 0 0 0 0 92 0 0 0 32 0 0 19 8 34 0 43 0 67 0 83 0 82 9 0 0 0 0 66 0 6 0 0 0 0 0 0 0 0 0 0 78 0 23 0 37 0 0 0 78 0 0 0 0 0 
0 95 0 0 0 0 0 0 0 0 0 0 0 0 0 0 0 0 0 0 0 0 35 57 0 0 0 76 58 0 33 0 74 0 0 0 0 0 0 32 0 0 0 0 0 0 25 18 2 0 71 0 0 0 0 0 0 91 0 0 39 0 96 0 0 18 33 0 0 0 0 0 0 0 0 7 0 0 0 0 0 0 26 0 0 73 0 0 0 0 0 0 0 0 0 0 0 24 0 0 
0 0 0 0 0 76 0 39 0 0 0 0 0 0 0 0 0 0 0 0 0 0 0 0 22 52 0 0 0 0 0 0 46 0 0 0 0 0 0 0 0 0 44 0 0 0 10 47 87 0 0 0 28 65 0 0 0 0 0 69 0 0 0 0 0 0 6 0 0 0 0 0 0 65 88 37 92 0 70 0 86 0 0 54 0 0 0 0 0 0 28 0 0 33 0 0 0 0 0 0 
0 0 0 42 0 0 0 91 6 0 66 0 83 0 7 0 0 1 43 0 30 67 21 0 0 0 0 40 0 0 0 77 0 0 0 0 11 0 0 0 0 26 0 0 26 0 0 0 0 23 0 0 92 0 94 0 89 0 0 0 0 0 0 0 0 0 0 0 0 0 0 0 18 0 0 33 0 84 0 0 75 86 0 0 0 0 0 0 88 0 0 0 0 0 0 86 0 0 0 0 
0 0 36 0 16 0 0 0 18 0 0 0 0 86 11 0 67 0 0 0 0 45 82 83 0 67 0 0 0 68 0 0 0 0 0 0 45 0 54 63 49 0 0 56 0 0 81 0 0 0 0 0 0 0 0 0 0 0 34 9 0 0 44 0 91 26 0 0 95 0 0 45 50 0 0 0 0 0 69 70 0 0 0 97 0 24 66 77 46 0 0 0 16 0 0 0 0 0 0 0 
26 0 0 0 39 0 0 36 0 0 0 85 55 29 0 0 0 0 0 0 0 0 0 0 0 0 0 0 0 0 0 0 0 0 0 0 75 0 88 0 0 0 0 0 0 0 0 0 0 0 82 0 0 83 0 40 0 0 0 0 0 90 0 0 0 0 0 0 0 0 0 0 0 0 34 0 0 3 86 9 7 0 0 0 0 86 0 0 44 0 0 0 0 0 88 0 0 0 0 0 
0 0 0 0 0 0 0 0 0 0 0 64 0 0 59 0 0 0 0 0 0 48 0 0 0 0 0 0 55 75 96 0 0 0 0 76 0 97 0 0 0 17 92 0 0 0 0 0 68 0 0 0 0 0 0 0 0 0 95 0 81 0 0 0 97 43 45 50 0 0 67 99 0 0 0 11 7 83 8 0 25 0 0 0 72 0 89 14 0 0 0 48 6 0 0 0 85 0 0 0 
0 0 0 0 0 0 0 0 0 0 0 0 0 72 35 0 0 0 0 0 0 0 65 14 97 0 47 22 80 0 0 0 73 0 72 0 0 12 0 22 0 0 88 0 0 0 77 65 0 0 94 0 0 58 0 0 0 0 0 0 0 98 45 0 0 0 0 0 0 0 0 0 0 0 0 0 9 0 0 0 0 0 4 0 0 0 0 0 0 0 0 0 0 27 0 0 15 39 0 0 
0 0 0 0 6 0 0 0 0 0 0 0 0 94 0 0 0 0 0 99 0 0 84 31 0 0 44 0 0 0 0 0 0 0 0 0 0 0 0 0 0 0 0 0 0 0 0 24 0 0 0 0 0 0 0 0 0 0 0 0 0 15 35 82 50 56 0 0 0 0 86 0 0 0 0 0 0 0 0 0 0 0 0 0 0 0 0 0 0 44 0 96 0 0 26 0 0 0 0 0 
0 0 0 0 0 0 0 16 0 81 0 51 0 0 28 0 19 0 0 0 0 0 0 0 11 74 0 63 0 0 56 48 0 0 75 0 0 8 0 0 0 0 0 0 17 0 0 49 0 0 8 56 0 24 0 0 0 87 0 0 0 0 0 0 0 88 0 0 0 0 0 0 9 76 40 0 52 0 11 0 0 0 0 0 0 0 0 0 99 76 0 0 96 0 0 0 0 17 0 0 
40 0 0 0 0 90 0 0 87 0 63 0 0 0 0 0 0 0 0 0 0 0 0 0 84 0 39 0 0 0 0 0 0 1 0 0 0 0 0 74 0 0 0 0 0 0 0 0 0 0 0 0 0 0 0 82 0 0 0 0 0 0 0 45 0 0 0 0 84 0 0 0 0 0 0 0 40 0 0 0 0 54 0 0 0 0 0 0 0 0 0 0 99 21 0 0 0 0 0 0 
0 0 0 0 19 0 0 0 0 0 0 0 9 10 0 0 0 0 0 0 0 69 0 0 34 0 69 0 0 0 0 0 0 0 0 0 0 0 89 0 0 34 0 12 0 0 0 0 89 88 0 31 3 0 0 0 0 0 0 0 80 0 0 0 0 83 2 0 99 0 88 0 59 15 0 0 77 0 0 57 0 0 0 0 69 0 0 96 0 0 0 0 0 0 0 0 0 19 0 0 
0 80 67 0 0 0 84 0 0 0 14 57 0 0 24 0 0 0 0 0 40 75 0 0 0 52 0 0 0 0 0 0 0 20 64 46 57 0 92 0 0 0 0 0 0 50 0 0 84 0 64 0 0 0 0 70 0 0 0 0 0 0 0 0 0 0 0 0 73 0 0 59 0 0 44 0 35 0 0 24 0 0 74 0 0 0 0 0 0 0 0 59 0 0 0 14 0 0 0 0 
