100
0 0 45 89 18 5 66 13 0 0 18 74 46 0 0 78 0 0 16 50 0 0 34 54 67 0 13 0 0 0 69 95 4 72 0 94 93 57 0 0 0 56 0 78 0 28 0 19 3 0 57 0 0 0 41 0 77 0 0 94 64 17 0 29 0 75 59 0 68 90 33 65 0 23 69 17 0 6 0 38 93 0 0 0 0 0 3 60 0 0 15 78 46 0 0 0 0 86 0 0 
2 0 96 46 0 28 79 91 0 85 0 61 89 0 35 0 0 14 0 0 98 31 10 0 0 47 0 0 30 49 0 0 0 58 0 17 0 28 92 0 0 0 0 0 37 0 64 42 0 0 0 0 89 60 0 19 0 0 23 96 0 21 0 0 0 0 38 0 0 40 95 0 0 0 0 0 33 0 11 0 14 6 11 33 2 37 0 45 41 0 0 20 0 0 44 81 0 82 0 0 
0 0 0 8 87 72 0 0 48 0 99 9 0 74 42 0 0 98 0 0 0 0 0 0 0 0 53 0 92 0 0 11 25 0 46 0 0 26 0 4 0 0 0 8 80 0 0 0 95 98 39 77 0 0 62 63 13 18 0 63 0 68 76 89 31 0 68 0 80 70 0 61 62 78 0 0 0 15 69 0 0 73 0 44 0 55 0 0 0 0 0 23 0 45 0 0 28 49 13 0 
0 0 0 0 0 82 68 0 0 6 36 0 48 14 2 0 12 0 0 78 43 0 0 0 56 0 0 83 0 80 22 0 36 33 0 97 48 77 36 90 0 46 0 0 0 24 0 59 99 0 40 0 48 0 0 2 22 0 0 0 53 0 0 49 0 77 86 0 68 0 6 0 0 99 0 0 95 0 0 29 0 0 39 0 58 0 0 0 41 89 27 12 75 0 85 0 94 0 0 0 
0 15 0 93 0 0 68 63 0 0 0 0 9 0 0 35 0 0 0 0 0 64 14 0 56 0 80 75 0 0 22 22 77 0 29 0 70 0 0 39 23 99 59 0 0 98 96 0 0 86 64 13 0 0 62 74 58 0 0 44 0 72 0 0 91 33 0 0 33 52 0 45 0 0 96 0 0 35 0 12 24 0 54 0 17 0 0 34 11 0 81 13 0 96 0 0 0 73 0 18 
0 0 0 0 79 0 0 80 43 0 0 65 22 13 24 0 22 85 70 0 0 21 0 0 0 0 0 60 70 96 0 0 0 43 0 25 18 79 28 8 51 59 22 0 0 0 0 0 0 0 42 67 11 81 0 16 0 0 92 0 0 30 48 0 0 0 29 41 0 0 0 0 7 10 90 0 0 76 76 13 0 0 0 12 45 14 35 0 9 95 0 20 0 36 1 0 0 0 92 0 
0 0 74 0 0 74 0 16 0 42 42 0 0 0 0 0 29 0 0 95 0 0 13 42 12 75 91 74 0 0 0 19 43 42 0 1 0 0 76 13 0 69 56 0 0 0 0 0 0 15 70 0 0 0 33 83 18 3 58 0 0 1 39 4 0 0 0 0 0 0 0 37 0 0 50 0 0 71 0 0 65 0 0 0 71 10 41 0 16 53 57 23 0 0 0 24 83 0 0 0 
0 0 43 24 0 0 0 0 8 6 14 46 0 0 65 73 80 0 79 8 0 0 78 19 0 36 0 78 0 0 0 32 98 0 0 0 4 34 25 0 18 4 0 0 11 0 79 0 0 0 0 0 0 0 58 47 79 16 95 53 26 0 0 62 91 81 0 0 7 0 28 0 0 0 0 54 0 0 1 0 58 0 0 0 0 96 16 85 84 7 0 45 0 0 99 0 0 4 98 53 
99 4 0 50 19 0 2 0 0 43 99 0 54 40 0 49 53 57 0 82 80 0 23 0 34 10 0 50 62 0 0 0 0 0 0 0 40 89 0 0 0 0 70 0 0 0 0 46 0 15 0 26 0 29 56 0 0 9 3 0 8 34 0 24 0 0 5 0 0 22 62 0 0 67 0 67 83 24 0 45 83 63 16 0 21 0 0 0 0 3 0 0 0 35 0 53 88 33 0 61 
72 0 65 0 16 70 0 0 0 0 45 0 0 69 0 61 55 83 38 94 31 16 0 0 0 79 1 0 0 41 0 41 0 0 0 0 0 0 0 0 53 1 0 0 19 0 0 18 0 96 0 0 0 0 0 84 12 89 18 0 35 2 0 0 41 22 97 77 26 0 89 36 0 0 0 36 94 0 0 0 12 94 53 0 0 92 69 50 73 73 0 74 58 0 0 2 0 59 0 0 
0 10 0 0 81 55 0 0 0 0 0 6 34 0 82 14 0 7 0 9 0 0 0 52 50 0 0 0 46 60 45 40 40 81 46 64 44 39 96 0 0 10 0 0 0 0 0 51 0 0 28 25 95 0 96 29 7 56 21 0 32 38 59 0 0 0 0 0 95 70 4 0 0 42 17 0 47 50 0 54 0 0 0 0 70 0 82 0 0 0 44 0 0 0 47 0 0 30 0 68 
0 0 0 23 99 0 99 0 51 11 0 0 29 0 0 0 0 26 74 0 0 0 77 57 0 28 0 70 0 0 70 0 96 23 0 56 0 0 17 36 0 0 3 0 0 87 0 0 0 87 26 39 57 94 0 14 0 0 82 19 14 25 0 70 0 9 0 0 0 2 0 52 51 81 13 63 0 0 0 0 0 28 14 0 0 54 0 0 66 41 0 38 7 0 0 51 54 0 0 0 
0 0 84 0 0 0 30 61 0 12 0 0 0 65 91 43 34 0 0 0 0 0 72 0 52 68 0 89 4 95 0 0 0 0 91 50 96 0 17 0 0 0 94 0 0 0 0 0 72 0 0 31 33 39 1 0 0 0 0 54 0 46 0 17 0 56 0 0 9 10 0 96 0 0 24 0 42 0 67 3 33 96 10 0 0 0 67 0 0 60 10 0 6 38 32 13 0 0 0 0 
66 4 0 0 53 0 16 15 0 0 14 57 0 0 0 0 49 0 56 93 72 0 0 0 50 1 67 61 21 70 39 95 99 16 0 0 0 85 69 49 0 0 0 0 40 65 42 0 70 71 10 19 0 0 0 29 0 0 0 76 0 90 0 0 79 0 0 64 0 22 90 0 0 3 1 0 68 60 60 45 6 74 97 0 0 0 0 0 0 0 0 0 0 10 35 0 75 0 6 36 
44 0 0 0 84 0 54 0 5 39 0 38 0 58 0 0 31 47 90 98 66 98 0 0 0 13 0 0 0 64 0 10 67 0 35 0 0 54 0 0 0 58 0 0 44 84 0 0 0 0 0 44 46 0 88 0 66 58 31 0 0 2 0 98 0 77 0 0 0 4 0 0 3 81 17 37 63 24 85 78 0 0 0 97 0 33 56 0 0 38 0 0 23 0 8 64 0 30 0 97 
0 41 63 34 0 75 39 0 0 0 0 61 0 96 5 0 0 96 21 59 2 0 37 38 0 0 24 0 0 0 8 43 0 0 0 84 0 0 0 0 0 0 9 84 51 0 14 66 0 4 0 0 72 0 0 26 39 47 83 94 89 0 42 0 0 0 0 52 0 35 0 0 88 69 0 16 72 26 0 59 0 0 1 60 0 64 2 15 24 3 15 0 0 0 0 0 90 0 0 0 
38 83 55 0 19 0 0 0 0 0 85 99 0 0 0 74 0 99 51 0 55 72 16 0 0 32 7 0 0 0 52 0 0 0 70 0 71 0 0 10 0 0 0 8 12 16 10 81 68 0 0 67 0 36 0 0 54 81 0 0 7 0 88 0 70 0 0 33 72 8 0 75 0 87 16 71 0 54 95 58 0 33 16 44 24 0 0 0 0 86 0 0 0 0 3 0 60 84 33 16 
95 0 0 86 4 0 32 9 0 0 0 0 70 41 0 0 0 0 15 0 9 0 0 0 0 0 66 0 23 96 45 0 56 0 74 95 0 0 0 0 46 0 0 0 37 24 0 20 0 0 0 45 0 58 31 0 0 76 79 0 55 0 0 25 36 67 39 0 71 0 0 0 6 0 0 85 44 0 0 42 0 0 45 20 99 52 24 28 47 39 12 92 45 0 0 20 0 0 42 25 
0 43 2 63 57 0 62 0 19 0 70 0 26 0 0 0 0 0 0 0 0 42 0 0 39 0 31 0 54 0 0 0 0 0 0 28 0 51 0 10 0 57 0 0 35 0 55 30 65 0 14 0 56 0 0 0 0 0 0 0 0 0 0 0 94 0 0 0 0 0 62 87 60 39 0 1 32 0 79 0 5 20 0 76 0 0 0 84 0 65 34 24 86 15 0 99 91 52 98 0 
0 96 3 0 55 92 0 0 0 0 0 3 87 0 0 0 82 42 7 0 0 18 0 0 0 94 11 0 98 0 17 0 0 19 0 47 34 0 0 0 0 50 0 0 0 0 18 22 0 54 0 16 1 39 46 16 54 67 0 15 60 76 0 0 0 0 63 59 0 0 0 97 22 0 0 0 0 52 0 0 0 89 0 0 76 26 74 4 58 65 80 0 0 52 55 40 0 69 43 0 
9 0 58 0 4 48 6 51 0 0 83 79 28 0 0 0 0 0 97 20 0 0 46 0 0 0 42 0 14 54 0 0 89 9 0 46 44 99 0 0 78 18 18 0 0 17 45 0 20 14 0 83 87 0 13 75 0 42 0 0 58 73 0 44 0 0 61 0 89 0 92 0 88 64 0 34 0 99 0 27 0 0 68 0 0 66 30 0 0 58 24 0 26 27 76 55 0 0 0 90 
90 0 32 63 0 0 33 6 63 0 47 18 23 1 0 33 0 7 0 0 29 0 0 5 74 16 0 0 36 43 0 0 44 0 46 0 57 0 0 76 0 77 53 57 81 93 59 0 25 0 60 0 16 2 0 0 0 0 0 51 83 0 52 0 87 0 42 0 91 0 11 98 0 29 80 0 84 8 0 0 27 0 45 56 0 0 97 42 0 0 41 51 85 65 6 26 0 27 8 42 
0 0 17 75 0 63 0 0 0 69 98 0 0 21 75 0 0 99 66 46 0 98 0 0 0 32 84 0 0 0 0 9 0 18 0 0 0 0 0 0 79 0 28 0 0 0 0 0 5 0 0 0 63 0 67 45 0 75 0 0 0 0 0 0 0 0 0 4 0 12 63 0 82 0 58 0 60 0 0 0 94 0 76 23 15 27 85 0 37 0 0 3 0 0 0 70 0 0 78 0 
0 29 73 64 65 2 0 0 54 82 0 0 34 25 68 0 94 87 60 82 1 0 84 0 38 48 0 45 0 76 81 0 47 43 0 79 73 94 0 0 0 0 42 36 0 0 0 0 5 0 0 0 22 0 44 90 0 0 25 43 0 0 0 0 0 55 0 1 0 0 0 13 62 0 17 0 56 0 40 77 12 59 8 0 0 37 37 0 0 0 53 0 72 77 21 4 38 0 0 0 
0 52 54 0 0 96 0 35 0 21 0 20 0 0 88 42 76 94 0 48 84 0 81 0 0 0 0 1 0 39 48 0 78 12 0 0 0 0 0 0 0 0 20 50 0 0 0 73 0 5 58 0 0 0 9 77 3 34 0 0 87 82 0 99 0 60 84 0 55 0 0 34 69 0 0 0 55 0 0 0 79 0 0 82 0 0 0 72 81 0 0 0 54 0 0 96 0 54 91 88 
68 0 52 74 34 9 0 0 0 0 22 0 0 0 0 41 0 72 85 0 14 0 0 0 50 0 0 0 63 87 66 58 31 42 0 0 0 8 19 85 0 0 0 65 0 1 0 0 0 73 43 9 98 0 0 78 56 28 0 0 56 0 7 1 79 0 2 0 0 0 0 0 0 22 82 0 81 95 0 0 29 63 0 0 38 67 45 96 0 0 0 94 0 0 29 23 0 35 0 0 
0 50 0 92 0 1 0 34 81 0 4 17 76 0 55 0 0 0 0 0 0 48 0 24 26 20 0 81 28 54 0 0 0 99 0 9 93 34 0 0 35 0 0 3 0 22 44 0 0 0 0 1 24 67 0 0 0 0 0 33 0 78 96 75 0 42 39 0 73 0 68 61 0 0 0 11 0 22 0 94 19 56 0 0 24 13 49 0 76 0 13 0 47 76 0 0 8 0 97 0 
63 18 68 0 0 0 0 0 0 23 41 0 0 0 60 76 90 10 72 69 20 97 95 0 0 45 0 0 28 0 63 20 0 0 65 0 25 41 0 31 87 0 7 0 6 0 1 28 90 0 0 85 0 63 78 0 98 17 0 84 87 51 87 37 0 0 0 44 13 0 41 0 0 0 32 0 0 0 0 21 0 0 76 0 77 21 0 26 57 0 38 0 0 0 0 0 32 94 63 0 
38 0 0 87 57 0 28 68 0 66 0 26 0 0 92 14 96 0 0 0 0 0 67 36 49 0 0 0 0 64 0 98 0 92 0 10 0 43 0 72 0 38 0 0 0 0 50 0 30 23 41 0 54 0 72 88 0 0 0 34 0 53 0 0 93 0 0 0 0 69 71 0 0 0 0 89 32 48 0 0 0 72 0 0 24 58 0 48 2 50 0 0 75 0 0 89 52 0 0 0 
53 0 12 0 75 0 69 85 86 0 0 56 0 0 0 39 92 0 68 28 0 0 21 0 0 0 0 34 0 0 56 0 59 8 0 0 83 3 88 66 0 22 32 0 9 48 0 64 82 90 84 50 0 0 0 96 92 48 78 15 44 0 0 0 17 81 58 20 20 89 23 2 23 33 2 0 0 0 82 0 0 99 63 68 0 0 22 99 8 0 4 0 0 0 39 20 0 0 0 25 
0 8 8 0 0 22 12 2 81 74 0 0 25 0 31 0 0 0 9 0 73 1 27 0 0 0 7 0 78 0 0 0 18 0 7 3 0 89 0 0 0 0 24 52 0 93 0 87 47 0 4 0 0 0 0 16 0 67 0 72 88 0 0 0 98 98 0 7 30 0 0 0 0 0 0 0 76 0 83 36 6 0 0 0 0 67 0 0 0 26 54 0 35 74 86 2 34 9 31 0 
0 19 0 54 0 46 0 0 51 0 0 30 25 0 0 0 94 85 5 61 29 14 0 9 76 0 4 0 0 75 41 0 0 9 78 0 0 31 0 91 79 0 64 15 0 66 0 54 57 0 0 59 13 32 0 83 78 45 51 1 0 81 93 0 0 0 0 0 12 0 0 0 0 45 48 0 57 23 0 0 79 0 16 83 0 42 0 0 0 0 46 0 0 0 0 28 19 83 0 37 
0 22 0 0 0 45 0 0 59 99 0 0 1 0 0 27 35 0 95 47 0 0 8 0 0 0 19 83 12 0 0 48 0 2 0 0 0 0 14 0 0 93 9 0 10 50 0 14 0 0 0 0 88 18 38 0 0 77 0 0 6 0 0 78 0 0 0 77 0 17 26 0 0 96 7 64 0 0 0 95 0 48 84 0 0 0 0 0 0 0 0 0 0 0 0 0 53 0 0 0 
0 0 43 0 1 0 0 17 65 33 0 0 55 0 76 46 42 88 76 0 0 59 0 0 0 0 0 81 0 0 56 0 0 0 87 0 39 0 36 0 0 93 0 0 0 0 0 0 32 85 0 80 0 0 0 72 0 26 41 0 45 0 0 98 93 36 0 0 0 0 0 0 0 71 0 0 0 0 0 0 0 62 0 49 19 68 0 0 0 0 86 27 53 72 0 0 0 27 72 73 
87 91 0 23 0 18 52 3 81 44 0 86 0 10 0 88 0 0 61 79 80 0 27 28 38 45 98 0 91 30 0 0 39 0 0 0 0 0 32 54 0 35 4 0 0 0 0 0 0 81 0 79 0 0 0 0 0 0 24 12 0 0 94 10 97 0 0 0 59 39 75 0 0 0 0 0 47 29 0 17 0 46 79 0 0 75 0 0 88 38 0 0 0 29 0 68 0 0 74 0 
0 0 60 0 86 0 0 98 78 91 0 0 0 66 79 0 69 0 0 0 0 21 89 0 61 72 0 26 0 50 0 75 34 28 78 0 37 43 35 0 5 0 0 93 68 0 45 0 0 0 0 74 0 0 85 0 0 0 0 56 35 53 50 0 0 28 65 0 0 0 0 71 44 0 0 0 0 89 0 40 0 83 81 99 0 0 0 86 5 28 86 91 69 5 0 92 35 0 27 0 
0 92 62 0 0 0 74 0 0 5 0 49 0 56 33 72 0 92 88 0 0 0 78 0 25 33 0 0 32 0 78 80 51 0 24 0 0 51 15 0 79 0 0 0 0 72 0 0 0 64 68 58 78 0 0 0 0 0 0 0 89 0 75 19 0 8 0 0 67 88 86 19 7 78 8 90 19 66 70 26 65 0 30 18 0 0 98 60 0 0 0 84 18 0 0 0 0 0 0 76 
0 0 0 0 52 0 97 0 0 65 0 20 54 0 0 7 11 32 0 50 0 2 41 0 23 0 0 0 0 0 0 0 24 72 8 0 0 0 0 63 13 0 0 7 0 35 36 0 38 9 0 0 0 25 0 6 85 7 77 0 0 14 0 0 85 39 0 40 0 0 45 0 78 0 0 11 0 50 0 45 52 27 43 69 0 18 0 13 72 0 35 74 38 46 6 0 23 0 0 45 
2 0 10 0 84 0 0 0 12 45 0 0 0 0 81 22 16 31 5 32 2 20 88 19 14 0 61 68 61 0 27 6 0 0 0 0 0 5 0 74 0 30 0 0 61 78 14 74 41 0 39 6 0 9 8 92 42 0 0 0 0 46 0 0 75 59 0 0 0 59 0 0 0 43 24 0 69 0 0 0 19 0 7 0 0 31 13 92 0 0 0 0 5 92 0 0 0 44 0 1 
78 89 0 0 0 0 0 14 76 15 17 0 81 0 55 4 0 10 0 6 71 0 26 22 19 0 2 0 0 0 67 0 58 56 0 17 50 0 0 0 9 56 0 21 0 74 0 67 55 0 0 59 98 70 81 0 70 0 0 88 0 79 0 0 0 0 55 0 31 0 9 31 0 58 0 76 0 0 66 83 51 88 0 0 18 69 0 79 50 72 0 28 70 0 19 0 0 0 6 0 
86 22 89 21 0 0 46 0 92 0 62 35 51 45 91 91 52 0 33 87 0 83 0 28 78 47 0 0 75 66 24 0 28 16 6 0 0 0 23 0 0 57 69 67 51 0 0 47 0 0 0 0 0 51 0 0 0 0 0 0 72 13 0 0 42 0 76 49 0 0 0 0 59 0 0 22 0 82 0 59 0 5 0 84 71 34 0 67 15 82 0 75 0 20 0 60 0 0 0 0 
0 15 10 0 0 0 0 0 22 0 0 46 76 70 0 65 13 1 0 0 0 0 31 78 36 39 32 26 0 0 3 22 0 0 0 81 43 29 0 0 0 0 0 95 0 70 0 24 42 89 0 10 51 6 0 46 90 62 70 0 49 0 43 57 0 0 14 0 0 89 42 87 13 18 18 0 93 0 41 0 45 0 0 0 82 70 0 0 0 11 5 0 5 20 0 66 0 30 0 0 
37 46 83 44 0 0 0 10 0 27 69 0 0 69 57 0 71 66 64 30 0 0 0 0 0 89 58 0 60 0 0 0 0 69 0 48 90 63 79 67 0 41 0 28 65 67 9 0 36 10 30 0 0 0 0 0 0 0 78 34 51 0 0 34 46 0 0 0 53 0 48 36 0 35 38 0 0 0 66 0 0 0 0 0 0 62 37 0 40 72 0 36 9 98 0 0 0 16 0 8 
0 45 0 78 78 70 10 78 50 20 75 22 16 66 47 0 0 4 47 45 22 0 47 0 0 0 0 82 67 38 0 0 95 69 9 0 10 0 92 0 0 0 0 0 0 0 0 0 20 0 22 20 85 0 78 29 0 0 83 4 0 59 0 48 65 61 0 0 83 80 15 0 0 24 73 0 0 0 81 17 49 0 0 18 0 97 0 1 0 0 0 98 0 0 43 0 22 0 32 0 
11 0 0 75 91 17 58 0 18 0 43 41 47 0 0 0 0 0 0 84 4 0 69 2 56 71 49 0 34 0 62 73 0 32 30 0 41 29 0 35 0 20 0 72 0 0 0 0 0 0 0 0 0 0 0 0 23 0 55 12 0 73 0 37 68 38 94 48 0 47 0 0 78 0 42 0 21 0 0 78 0 76 52 94 0 0 0 0 0 0 0 7 0 0 4 71 0 0 0 87 
0 28 54 0 0 31 74 90 70 47 48 0 92 0 0 83 0 0 38 88 0 0 83 97 51 0 0 77 51 0 0 0 0 52 13 81 0 0 0 0 28 0 0 64 42 0 0 15 9 0 0 86 6 0 17 0 0 61 0 0 0 32 21 0 11 59 0 0 0 20 0 0 0 0 0 66 0 0 27 39 69 66 0 0 0 24 97 0 10 0 0 0 0 80 88 23 0 13 0 0 
69 0 52 95 0 7 37 0 89 19 97 82 35 0 34 0 0 88 0 0 0 0 91 31 1 94 0 0 0 92 11 37 8 64 58 0 45 0 0 45 25 59 0 18 63 36 0 0 0 45 97 0 94 0 22 86 0 29 43 0 51 0 71 77 57 0 46 0 0 0 68 10 0 62 29 60 0 0 20 0 0 12 49 0 0 2 0 91 98 0 47 0 30 67 0 30 23 0 21 44 
0 0 7 0 11 7 80 15 0 0 0 56 85 73 37 0 0 0 0 0 37 85 83 14 0 73 85 0 66 0 0 0 0 91 37 36 39 91 0 0 0 0 21 69 76 0 41 0 0 0 0 82 0 0 0 0 44 92 0 0 0 91 25 50 72 79 0 0 13 37 20 0 0 0 69 24 12 47 0 30 88 92 75 83 73 0 0 0 27 0 88 38 26 0 0 0 92 0 82 87 
0 82 0 0 72 17 77 60 57 61 7 7 0 0 21 2 0 21 0 80 0 0 0 0 43 31 44 0 0 0 0 0 74 0 22 94 71 0 0 0 39 0 0 0 33 0 57 41 0 53 45 67 21 99 38 0 26 0 76 55 17 0 26 0 22 51 0 25 0 0 91 87 0 97 46 0 41 79 93 71 0 5 0 47 69 0 0 21 71 0 0 27 45 28 44 56 40 8 96 51 
77 45 0 16 0 50 0 73 0 0 67 0 16 0 9 0 16 53 52 0 0 20 26 24 0 0 68 14 0 0 42 61 86 0 0 21 0 0 8 71 71 0 0 28 12 76 0 39 0 0 0 0 0 0 0 0 93 0 32 19 10 0 0 0 0 88 0 86 0 77 0 94 65 1 0 0 0 31 0 63 0 0 27 0 79 70 0 0 0 0 0 60 0 0 0 0 16 40 11 0 
0 74 0 0 0 0 0 40 18 6 0 0 26 0 92 46 1 94 0 19 13 0 30 39 0 0 25 34 0 0 0 13 89 37 98 85 0 67 0 19 60 15 0 0 89 35 0 6 0 55 0 0 16 0 47 69 40 0 42 88 86 11 0 14 76 0 68 0 0 0 0 82 25 0 0 0 76 0 43 97 0 0 25 2 12 47 0 48 1 0 73 0 38 27 0 54 70 40 0 25 
39 79 0 5 0 0 56 84 0 94 0 0 0 0 0 10 0 0 95 0 0 72 4 92 36 0 0 0 12 0 63 0 2 0 0 0 0 51 0 0 89 0 37 0 39 0 84 0 0 44 67 0 37 0 83 7 19 40 9 23 0 0 0 0 69 53 0 0 93 89 0 0 0 21 0 0 15 0 0 0 0 0 31 87 0 83 0 0 0 85 0 37 45 0 25 0 34 68 0 0 
89 0 71 0 68 0 12 82 8 69 0 0 0 38 0 0 12 10 0 0 0 0 0 0 34 0 0 84 0 89 86 0 0 84 5 91 0 8 14 0 62 0 60 0 72 0 0 13 0 32 0 0 0 66 91 56 0 0 85 0 0 0 69 0 0 95 74 65 0 98 0 43 59 0 79 0 66 12 0 0 24 38 11 37 0 0 88 41 22 63 64 0 0 66 0 83 4 0 75 0 
18 0 42 39 96 0 10 26 0 31 24 0 0 43 15 54 0 0 61 0 70 0 64 19 67 2 0 0 43 30 31 0 0 50 92 27 66 0 0 0 0 0 72 39 30 11 30 5 0 19 27 68 0 0 52 65 0 0 0 0 11 0 72 0 0 0 0 0 2 0 0 92 0 93 62 0 68 0 96 0 0 0 18 0 0 2 82 42 0 80 0 0 0 0 51 18 31 94 31 0 
0 32 0 77 0 72 0 0 0 69 0 37 0 60 0 98 65 0 31 0 0 71 0 0 0 1 19 0 0 66 34 58 0 75 24 0 32 52 0 0 32 97 84 0 29 0 0 79 0 65 0 0 0 0 0 68 2 0 0 7 21 0 0 0 0 0 0 0 0 0 0 0 0 91 0 84 38 0 0 0 0 0 0 18 37 25 58 86 81 0 0 0 0 60 0 16 78 0 0 0 
66 0 0 0 0 0 0 0 7 0 0 0 2 0 49 0 76 49 59 0 0 47 0 0 0 0 19 7 0 0 0 0 94 0 34 66 63 0 0 39 47 0 37 0 94 2 0 68 59 27 0 0 0 0 0 0 75 0 0 15 0 8 81 51 8 57 52 11 0 0 0 71 0 67 63 51 27 79 0 87 48 52 58 0 0 0 59 83 49 0 0 24 17 0 33 77 0 0 8 0 
0 94 0 0 0 1 0 0 48 0 0 44 70 15 0 0 0 53 39 0 72 7 49 79 0 0 41 0 2 0 21 0 82 49 90 95 39 0 0 0 91 0 80 79 0 8 18 0 0 0 0 0 99 66 0 0 0 59 50 33 0 0 95 0 34 82 82 45 0 0 62 14 45 0 55 50 0 39 0 68 0 0 35 24 0 0 70 0 0 35 0 79 36 0 0 0 0 90 0 0 
58 9 0 19 95 63 0 0 0 0 0 52 61 6 0 0 0 0 62 0 0 77 0 71 0 0 86 0 54 0 0 0 0 0 82 17 1 0 8 22 18 0 98 15 83 0 0 0 88 67 38 0 40 59 64 96 0 0 50 84 30 17 54 0 23 0 44 49 55 0 0 0 0 0 0 21 0 76 0 0 0 0 0 0 8 0 0 20 94 0 0 0 82 0 0 37 98 0 0 0 
98 0 66 95 27 0 0 0 0 0 0 0 72 2 0 0 46 0 57 16 78 92 4 0 8 49 28 25 17 0 8 0 63 0 0 74 2 0 39 80 71 0 0 0 0 15 0 45 0 0 0 0 0 44 30 41 0 0 0 60 0 0 55 0 63 77 50 0 88 0 0 77 89 97 0 0 0 0 0 94 4 91 0 26 76 77 8 0 29 0 75 0 56 0 0 0 0 90 98 0 
0 0 0 15 0 56 53 0 61 21 8 0 0 0 38 0 1 23 41 0 43 0 39 0 41 7 0 0 0 0 0 0 43 44 0 0 39 22 89 0 71 54 0 0 0 25 7 32 0 0 0 0 13 77 0 0 0 0 0 0 42 0 0 12 28 94 49 0 55 2 0 88 5 2 26 0 0 0 0 85 0 0 0 0 0 0 83 0 0 69 31 57 0 0 0 6 93 0 0 19 
0 36 73 0 95 29 85 0 0 0 0 0 87 23 80 0 0 0 78 0 0 0 34 17 0 0 98 0 60 0 0 77 0 0 31 0 0 75 74 2 0 0 0 95 46 69 0 22 0 0 0 43 12 0 0 6 47 0 68 0 0 0 61 0 79 52 28 0 83 0 0 94 4 0 86 58 11 54 0 0 0 21 0 0 0 0 0 64 88 0 0 5 79 37 85 0 60 0 0 0 
0 0 0 63 0 0 0 36 0 0 0 0 0 0 0 7 31 41 19 0 0 18 6 85 0 83 0 0 0 6 6 0 53 16 77 0 63 0 0 0 0 32 33 0 0 0 26 0 8 24 0 80 72 94 99 0 92 0 57 93 31 0 25 67 0 0 0 14 0 0 0 93 0 0 0 0 92 42 10 0 21 59 0 0 0 44 73 0 0 0 0 41 0 0 27 74 0 38 47 0 
89 39 0 14 79 0 0 64 13 90 0 76 83 96 46 0 0 61 51 32 40 0 29 15 83 0 0 0 80 80 50 0 37 36 0 0 0 56 62 40 79 0 92 68 80 0 0 0 0 64 25 41 0 0 34 0 0 0 0 1 0 0 0 35 74 0 31 35 24 0 20 70 48 0 60 63 0 11 0 75 0 93 88 99 87 17 49 16 45 74 0 0 53 0 0 0 14 0 0 15 
0 96 0 0 52 24 0 0 0 14 12 0 0 80 0 83 83 0 58 66 0 69 30 74 0 0 0 0 82 54 94 3 0 0 0 96 0 76 83 27 32 0 0 0 0 61 0 0 47 53 0 47 47 20 36 0 8 27 37 0 68 0 0 0 31 8 36 0 80 0 0 0 0 0 55 10 3 1 0 75 0 0 13 0 99 0 0 0 49 98 85 70 0 0 30 3 4 0 0 91 
3 11 0 71 0 48 27 0 15 0 10 36 40 0 5 34 0 0 0 44 61 0 95 62 73 0 86 39 0 0 0 62 83 0 0 94 35 0 0 69 0 11 0 0 0 0 0 0 0 38 0 0 70 14 29 0 0 0 0 0 0 43 0 0 0 56 0 99 0 64 33 85 0 80 56 14 93 79 0 0 0 86 77 0 53 32 0 83 0 6 0 0 42 45 0 0 67 79 55 0 
0 28 96 0 0 67 83 0 48 0 19 0 0 67 0 63 2 0 35 72 27 46 11 0 0 45 0 56 69 0 0 84 4 0 23 0 0 0 0 75 22 81 65 0 0 0 93 0 0 0 85 0 0 60 60 0 0 65 0 0 0 73 56 0 0 0 0 34 0 91 97 92 33 49 0 0 24 0 0 77 77 0 0 85 0 62 10 0 35 0 49 42 59 0 74 0 0 93 0 23 
0 0 0 0 23 0 7 22 0 0 89 46 61 12 6 9 49 0 70 0 0 0 93 1 0 0 0 37 4 0 85 49 28 87 60 0 39 63 39 0 0 0 83 13 0 89 0 20 98 23 0 42 0 34 81 0 0 0 0 0 0 44 0 0 17 93 0 0 6 0 56 0 0 53 62 0 0 71 0 0 0 0 69 28 3 65 0 80 0 79 0 0 0 22 21 97 68 20 7 90 
81 74 96 18 50 0 77 58 80 0 54 62 94 0 8 0 0 14 48 0 71 38 0 0 11 84 47 0 22 0 0 21 0 12 87 49 33 0 20 50 0 44 86 24 0 32 2 42 0 0 52 86 0 83 45 0 0 0 65 32 43 0 0 86 0 0 94 0 21 1 86 0 26 69 0 0 0 16 66 0 43 0 0 0 0 0 11 40 41 0 14 0 33 0 0 90 0 7 10 33 
0 68 0 0 0 27 91 0 99 0 0 72 0 73 95 94 0 0 65 24 0 0 94 33 0 32 0 0 2 0 0 0 7 2 0 56 0 20 73 0 6 14 0 0 59 62 58 0 35 82 8 0 52 0 58 41 21 0 0 0 0 3 0 0 53 2 0 0 0 39 43 0 0 0 0 0 0 47 0 24 95 90 21 0 0 0 81 0 16 0 9 0 0 0 17 27 9 0 0 0 
0 0 0 2 0 31 85 86 0 92 0 0 0 0 0 0 0 65 61 85 43 36 0 67 55 24 97 57 0 0 78 29 0 79 0 70 0 89 0 62 59 0 10 0 0 0 15 0 28 0 78 0 0 32 70 99 51 86 43 0 20 75 86 99 0 0 88 0 0 0 0 59 1 0 85 41 0 0 57 0 0 61 0 0 25 6 0 65 14 10 0 81 0 0 0 0 63 0 88 0 
0 0 53 0 25 94 7 0 0 0 0 37 76 0 54 28 92 47 0 59 0 0 0 85 51 3 0 0 0 0 69 9 0 76 0 2 0 0 87 0 77 0 0 0 79 30 0 0 0 28 4 10 69 94 51 31 0 41 93 45 33 68 0 1 0 0 0 0 0 30 0 0 0 64 0 8 29 93 0 57 75 37 75 47 0 0 45 29 0 8 0 29 0 60 30 0 0 98 0 0 
0 47 0 71 0 52 0 76 18 0 22 0 0 31 51 76 0 98 0 0 62 0 52 0 0 13 0 40 62 0 46 14 22 4 80 0 0 76 42 0 24 0 0 92 37 32 0 77 0 0 0 84 0 0 79 0 0 44 0 0 0 0 0 28 0 0 44 21 24 0 82 0 54 0 97 0 0 0 4 58 76 0 0 0 41 0 43 86 0 0 40 0 0 16 63 62 0 8 49 72 
14 13 0 50 23 0 70 68 43 90 34 0 58 75 0 0 8 0 0 0 0 5 0 0 0 11 47 83 30 0 75 90 19 29 81 0 0 0 6 60 0 0 62 1 0 85 18 44 72 0 0 70 0 60 76 89 0 76 0 0 0 21 0 90 32 0 91 0 39 0 44 0 0 71 26 0 37 0 28 0 3 17 0 65 79 83 0 0 0 0 92 35 0 44 82 56 0 0 35 0 
0 19 0 0 60 0 41 94 0 73 0 0 28 0 0 0 0 88 0 66 0 0 60 1 62 0 74 64 4 0 57 0 0 0 74 59 0 29 0 0 2 0 0 0 2 9 0 15 0 0 66 0 32 0 0 0 84 46 0 0 87 49 5 48 0 0 0 0 2 13 0 45 0 0 0 73 18 0 29 34 0 0 40 72 0 0 93 62 0 0 36 43 25 0 89 23 23 0 18 0 
0 72 17 13 0 0 0 86 99 52 0 0 0 0 0 34 0 66 73 41 4 0 0 0 28 0 46 0 62 0 37 0 0 80 5 6 0 76 0 87 4 0 0 0 0 32 0 0 0 93 8 1 0 0 41 0 0 5 80 0 0 74 0 0 0 35 0 66 68 0 21 0 0 11 0 22 25 11 0 84 59 68 0 0 0 38 0 56 0 0 0 4 13 0 0 27 79 0 10 0 
0 16 6 26 68 71 5 0 0 0 45 0 8 79 0 0 0 0 0 22 0 62 30 99 29 35 0 92 0 8 96 90 0 48 95 45 0 0 59 0 0 30 87 13 85 0 0 0 24 37 4 29 36 91 0 0 0 0 52 90 0 32 0 0 0 4 37 59 48 0 0 26 13 0 0 0 0 96 11 0 0 15 81 0 6 0 81 0 18 0 62 0 0 0 0 0 16 0 57 77 
46 0 83 0 4 40 72 91 0 0 0 14 0 0 0 0 76 0 0 50 56 0 0 0 0 0 18 71 0 37 0 0 59 59 0 77 0 79 0 92 13 0 54 48 0 15 58 0 0 61 0 0 0 0 0 0 87 14 83 45 0 0 1 0 0 0 23 44 2 2 0 34 0 0 0 65 0 0 0 0 58 94 0 22 38 61 0 95 0 16 7 0 31 0 0 33 0 57 0 23 
0 87 0 80 0 0 0 79 0 83 0 67 54 0 0 0 0 29 14 0 0 0 81 53 87 0 0 10 0 88 32 0 55 75 0 0 0 0 38 77 0 77 97 24 65 72 5 0 0 0 64 76 0 36 55 0 0 0 34 80 0 0 0 0 0 73 0 0 0 49 0 57 79 61 0 0 66 0 0 0 0 8 31 97 63 0 0 0 58 84 0 0 19 0 0 73 24 64 5 96 
65 0 0 72 53 0 40 0 94 94 49 30 0 0 0 75 0 8 0 83 82 51 46 0 2 84 16 5 42 0 0 23 30 5 75 2 0 87 12 0 88 0 0 0 83 0 0 29 0 82 0 28 85 0 4 99 96 33 68 7 47 0 46 47 66 13 32 0 11 0 47 0 0 0 62 0 46 32 0 0 0 35 57 0 20 29 10 21 93 51 0 0 0 0 0 0 64 0 0 73 
0 33 55 0 0 0 89 26 0 58 0 14 0 0 0 0 0 0 87 53 0 91 65 0 68 59 0 0 4 30 0 28 0 70 0 0 0 0 28 0 0 37 80 0 0 0 63 0 0 0 0 16 94 66 73 0 0 53 0 0 26 24 0 0 6 0 51 29 0 57 0 0 3 0 0 83 86 92 26 0 91 84 20 57 68 37 80 0 0 3 88 3 6 0 0 89 51 81 40 82 
0 0 64 72 0 4 0 0 0 0 95 49 0 0 97 18 57 4 0 21 1 0 0 0 0 0 0 41 7 51 0 0 87 39 79 48 0 0 0 0 98 0 36 0 34 0 10 0 16 85 71 9 0 40 86 0 22 28 0 93 11 0 43 7 46 0 6 0 0 23 0 0 0 76 0 7 0 9 60 0 0 0 45 0 92 5 0 89 0 51 0 92 26 0 57 0 0 13 4 22 
92 0 0 59 2 15 87 75 0 0 3 0 0 0 57 54 0 60 0 0 80 89 88 0 78 0 0 60 0 0 53 92 0 0 0 0 99 0 10 0 0 13 65 94 0 0 0 0 0 32 39 56 0 3 2 0 71 29 0 53 0 0 0 37 0 39 75 61 0 0 0 61 0 62 0 0 0 0 0 0 69 0 73 0 22 56 37 88 0 0 0 44 41 0 82 0 64 93 0 0 
69 0 86 0 0 9 78 1 0 0 17 0 0 0 92 0 0 0 34 87 0 0 0 0 15 60 32 0 63 0 33 0 0 38 0 0 0 0 0 99 34 78 88 22 0 29 0 0 19 0 0 0 0 0 9 0 0 1 83 84 98 33 0 0 0 78 0 36 0 90 0 75 70 0 11 0 53 0 0 0 0 0 0 92 0 13 0 0 11 0 18 0 0 86 0 11 38 0 0 23 
57 0 0 24 93 0 4 51 88 83 49 31 87 15 0 0 0 0 0 18 16 0 0 65 0 44 7 44 78 0 46 0 3 0 95 0 0 0 8 74 0 25 97 0 0 36 19 0 0 42 0 0 0 59 0 27 0 66 0 33 67 87 0 35 21 0 0 83 87 60 0 19 0 0 9 22 0 0 13 0 67 46 0 0 34 0 0 0 9 0 0 90 38 0 0 33 0 19 0 21 
92 0 9 0 0 0 0 37 0 99 0 71 70 67 67 65 0 0 26 0 48 50 0 52 54 0 0 0 0 9 9 12 18 0 52 24 67 12 29 0 0 0 85 47 72 42 67 0 0 0 0 32 68 22 0 39 73 0 0 39 8 76 0 0 0 91 0 35 76 0 29 0 0 4 67 0 0 0 0 0 0 0 51 0 0 0 50 0 0 0 12 0 89 0 0 76 0 7 63 91 
34 0 0 1 38 0 0 0 33 0 7 0 66 86 0 0 3 0 97 0 0 56 0 0 78 0 0 0 0 53 0 0 97 0 0 23 87 0 0 0 0 0 0 0 5 0 0 58 65 0 0 0 47 0 0 23 73 79 0 8 71 0 0 67 0 0 0 94 75 0 99 36 0 11 0 4 0 31 0 0 0 0 0 90 9 0 71 0 0 0 94 0 0 85 0 97 3 89 0 95 
0 39 84 39 85 0 0 0 91 0 0 91 0 89 0 0 15 0 53 0 0 0 0 0 4 0 0 96 92 0 61 59 15 44 67 71 0 53 0 96 92 77 0 76 75 0 6 29 47 30 6 21 0 0 0 0 0 65 0 0 80 0 0 48 81 0 19 0 0 42 0 0 26 0 26 0 79 35 0 0 69 0 30 4 0 0 0 0 0 11 0 0 0 0 69 94 0 0 57 0 
0 0 17 92 0 95 56 0 97 0 58 88 93 41 96 0 47 0 0 0 86 0 61 76 0 0 50 0 0 0 62 86 2 64 58 0 0 0 0 0 0 65 45 0 91 63 0 82 0 94 0 98 0 0 0 0 79 0 42 58 0 93 0 82 0 50 0 0 31 0 0 0 46 0 0 13 0 72 0 69 0 0 57 48 94 65 15 0 0 0 89 22 29 0 45 74 22 53 36 0 
25 0 14 0 0 0 0 0 70 0 61 0 56 71 23 0 20 0 26 0 95 28 0 90 0 3 0 0 0 0 13 16 53 25 0 0 55 0 90 0 0 10 0 20 23 0 0 0 0 33 0 84 0 32 0 0 86 0 0 39 0 36 0 0 63 0 46 0 0 0 51 33 6 52 86 0 1 0 0 66 83 12 0 0 56 21 5 47 0 29 11 66 0 60 0 34 52 70 49 30 
76 83 78 0 72 0 0 0 0 0 13 0 0 85 0 0 0 0 0 0 0 8 36 6 84 13 23 27 0 6 0 1 15 14 0 0 19 66 28 0 0 0 0 15 65 56 36 95 25 47 76 0 0 0 60 69 0 69 55 0 66 26 0 0 0 61 0 13 47 0 0 35 1 15 3 5 0 0 0 0 0 61 70 20 91 50 0 54 0 0 73 0 0 44 0 0 0 0 0 0 
0 73 40 0 0 43 0 74 99 38 0 10 0 73 75 0 72 0 0 0 0 0 66 0 11 63 0 0 53 0 0 0 75 0 8 0 71 0 77 32 52 0 56 12 81 29 0 0 24 74 0 59 0 44 21 54 58 94 0 0 81 57 70 0 27 0 81 0 0 18 72 0 0 0 25 0 0 94 25 0 72 25 0 56 0 0 30 0 0 0 0 82 59 19 28 62 0 0 89 7 
0 0 0 0 0 0 0 0 76 0 47 0 12 61 17 36 59 0 0 90 74 0 0 43 14 0 28 14 90 34 98 15 84 0 3 0 0 0 5 0 0 22 0 0 0 47 94 0 0 0 21 0 42 22 84 0 0 99 70 0 0 0 95 0 96 0 52 39 61 0 0 59 0 0 0 85 18 11 32 0 0 0 92 0 99 71 83 0 0 6 0 0 0 22 80 57 23 0 61 25 
0 53 31 0 32 58 41 26 78 0 82 0 0 52 0 60 47 0 0 88 0 0 14 0 0 94 0 89 0 62 0 95 2 0 81 0 0 0 0 0 69 0 0 79 14 61 0 0 0 95 0 0 81 40 42 0 0 0 0 98 0 25 0 77 0 0 77 0 20 4 95 58 39 0 0 82 0 0 55 0 0 0 73 0 0 60 85 0 60 28 0 55 0 0 0 65 36 0 33 0 
8 71 0 49 0 0 55 4 0 81 12 73 0 0 82 80 60 49 0 0 0 0 61 0 41 61 0 81 90 42 0 13 92 0 0 0 48 0 0 36 0 0 0 49 65 0 0 28 0 91 0 75 0 95 0 51 81 31 43 74 0 94 34 40 0 22 0 89 68 24 0 0 0 31 65 67 94 6 20 52 11 65 0 51 20 0 10 6 0 0 0 0 63 0 0 0 66 0 0 0 
19 0 2 0 27 0 44 0 68 79 0 25 0 0 0 41 0 82 43 0 0 0 52 0 68 0 85 29 60 0 0 23 76 93 97 81 85 0 20 0 9 3 89 0 0 0 66 28 0 43 23 0 17 0 59 0 16 42 78 95 0 0 67 0 89 0 0 37 0 40 0 0 0 0 80 41 30 56 59 53 0 0 33 21 9 95 0 0 71 64 0 0 24 42 0 11 0 96 0 36 
59 0 78 52 92 78 0 16 0 0 37 0 0 70 0 51 53 0 0 0 0 0 0 0 0 0 35 79 0 0 0 0 42 2 0 0 60 73 92 16 0 0 88 54 0 0 0 83 0 32 0 34 0 0 0 0 28 0 57 0 99 0 8 0 9 93 0 0 0 75 53 0 0 0 0 73 0 0 96 0 25 3 0 0 0 0 0 0 0 81 0 0 0 98 0 0 43 0 51 0 
28 59 0 0 15 59 0 80 0 14 46 0 93 0 85 0 0 74 0 22 90 30 62 0 78 78 0 0 0 97 0 0 0 72 61 0 9 0 6 93 26 74 87 0 50 44 0 0 0 0 0 0 0 0 0 54 45 0 90 0 0 26 0 0 0 12 0 17 0 0 22 96 97 0 0 0 47 0 0 0 92 0 0 62 15 0 30 0 0 4 21 0 0 0 48 0 0 30 70 21 
0 0 0 84 0 45 32 0 0 0 0 97 80 13 0 89 0 76 0 0 62 0 36 7 0 0 97 0 48 20 0 0 17 0 19 63 72 81 0 95 54 0 0 31 60 0 25 78 0 0 0 0 6 0 67 92 0 24 0 36 81 0 1 67 0 0 0 0 76 92 0 0 30 94 74 59 0 0 32 0 0 0 96 0 0 0 3 0 0 49 76 8 94 21 0 15 0 0 62 0 
71 72 0 37 23 0 26 0 64 94 51 61 90 0 83 9 0 0 0 0 48 0 0 64 0 79 0 0 8 21 0 13 93 0 0 0 93 4 79 0 2 16 75 0 28 23 0 0 0 0 25 55 0 0 87 0 67 35 0 82 52 0 39 70 0 50 0 0 49 0 39 0 0 0 0 0 17 0 94 0 0 69 84 12 0 46 0 0 0 96 0 0 0 36 85 0 0 0 0 0 
97 6 57 13 0 53 96 0 0 3 0 29 44 0 0 24 0 0 45 28 0 0 82 31 0 12 22 97 99 0 19 0 79 0 64 84 0 0 0 30 32 93 0 78 0 17 0 0 0 99 0 41 80 43 82 53 67 33 7 0 11 11 0 0 13 0 0 0 58 53 65 0 11 70 26 0 0 0 0 0 0 29 0 0 0 0 83 29 0 70 0 0 59 79 0 41 0 14 97 0 
