100
0 0 18 23 0 0 0 0 40 0 0 0 0 15 0 0 82 50 25 77 0 0 32 0 62 41 0 0 30 39 86 96 0 0 0 27 61 0 80 64 0 40 20 57 89 0 27 0 0 0 0 0 65 0 24 67 0 51 0 0 53 0 74 0 43 65 46 86 45 0 84 0 20 29 67 50 0 0 0 72 68 0 34 46 0 25 0 2 0 83 0 0 43 52 60 62 51 0 92 91 
52 0 73 0 55 32 28 82 91 94 21 30 0 32 8 0 13 0 0 0 78 0 0 0 90 40 14 51 93 0 28 87 0 0 0 0 35 11 95 0 0 0 53 0 36 31 31 38 0 0 0 0 0 0 0 0 50 0 75 35 88 0 47 79 22 0 16 0 12 0 0 73 0 0 0 0 64 0 0 0 0 0 98 93 0 0 36 52 0 96 68 83 0 42 0 0 0 0 95 0 
0 0 0 30 0 3 0 0 0 0 0 22 0 84 69 0 0 84 29 0 2 0 50 38 7 0 72 10 0 0 29 62 90 63 67 8 84 0 42 0 0 0 67 0 0 0 0 74 0 57 82 93 47 0 29 32 99 1 92 0 0 0 84 0 0 43 0 0 0 0 0 89 0 0 0 60 0 0 0 0 0 0 0 0 0 0 20 20 0 79 0 33 2 12 0 3 0 0 74 0 
0 85 0 0 0 0 0 0 81 69 49 78 0 0 75 0 0 0 0 0 19 0 0 0 10 0 0 0 0 45 1 0 0 8 58 54 0 27 0 65 86 19 39 0 51 0 0 0 32 69 0 0 0 0 0 57 64 6 0 0 0 88 77 29 40 74 46 0 8 0 71 0 0 0 0 11 63 0 28 57 72 46 0 0 77 0 0 35 18 38 77 73 79 0 0 6 4 38 0 98 
35 0 63 37 0 63 0 2 0 22 65 0 0 0 4 5 0 30 0 0 33 0 6 0 24 0 0 97 0 0 0 0 4 61 51 0 0 20 38 24 1 23 0 88 42 0 0 0 8 76 0 0 0 95 0 32 24 0 78 64 77 3 43 0 7 0 0 0 0 63 3 0 0 96 28 85 28 60 0 12 0 0 86 0 38 4 0 0 84 0 3 14 42 2 95 87 0 9 63 44 
17 0 0 81 0 0 0 92 40 0 0 0 0 44 0 0 0 45 69 84 0 1 0 50 21 0 89 0 70 74 0 0 0 0 0 51 95 0 2 0 95 0 55 87 0 94 57 88 0 89 0 51 0 0 94 0 37 74 5 0 50 90 0 0 0 16 74 29 0 57 0 0 0 45 66 0 0 0 0 0 0 0 66 0 61 43 0 0 49 32 0 0 0 7 0 55 0 69 89 88 
95 0 95 26 38 66 0 68 0 0 72 0 0 0 0 78 0 0 0 0 48 33 0 45 0 16 70 44 0 45 89 56 72 68 19 62 85 0 67 83 0 0 52 63 0 0 0 50 21 0 27 0 73 34 0 3 0 0 0 0 74 0 0 5 52 0 0 47 0 22 0 0 0 40 95 0 33 19 1 50 0 0 0 0 0 42 26 0 0 0 0 31 89 37 0 97 0 61 2 64 
61 0 1 8 0 0 0 0 0 0 22 0 12 13 55 0 0 36 49 0 0 0 14 58 50 0 57 14 0 0 0 39 0 0 0 0 53 18 0 86 28 0 0 42 0 9 51 68 0 94 0 5 0 0 23 27 0 0 7 0 0 25 81 0 0 0 79 0 20 28 0 0 39 67 0 63 0 0 0 24 0 74 24 0 0 0 0 0 4 68 16 0 65 0 2 0 49 83 59 0 
0 0 59 0 17 0 68 39 0 0 4 49 11 0 20 60 20 50 0 0 85 90 83 96 0 7 0 48 0 26 8 0 0 0 0 0 0 11 81 0 46 96 0 0 87 0 45 71 90 0 78 49 0 77 69 0 0 12 0 0 42 17 0 94 92 54 79 11 8 50 0 27 0 98 0 16 57 78 0 18 0 0 0 0 0 0 32 0 30 24 0 21 27 0 73 47 0 19 0 0 
57 0 58 0 0 80 52 95 70 0 0 0 56 0 0 0 0 60 94 0 95 0 0 0 0 0 3 82 33 87 72 6 65 16 0 8 11 0 0 52 0 0 0 0 0 51 69 51 0 0 0 0 70 0 0 0 0 9 9 98 0 0 0 21 81 25 61 0 44 0 2 95 81 77 50 0 14 54 0 11 0 97 80 0 0 0 0 77 0 0 0 0 0 0 0 42 61 31 49 0 
17 0 23 0 0 39 0 0 0 66 0 0 0 0 29 31 0 54 0 65 88 84 74 0 98 73 81 0 0 0 61 0 0 47 0 41 7 64 91 0 63 0 35 0 7 0 49 33 0 0 0 0 0 0 24 0 14 0 0 53 6 45 25 0 37 77 0 0 0 0 0 0 0 13 0 26 58 0 0 65 0 0 20 0 22 0 0 0 0 16 0 0 0 10 3 36 0 59 70 0 
23 0 0 0 71 27 76 57 0 52 46 0 77 29 26 86 33 0 93 5 0 0 20 10 0 56 55 10 0 0 0 37 83 22 77 69 39 0 0 0 0 7 49 52 0 65 23 0 0 81 39 33 0 85 48 0 26 0 0 25 94 71 65 56 0 21 37 0 33 0 0 0 43 49 49 0 39 82 0 21 0 17 60 0 5 0 6 34 0 84 0 0 0 0 17 0 0 67 0 1 
52 41 57 96 33 92 24 0 0 0 18 0 0 28 6 0 3 0 99 0 77 11 0 57 0 0 23 15 0 75 0 0 0 0 19 0 29 0 0 0 0 67 35 82 50 47 0 0 0 92 0 0 31 0 0 0 40 0 82 58 14 77 0 0 0 0 0 0 0 0 0 54 74 86 0 0 77 40 0 62 53 90 0 0 0 50 96 0 0 0 0 18 0 74 86 63 0 0 0 64 
0 0 0 54 3 0 58 0 39 22 86 0 0 0 0 96 0 12 0 13 34 10 75 44 6 0 36 0 0 23 52 2 0 0 0 0 0 90 0 0 0 0 0 64 0 0 72 0 0 79 0 0 0 50 0 57 0 0 31 97 0 0 27 0 65 39 96 79 0 0 0 43 5 36 10 99 36 50 0 83 72 0 0 97 0 0 0 0 0 23 0 67 0 76 60 77 17 0 0 23 
62 0 0 0 0 1 7 0 0 68 0 0 0 34 0 0 43 36 0 89 39 0 88 72 28 0 73 0 0 90 0 86 67 10 50 0 0 60 75 0 0 74 84 53 3 47 0 0 0 77 43 0 0 81 82 0 0 81 77 0 0 59 0 0 0 26 0 0 90 0 0 0 0 35 97 81 0 42 0 0 11 0 72 0 85 0 0 0 73 82 0 44 75 69 0 28 0 0 84 0 
55 70 93 29 0 35 0 55 0 46 0 0 93 0 7 0 6 0 0 0 0 0 1 34 99 34 0 18 82 0 0 62 58 68 48 8 82 90 56 0 42 96 46 0 0 63 58 0 0 85 75 0 60 0 0 0 0 0 91 64 27 0 0 0 0 79 0 1 5 0 91 0 60 0 80 0 87 0 78 15 0 0 44 37 36 0 45 0 4 93 0 33 92 0 53 0 0 93 0 35 
0 0 52 47 47 6 73 37 0 27 42 0 0 66 0 0 0 49 0 0 0 26 0 0 37 50 0 26 0 33 0 36 93 26 0 0 0 0 91 32 0 0 0 0 90 19 0 73 82 73 0 54 0 78 0 0 36 70 0 89 0 56 0 56 63 87 84 76 0 97 45 0 58 13 0 93 9 0 35 0 0 65 0 84 0 56 46 0 33 0 40 0 80 80 0 41 0 60 0 69 
0 76 0 96 0 0 88 0 0 0 0 71 92 0 0 68 0 0 31 3 0 5 3 88 0 53 81 7 93 44 70 0 0 29 0 0 0 36 69 0 0 16 0 68 0 75 51 53 78 54 46 6 44 1 0 0 3 0 0 80 0 0 27 12 0 34 16 0 14 0 0 0 17 39 76 0 44 69 0 71 81 64 44 0 43 0 0 96 72 0 0 0 42 0 0 0 17 0 71 0 
0 34 0 94 39 0 28 0 97 0 40 0 0 95 96 1 65 0 0 27 0 0 0 0 27 11 98 34 28 33 0 0 0 0 0 64 0 0 0 39 77 0 0 0 69 0 72 0 24 12 0 21 77 42 0 0 19 33 26 0 27 10 0 0 0 0 0 49 67 27 13 0 74 13 5 0 23 3 39 0 42 26 64 4 0 26 0 29 0 33 22 72 0 22 0 0 0 40 0 58 
0 73 52 31 81 0 91 5 99 64 0 0 93 0 0 77 59 0 0 0 6 0 0 0 29 0 44 72 42 0 92 36 0 18 32 33 0 0 0 0 29 84 0 25 0 0 84 67 0 0 0 9 75 0 22 0 0 0 0 0 14 0 0 0 87 0 98 0 67 0 40 92 83 0 10 0 2 93 11 60 0 96 0 0 0 7 31 64 46 0 0 0 71 0 9 0 0 54 0 49 
83 0 0 0 0 27 0 39 0 0 0 90 0 0 0 28 95 77 86 0 0 65 0 0 35 0 0 7 0 93 67 0 18 55 0 57 0 8 0 0 0 69 49 0 59 0 67 0 0 57 69 68 87 0 79 24 0 48 0 86 24 57 0 89 0 0 93 0 0 0 0 91 0 0 0 0 0 0 0 87 0 0 47 10 0 0 45 0 53 73 51 0 78 0 0 45 0 0 0 49 
10 52 43 70 84 0 0 63 0 68 0 71 0 0 53 96 0 0 24 54 0 0 0 77 56 0 26 44 13 59 35 43 0 17 0 74 0 0 0 99 25 48 67 0 77 91 0 0 0 0 71 0 52 0 75 72 63 37 82 0 0 0 56 0 0 43 34 0 0 31 0 55 19 0 0 54 0 0 0 0 24 22 0 0 89 1 97 11 37 0 0 0 0 0 0 82 0 0 79 87 
0 97 0 27 0 69 37 0 0 68 0 0 61 0 0 0 46 0 24 52 48 68 0 84 0 65 4 42 74 35 0 86 0 20 80 0 58 0 0 92 0 0 0 53 0 0 87 0 0 0 46 56 65 45 0 0 0 92 36 0 61 0 2 74 96 0 0 93 0 13 75 0 26 47 0 0 0 27 59 93 0 0 53 12 0 0 0 67 55 0 88 44 57 0 0 0 0 11 26 0 
9 16 0 33 39 0 0 0 0 82 10 0 0 0 0 0 83 0 18 56 57 0 0 0 75 0 83 62 0 72 85 95 0 99 0 28 23 86 0 45 0 6 0 0 14 0 0 0 0 71 0 0 2 52 0 93 37 4 0 44 0 0 0 0 0 0 87 12 0 36 0 40 0 37 94 85 0 16 0 0 90 34 22 0 0 99 0 98 0 69 0 0 16 0 0 0 10 0 0 0 
0 0 0 0 0 0 42 0 97 13 0 43 80 0 0 0 0 3 0 0 0 0 44 0 0 0 0 0 78 71 50 2 89 0 94 0 0 0 48 65 27 16 14 99 0 85 0 60 0 0 66 34 75 4 0 0 62 29 46 0 0 14 76 0 64 0 31 95 65 0 52 69 80 28 52 0 10 72 24 18 43 38 91 68 0 0 2 0 5 0 1 0 0 35 0 0 0 89 34 0 
0 0 50 72 76 22 0 90 0 77 0 0 2 1 38 0 0 0 0 19 87 21 0 94 46 0 52 75 0 0 60 16 0 21 0 0 0 0 40 68 22 0 0 0 0 0 0 78 0 0 63 0 0 19 80 0 66 83 0 0 0 69 66 85 0 16 6 3 8 31 0 14 0 0 74 0 71 0 39 0 0 0 0 17 31 31 0 0 93 36 80 0 93 0 0 43 0 0 0 0 
96 0 0 24 70 0 0 0 90 0 0 0 0 0 0 88 4 0 0 0 50 0 0 0 76 0 0 0 0 0 40 87 0 9 0 84 22 91 0 0 0 0 41 9 59 94 7 0 0 0 80 0 24 59 66 0 14 45 0 0 0 10 0 88 0 0 0 0 0 0 0 75 25 22 21 0 0 0 15 0 99 0 32 0 0 0 63 6 63 58 0 17 0 51 0 0 49 27 6 0 
38 0 0 32 0 11 0 0 0 0 99 0 0 7 70 0 0 0 0 0 0 0 0 0 77 0 8 0 35 0 39 0 0 0 0 0 0 0 0 0 90 75 0 0 22 40 0 0 8 0 24 20 0 42 0 0 0 0 0 0 28 0 34 82 0 11 0 31 0 47 69 14 44 0 12 0 0 1 69 87 0 1 0 0 90 89 62 41 0 0 40 0 0 0 48 0 0 41 0 0 
0 0 7 59 34 0 41 52 85 0 87 66 71 3 45 0 47 0 0 0 29 0 0 69 0 74 54 0 0 0 76 94 0 22 0 0 0 0 0 82 97 0 0 0 0 26 0 0 53 32 0 0 95 0 38 88 0 0 0 0 0 0 0 67 81 0 72 94 13 0 0 0 0 42 0 86 2 0 16 0 19 0 68 20 0 0 0 0 0 0 75 0 19 0 0 0 0 0 96 65 
0 52 31 0 53 0 0 48 0 0 49 10 0 0 0 31 0 0 0 99 0 0 0 0 0 29 40 62 38 0 21 41 0 99 98 0 0 0 64 49 0 3 0 74 0 65 42 0 34 43 8 0 51 0 35 91 0 67 34 77 0 29 36 99 0 75 45 97 88 0 59 26 17 0 10 85 81 2 71 0 0 0 43 51 0 79 0 61 0 0 0 59 0 0 0 0 0 72 0 0 
0 0 0 0 5 83 0 45 0 0 0 57 31 0 81 21 66 0 21 0 0 0 42 0 0 0 0 0 0 0 0 0 86 35 51 32 0 0 0 54 60 0 0 78 0 98 0 55 47 55 0 11 0 80 55 34 0 17 0 9 0 0 0 26 0 0 57 0 72 0 0 0 44 62 52 0 0 0 39 0 0 85 0 15 87 24 0 0 84 0 73 0 8 90 0 0 25 3 0 60 
0 0 0 49 82 33 0 0 2 0 89 0 12 0 0 0 0 65 58 0 54 0 0 0 0 0 0 49 0 0 86 0 0 0 0 88 18 84 0 67 91 80 0 0 0 41 32 0 0 0 14 0 0 0 84 55 0 0 0 35 55 0 59 0 0 20 0 0 0 0 17 12 42 0 0 0 97 20 63 0 0 33 0 0 0 61 76 0 0 75 17 26 13 0 26 98 0 0 0 56 
39 78 0 92 0 29 0 59 5 0 29 0 43 22 0 0 0 25 56 19 0 20 22 73 0 3 43 73 20 12 0 87 0 7 48 0 0 0 0 0 0 0 59 71 39 48 0 0 0 0 0 13 0 0 0 51 0 47 93 64 52 0 0 68 0 75 0 50 0 0 0 81 19 0 61 7 0 0 0 43 2 0 0 0 0 46 0 0 66 75 0 0 63 27 17 0 77 11 84 79 
94 42 0 0 0 10 0 2 59 0 0 0 26 8 0 0 0 0 76 0 0 0 0 0 25 0 0 31 0 0 0 71 0 0 34 14 0 68 46 0 42 0 94 0 15 79 0 0 0 0 23 43 0 0 0 42 0 0 95 72 0 0 2 0 87 51 0 25 0 46 0 0 47 55 0 95 87 0 0 15 73 0 97 50 0 12 0 9 64 23 32 29 0 0 67 0 33 0 96 2 
55 12 0 0 0 47 0 67 58 28 97 0 0 77 0 0 50 13 51 0 6 28 0 98 0 9 14 33 47 0 0 36 0 0 0 0 0 40 72 98 0 43 38 15 25 0 40 74 0 0 24 20 98 59 77 0 0 0 0 0 69 0 0 88 15 35 17 89 79 0 0 99 0 88 0 10 0 0 0 0 0 0 0 0 0 0 0 10 0 78 98 9 21 5 22 0 58 1 0 0 
0 90 0 0 40 0 0 5 4 0 0 0 93 97 7 0 68 46 0 0 0 0 74 0 28 91 0 11 88 26 0 0 18 0 72 0 3 0 0 0 11 0 0 33 0 0 77 62 0 0 0 0 44 44 82 45 53 56 89 74 26 0 84 0 47 72 55 58 0 0 0 53 54 0 76 0 94 0 97 17 10 74 0 0 32 0 78 42 90 0 0 0 96 0 0 0 8 92 0 76 
0 0 0 48 3 0 0 0 52 0 0 0 0 43 32 0 61 37 52 91 62 1 0 0 51 3 0 27 80 29 48 0 41 11 72 0 0 0 0 0 0 0 0 0 80 37 41 4 0 59 0 25 91 58 49 15 2 0 27 69 58 73 0 45 59 0 0 51 90 25 31 0 84 0 98 0 0 22 54 24 8 73 0 0 0 70 0 0 0 0 85 60 0 69 0 0 96 75 0 66 
19 0 97 0 0 37 37 0 0 32 0 17 56 0 0 0 86 0 29 21 0 67 33 0 48 70 0 94 71 6 26 0 19 0 0 19 13 0 34 24 39 0 13 0 0 0 0 24 26 0 0 56 70 0 0 17 6 0 0 39 0 0 0 0 0 0 0 0 0 90 0 73 0 0 0 0 0 0 61 3 38 47 52 0 16 0 0 0 13 0 0 30 2 4 29 0 11 0 0 0 
0 0 0 71 0 0 0 2 0 19 0 3 30 36 0 0 0 0 58 91 64 36 83 97 0 0 85 64 18 0 2 74 55 0 0 12 95 0 0 0 0 95 46 50 0 53 0 0 0 0 0 0 0 39 56 58 0 0 0 61 0 80 79 49 0 6 0 77 72 0 0 0 0 0 88 0 0 62 93 80 70 0 0 0 81 0 0 59 63 54 22 0 57 25 95 0 0 0 0 34 
0 69 24 0 0 92 0 0 63 0 59 89 36 28 8 2 0 78 0 60 50 0 0 0 0 0 90 82 0 0 0 0 54 24 0 86 91 0 76 0 20 0 0 12 0 46 0 20 0 42 0 0 0 0 47 48 0 0 0 0 97 0 0 0 7 89 97 0 0 1 95 88 0 84 0 37 18 71 55 73 0 69 53 0 88 0 34 60 0 0 72 36 75 0 65 0 0 0 0 0 
78 58 25 0 0 0 58 0 0 50 0 51 75 47 92 0 20 12 0 0 34 0 23 54 0 0 7 0 0 88 0 0 98 0 61 0 92 0 93 0 0 0 66 35 59 0 75 43 0 0 88 0 0 0 0 83 44 0 13 57 44 61 52 0 49 10 2 14 73 46 30 0 0 42 17 0 0 0 0 0 0 0 0 9 0 13 0 88 0 0 6 0 10 0 0 0 0 0 58 45 
0 59 51 0 0 44 14 52 0 8 68 0 0 58 0 0 94 0 99 0 0 0 44 0 0 64 86 0 18 0 39 0 56 82 0 89 12 14 0 45 43 0 45 0 80 67 45 48 0 0 0 0 83 0 12 0 87 89 0 0 0 90 55 76 75 94 1 0 62 0 0 23 72 0 64 0 76 62 0 0 0 55 88 66 61 0 0 49 28 52 74 12 0 19 0 46 0 0 0 28 
0 0 0 0 5 0 0 90 33 11 0 0 0 5 0 0 36 84 23 78 0 0 23 23 0 26 0 26 49 38 26 64 0 0 0 76 7 0 0 88 0 0 0 28 0 97 0 18 14 0 0 41 0 43 63 0 74 4 81 0 63 20 0 85 0 8 0 0 39 0 96 0 0 49 35 65 0 60 0 0 39 48 0 18 95 0 0 40 11 0 0 29 0 98 0 3 0 67 74 75 
0 47 75 95 0 0 0 0 16 15 41 0 0 0 0 69 8 0 26 0 82 45 0 80 0 47 0 23 79 0 0 79 0 64 0 0 73 79 0 0 0 36 0 0 0 0 0 10 0 0 70 0 37 42 0 0 0 0 54 0 27 0 59 0 66 0 0 12 0 0 27 0 0 66 0 32 87 77 69 10 0 0 0 24 0 45 0 26 0 0 99 0 82 0 86 0 0 46 0 26 
0 0 94 0 0 82 80 29 0 22 0 18 0 79 0 11 0 55 0 44 0 0 70 0 6 7 0 0 50 63 43 80 0 0 0 63 0 37 10 28 0 0 65 21 0 5 0 13 0 85 40 17 0 47 98 0 0 23 0 87 0 0 0 88 0 4 0 51 5 20 0 0 10 10 0 0 0 0 0 63 0 90 50 29 0 0 43 31 0 0 0 0 0 73 0 91 24 49 0 39 
32 0 46 82 73 0 96 0 63 0 66 0 0 37 0 0 0 0 98 33 87 0 78 9 0 51 0 0 0 0 0 0 0 0 80 24 0 28 0 0 21 0 0 63 0 0 80 51 48 94 0 79 0 0 68 0 0 0 0 64 0 0 0 0 58 24 17 24 0 0 5 21 0 85 0 0 39 19 4 0 25 80 0 0 0 71 45 55 66 0 38 56 0 0 0 88 91 24 17 0 
0 0 69 1 6 0 47 0 0 0 0 0 75 0 51 0 34 0 0 0 0 78 0 38 87 94 0 88 87 0 83 0 47 44 0 0 0 81 19 87 0 0 90 40 57 0 0 49 77 0 28 0 10 0 0 63 82 0 0 0 42 0 33 59 58 0 48 79 21 0 69 0 81 0 0 6 0 0 0 57 25 0 0 70 61 0 88 0 47 32 0 0 69 0 0 0 0 0 72 0 
70 0 0 31 72 0 0 0 0 0 0 6 35 36 56 28 0 0 21 0 91 81 83 86 0 0 17 56 58 32 0 60 97 73 0 0 0 0 75 0 0 0 0 0 0 0 0 0 71 0 77 0 50 0 36 0 42 0 50 0 0 54 34 0 29 86 98 0 30 35 61 0 0 0 0 36 0 73 0 40 0 0 47 0 34 0 58 0 0 94 25 0 0 0 0 61 0 0 0 0 
56 22 33 0 0 42 0 92 0 87 43 76 44 85 72 2 0 0 0 58 58 38 5 95 54 7 67 0 0 0 0 69 31 8 34 19 31 0 33 24 47 27 0 6 64 0 0 0 0 6 52 0 55 0 0 0 92 0 0 0 0 0 0 84 0 0 10 15 0 95 0 0 0 45 0 85 7 72 43 0 0 0 0 2 63 85 0 53 45 0 52 0 0 18 0 76 0 0 0 0 
78 70 0 0 0 0 38 0 27 46 86 0 0 0 0 0 0 0 0 56 0 74 3 0 20 80 19 77 0 0 0 66 14 24 6 99 0 39 24 0 34 75 37 44 0 0 4 43 0 0 0 41 0 0 16 3 76 0 8 0 0 0 68 0 0 20 0 24 0 70 10 0 0 0 64 0 85 0 45 0 0 95 79 0 86 0 93 0 0 0 32 0 74 0 51 20 17 27 73 63 
44 67 0 98 64 48 0 17 0 57 76 0 88 35 0 0 29 0 36 49 0 0 0 18 0 0 0 0 90 0 56 0 64 0 0 23 90 95 60 30 0 70 15 0 0 21 0 0 0 77 0 0 37 0 51 83 49 0 0 64 0 0 15 36 0 0 0 43 7 12 0 67 76 0 27 44 51 92 1 73 20 0 0 21 95 0 36 0 0 0 0 0 0 0 63 0 26 0 0 49 
7 12 0 12 12 0 59 0 0 55 64 0 36 50 19 37 0 0 0 0 0 1 0 36 0 39 57 0 92 22 0 26 0 0 0 10 0 0 16 8 17 36 0 67 0 0 41 48 53 0 28 0 0 60 26 97 0 0 0 0 0 0 0 0 1 57 21 19 91 0 0 22 0 0 54 38 0 0 78 56 46 0 1 0 0 61 0 0 10 0 0 34 0 99 32 5 0 0 39 0 
0 34 0 49 10 30 0 4 21 0 67 16 0 40 62 0 15 0 0 0 0 0 0 0 0 78 0 26 0 0 85 59 80 71 0 0 0 0 33 40 14 0 51 0 15 70 0 0 0 49 0 67 0 28 18 0 0 24 0 0 77 0 0 98 0 34 0 0 0 0 61 46 0 0 0 0 0 0 0 0 52 0 47 0 87 0 66 39 0 0 0 49 46 12 73 50 7 0 0 0 
72 16 33 78 0 87 0 55 0 77 37 0 14 0 0 79 0 0 0 43 56 53 0 0 0 0 0 0 5 74 0 99 30 46 0 0 0 37 0 62 10 99 0 0 0 33 49 98 62 53 36 0 0 0 29 87 37 98 0 51 43 0 0 58 0 10 0 0 24 56 96 57 0 0 0 0 0 0 0 40 66 0 63 0 0 87 8 80 0 92 96 77 0 35 43 0 9 22 0 0 
0 49 0 11 79 0 97 0 0 17 0 0 83 53 0 55 18 75 89 0 0 0 21 81 70 0 0 36 0 0 0 0 20 24 0 0 0 17 0 0 72 0 0 67 0 0 40 0 44 0 0 0 0 0 0 11 0 0 0 20 46 0 0 85 45 76 0 0 0 0 0 11 19 0 0 0 0 71 0 73 0 35 0 76 0 17 38 85 0 39 44 94 76 82 36 0 0 26 23 0 
0 59 0 0 0 80 0 0 61 16 18 83 74 0 75 99 42 63 60 61 0 0 23 0 85 19 56 15 0 0 0 0 0 0 79 0 0 0 0 0 0 18 48 45 67 5 0 97 80 0 0 0 15 0 0 0 14 68 5 82 17 0 0 79 8 0 94 0 0 17 0 58 63 1 0 0 50 36 93 0 0 55 96 0 33 67 0 0 0 0 32 0 61 0 0 0 0 84 0 87 
95 0 0 0 0 0 70 93 75 50 0 0 0 2 68 50 0 0 0 38 54 0 57 0 0 0 0 7 20 36 24 7 63 41 46 0 0 0 71 14 0 0 0 85 76 7 0 0 0 0 0 36 13 0 71 0 0 0 63 0 65 0 80 65 25 0 0 87 50 65 0 0 0 0 0 18 0 88 72 0 49 0 0 0 0 0 46 0 10 0 0 0 0 24 59 0 16 0 0 0 
0 17 0 0 97 0 92 3 0 0 98 11 58 23 0 73 0 51 0 81 0 0 0 0 0 0 0 9 78 0 0 37 0 69 39 0 46 29 50 35 55 0 0 22 0 88 34 72 25 19 19 56 0 0 9 0 24 0 0 55 6 93 0 0 0 94 0 93 0 39 93 31 0 84 36 0 46 0 0 0 0 49 50 78 69 21 0 26 93 0 0 22 0 0 87 0 33 0 62 96 
60 0 0 1 0 0 39 0 51 0 98 3 0 0 0 0 14 4 0 99 39 0 0 36 0 75 27 14 44 0 27 15 0 0 50 0 0 65 51 26 0 12 0 0 82 35 22 0 34 0 27 60 8 1 31 0 0 96 0 0 38 34 0 12 0 22 40 0 26 0 85 1 0 0 0 0 68 0 36 0 0 64 0 0 0 88 0 84 0 0 71 92 0 93 0 0 81 10 74 94 
26 0 12 37 0 39 46 40 13 0 0 0 0 0 1 0 0 0 21 10 0 82 11 0 27 23 70 76 59 0 0 0 0 0 27 0 0 0 0 9 0 75 61 83 0 0 60 8 79 36 0 44 4 0 0 0 99 0 37 0 24 0 94 13 86 9 44 73 99 0 25 32 0 0 13 0 4 60 38 68 84 0 0 57 0 0 0 0 38 9 0 0 0 26 0 53 54 73 92 94 
0 0 56 69 0 0 0 39 0 55 0 0 0 58 14 0 41 92 0 0 0 23 0 68 96 46 94 0 71 95 43 0 0 18 0 0 0 30 62 0 0 59 0 0 88 4 0 55 22 72 95 92 0 0 0 0 0 0 0 0 0 96 21 68 77 0 0 0 73 59 35 75 30 0 0 29 22 0 49 48 32 0 0 0 83 0 0 0 0 0 0 0 34 0 29 0 94 1 0 0 
18 67 26 0 0 0 12 0 0 86 0 0 0 57 0 85 0 18 0 87 0 71 88 84 0 0 0 34 22 0 61 41 59 62 43 40 0 14 0 70 0 0 0 12 99 26 12 0 53 34 6 30 95 69 12 33 54 0 0 33 0 0 30 18 66 68 20 0 0 0 95 0 0 4 58 0 0 74 0 0 0 33 87 90 0 0 2 0 22 0 47 0 0 85 49 55 87 0 0 0 
0 0 0 0 0 38 20 0 14 91 0 0 52 0 54 55 13 0 60 80 46 0 0 98 0 0 30 0 27 0 66 0 10 0 19 0 40 17 0 56 0 0 63 0 66 96 0 0 82 0 0 53 12 95 32 95 0 64 62 0 0 0 0 0 25 0 6 0 0 99 89 48 0 0 0 31 58 0 0 0 0 31 55 45 74 0 0 31 0 64 85 22 19 4 0 16 0 0 0 4 
96 0 13 0 41 44 0 49 0 0 71 0 85 28 93 6 0 0 54 20 0 48 0 47 66 0 0 0 0 0 0 40 0 93 0 38 0 10 0 48 14 0 0 59 0 98 0 71 0 79 0 46 0 0 0 0 0 47 0 0 0 0 71 0 0 10 96 0 88 35 97 0 40 87 0 0 1 7 0 58 99 47 0 0 0 77 8 61 0 59 0 0 0 0 0 76 64 0 0 0 
0 0 29 0 0 69 0 65 0 0 0 9 67 0 92 94 0 32 55 0 1 21 0 12 0 38 5 50 0 2 95 35 81 0 0 0 0 35 2 0 0 0 88 0 53 0 0 0 72 21 68 0 84 57 0 0 0 3 30 0 0 0 0 1 0 0 43 0 0 0 0 93 0 0 0 0 0 0 0 0 0 2 77 0 27 54 0 0 0 0 0 59 0 0 83 0 50 72 0 37 
0 62 0 0 36 0 14 15 0 0 0 0 85 0 0 0 0 0 81 58 95 0 16 94 96 0 20 0 68 0 57 0 0 0 0 0 85 17 0 0 0 0 0 77 0 0 46 0 74 0 65 0 0 0 0 14 49 0 0 0 50 0 26 0 96 0 23 46 0 94 12 77 82 74 0 0 62 0 74 0 64 70 0 0 82 0 70 0 79 67 36 0 61 84 0 33 21 13 0 0 
0 0 22 0 41 0 24 0 0 0 98 0 26 0 6 53 0 0 51 0 0 0 6 0 0 0 69 58 0 0 0 16 10 27 0 0 39 71 20 0 0 0 32 8 61 0 0 0 0 51 4 0 30 96 74 0 67 13 0 0 27 0 0 0 0 0 0 86 0 0 0 0 36 25 92 61 0 20 0 0 0 74 65 0 18 15 0 32 36 0 63 30 0 0 0 0 40 63 97 54 
0 75 53 28 85 0 0 6 0 79 81 73 25 0 91 0 0 21 0 60 19 43 0 0 0 0 4 0 0 0 25 59 0 0 0 0 0 64 0 38 0 33 68 0 0 0 0 3 0 0 0 0 69 96 53 68 0 0 52 0 35 8 18 16 5 0 0 0 56 16 38 46 0 0 29 0 84 87 36 68 0 0 0 74 0 13 0 0 67 0 0 0 0 52 0 70 0 62 0 0 
0 0 58 0 25 93 59 0 0 0 37 0 71 24 0 0 99 0 0 0 78 44 7 6 0 0 68 92 0 0 0 10 20 21 0 92 0 90 0 25 0 0 0 3 0 97 0 0 60 70 0 0 87 0 27 45 0 27 0 0 0 80 34 0 15 79 67 0 0 0 0 92 71 0 0 93 11 0 96 71 0 0 0 46 22 26 96 0 0 0 0 33 0 74 0 0 0 0 71 0 
61 17 91 3 0 0 0 0 0 13 82 81 40 46 75 57 0 47 0 28 18 0 0 0 46 0 33 0 84 68 3 77 93 0 34 22 0 0 98 0 0 84 48 89 0 82 47 0 0 0 0 21 64 0 91 0 0 0 56 77 0 49 0 0 71 0 50 0 2 0 66 0 55 0 0 48 0 83 0 0 0 0 0 10 5 0 0 20 75 26 0 0 57 3 91 87 0 0 10 78 
0 94 64 0 0 33 77 72 56 0 92 28 93 13 5 0 0 87 0 0 97 83 0 56 0 20 19 0 6 0 62 0 66 39 25 79 0 64 38 0 0 20 0 0 5 0 0 0 10 0 12 7 0 0 42 62 83 0 0 0 0 0 0 0 57 0 43 0 1 0 0 0 0 8 39 0 89 47 95 0 82 0 21 0 0 0 28 0 0 0 68 0 82 0 0 0 0 0 0 0 
31 0 0 97 41 98 96 65 0 0 2 42 0 0 50 49 1 7 67 0 0 0 94 0 0 0 0 0 13 0 81 0 0 53 0 0 8 0 85 0 28 0 17 66 21 0 35 92 38 90 0 0 0 0 0 0 96 0 0 0 0 81 0 28 0 0 43 0 0 30 31 0 98 0 48 0 13 0 51 87 61 68 15 0 94 45 0 0 8 0 81 54 9 23 28 0 99 0 32 59 
0 82 52 68 63 90 50 0 46 0 75 0 0 0 29 0 0 0 0 0 30 0 0 78 0 62 0 0 37 0 0 0 0 0 55 0 0 63 94 72 95 0 45 44 0 47 0 55 99 62 0 52 83 49 0 0 94 46 47 84 0 73 37 0 67 0 0 76 0 0 96 0 0 1 0 0 87 0 43 99 0 33 0 0 0 65 0 0 0 73 0 28 49 29 0 0 65 0 86 0 
0 9 40 17 0 0 0 0 0 0 0 0 0 0 0 91 0 0 0 97 32 74 0 0 0 91 0 36 0 41 0 14 62 0 0 95 10 27 40 0 0 38 0 0 0 0 36 84 0 87 81 76 79 79 44 0 31 0 12 59 9 0 16 0 95 0 0 85 67 33 0 48 0 0 29 51 0 0 46 0 26 0 0 7 0 51 0 0 17 0 0 0 12 0 71 20 0 0 0 0 
0 49 7 64 0 0 0 63 4 0 82 0 84 0 0 0 47 0 0 0 26 62 84 0 0 0 0 0 94 0 0 86 0 44 95 0 0 34 0 10 0 0 0 53 49 85 92 40 86 0 0 0 54 10 5 35 62 0 40 0 50 0 39 47 97 15 0 0 72 12 0 0 78 0 0 0 0 50 0 0 68 89 0 0 67 0 20 0 0 93 19 0 0 52 0 51 51 0 50 86 
0 41 0 0 0 47 68 0 0 99 0 32 26 0 0 81 0 80 23 94 41 0 41 0 78 53 77 57 0 0 71 61 0 0 0 57 55 80 5 0 2 13 0 0 59 94 0 0 0 49 0 0 58 60 62 71 0 59 93 76 0 75 0 27 7 62 0 52 0 0 14 17 20 0 2 0 84 0 78 3 0 0 75 0 75 0 0 0 0 0 0 70 0 0 98 0 53 94 0 7 
77 0 26 0 0 17 0 65 0 0 0 0 0 0 27 0 0 0 0 0 20 92 58 36 0 0 79 19 0 0 53 0 93 0 59 0 26 61 34 0 93 0 41 0 73 0 73 66 0 0 0 53 18 73 50 0 44 0 0 0 0 50 0 0 53 0 14 0 0 63 0 0 0 42 98 0 0 0 32 0 0 76 0 0 0 77 0 0 0 58 0 98 0 54 0 0 20 46 18 66 
39 45 49 7 0 7 0 77 0 0 60 0 0 0 0 39 5 0 0 0 90 54 0 0 0 87 27 0 62 0 80 0 41 74 40 59 0 68 0 0 81 0 0 0 74 0 64 0 0 18 0 17 71 41 0 0 0 57 93 0 65 0 84 0 94 67 0 0 8 0 0 51 85 4 0 84 32 0 0 34 42 0 0 93 63 0 26 76 51 90 0 58 56 0 0 0 0 0 21 0 
2 21 73 0 72 92 0 47 54 9 30 65 69 39 34 0 0 82 0 0 69 43 0 37 0 0 0 0 0 0 0 0 1 66 38 0 0 0 0 0 31 37 50 0 80 0 19 86 0 0 0 0 14 46 65 0 0 78 0 0 0 24 3 9 22 0 37 0 0 69 0 0 0 0 97 0 0 78 0 0 26 0 0 0 77 93 97 0 0 0 9 41 0 72 94 0 0 0 0 0 
0 80 58 0 0 48 0 0 0 0 0 0 0 0 48 0 2 0 17 0 0 88 0 31 0 76 84 0 9 25 60 47 0 0 29 0 0 0 0 0 25 80 16 0 0 62 0 0 55 71 0 0 65 0 0 79 2 30 54 0 0 96 52 0 81 60 41 0 0 10 75 0 0 16 30 0 78 0 77 0 8 0 0 34 0 0 0 82 76 53 44 25 0 0 0 0 29 0 65 0 
0 29 21 0 36 2 61 87 46 55 12 19 0 0 0 14 89 0 0 15 7 0 28 0 0 88 0 36 0 19 7 17 0 0 54 0 0 0 0 40 85 18 0 33 54 0 0 50 71 56 0 0 0 0 23 99 0 39 21 0 0 81 71 0 95 0 90 85 2 26 0 0 21 0 0 26 70 0 0 0 0 8 26 99 41 0 29 19 11 0 0 0 69 44 85 0 0 72 0 27 
8 57 36 0 81 65 95 0 5 0 11 0 0 76 73 60 0 0 0 0 49 0 76 0 0 45 54 0 1 78 0 0 47 78 92 0 0 0 20 0 38 0 0 93 0 0 28 52 31 0 81 22 80 66 0 0 55 0 0 79 34 0 0 0 0 0 0 39 60 74 73 0 0 53 0 35 0 37 34 9 0 0 0 0 0 1 82 0 0 0 91 9 81 92 15 50 24 69 15 0 
0 0 10 70 0 0 26 0 30 0 0 0 66 31 0 0 28 0 0 21 0 57 0 0 0 67 0 93 0 0 35 1 47 0 61 63 15 0 24 0 87 0 66 46 0 7 5 0 95 0 9 0 0 0 64 0 43 0 95 83 71 0 0 25 0 31 0 87 57 19 0 0 41 76 88 0 18 61 2 81 0 84 0 0 0 0 0 37 60 0 0 59 68 56 0 99 0 83 60 0 
0 0 8 92 18 10 98 24 52 63 90 93 10 0 89 0 0 21 0 79 0 8 0 53 0 0 74 40 0 0 0 61 53 0 41 20 84 50 48 10 0 0 0 0 0 92 0 93 0 50 0 70 33 51 0 39 67 0 72 0 1 0 0 48 71 39 12 0 0 0 63 43 34 0 20 22 48 0 76 0 0 3 21 0 0 59 0 0 69 30 0 27 0 0 0 30 0 16 0 26 
2 39 60 0 0 0 26 17 21 74 0 0 72 16 0 0 70 0 97 55 76 0 32 8 42 0 77 0 52 20 0 64 71 89 42 0 22 0 0 0 6 0 0 5 16 62 0 0 0 0 0 3 0 53 16 0 85 0 34 20 0 77 0 1 0 0 0 29 0 0 69 0 66 84 0 0 97 0 0 29 0 35 76 18 0 48 0 21 0 17 45 19 29 93 0 0 49 86 0 0 
0 51 71 49 0 0 0 83 28 32 67 95 0 47 22 94 0 44 0 0 73 0 4 0 32 0 82 0 48 0 0 0 0 0 80 10 0 24 20 6 0 84 66 0 78 0 48 93 0 49 76 0 4 0 0 0 98 0 0 89 68 41 82 0 0 67 0 0 0 40 97 0 0 0 98 21 0 40 0 69 23 0 97 0 0 0 85 0 0 34 0 50 7 0 0 0 0 86 39 61 
95 0 0 81 50 39 0 19 0 3 94 0 0 21 79 0 0 22 13 0 0 0 42 82 0 26 0 0 41 53 32 0 84 26 7 0 74 78 25 0 54 66 80 67 0 0 0 0 76 0 0 20 0 0 0 94 0 94 34 50 99 0 3 0 37 0 97 17 0 23 0 38 98 13 0 30 82 0 0 59 0 0 8 41 93 0 0 88 0 97 98 13 0 80 40 83 74 2 90 0 
0 0 0 0 64 42 8 7 90 0 23 0 82 55 44 47 38 0 0 0 92 0 0 0 91 18 0 0 82 0 77 31 52 0 0 0 45 60 0 0 0 0 0 0 0 0 35 79 0 30 26 90 0 0 0 99 45 0 0 8 95 66 0 0 37 38 0 12 65 0 93 25 98 82 73 85 89 0 83 0 0 73 0 88 0 48 0 0 38 40 58 71 62 0 0 52 10 52 37 0 
21 96 73 0 0 0 9 0 0 84 33 86 63 54 0 0 0 0 81 0 0 0 0 37 0 0 0 18 97 99 0 67 0 0 17 0 68 0 0 9 46 0 0 66 76 0 0 58 0 64 30 0 78 9 54 17 0 0 33 0 57 0 5 36 22 0 0 0 50 0 96 0 62 0 38 71 6 0 24 0 0 92 0 0 96 3 20 0 0 66 56 0 83 61 63 0 76 3 0 6 
0 0 0 0 75 0 8 0 0 3 0 0 89 0 0 0 84 72 0 67 0 81 90 0 51 0 0 21 46 4 88 0 0 0 0 25 60 29 0 74 3 0 65 12 51 56 0 0 68 26 71 95 6 0 0 68 39 53 28 0 30 35 0 0 48 0 39 38 33 0 90 50 0 20 0 94 0 0 38 0 65 51 17 0 0 0 0 0 0 0 94 78 35 0 51 24 93 0 18 77 
9 0 95 0 0 79 94 0 48 32 25 15 90 28 30 89 0 54 0 39 0 21 0 30 0 0 16 0 0 77 0 0 77 0 0 86 0 80 0 0 0 0 42 0 40 0 43 0 0 0 85 50 4 0 0 0 14 87 0 24 5 0 0 30 70 0 0 48 13 91 0 0 22 38 0 1 94 50 0 0 79 0 46 47 0 48 0 0 0 0 0 63 0 33 0 65 0 0 58 16 
74 0 0 0 0 93 0 73 0 48 77 49 0 0 0 0 21 52 0 89 66 23 0 94 75 36 0 38 9 0 18 0 52 0 0 47 0 0 70 0 28 0 0 84 71 0 83 59 50 58 28 0 0 0 0 69 75 0 0 19 79 46 0 87 0 45 0 99 0 76 37 0 0 47 78 0 0 0 0 0 17 0 0 0 0 0 0 0 25 0 0 0 0 0 56 51 0 18 20 40 
0 4 0 0 0 13 0 0 0 88 34 65 25 47 0 0 0 0 54 0 0 33 0 0 95 0 56 40 0 47 0 0 0 66 0 0 82 0 0 0 0 38 53 0 68 42 0 5 77 0 60 56 0 68 0 0 70 16 60 78 0 32 0 80 5 0 26 29 59 0 0 0 0 0 88 16 23 0 51 97 0 0 0 38 0 0 92 0 0 0 51 58 0 10 69 83 85 95 0 0 
0 0 0 17 0 0 0 40 75 94 0 33 0 0 0 74 0 37 0 12 78 99 20 54 0 48 0 26 84 20 0 37 0 65 0 88 0 0 0 22 15 0 0 75 0 96 11 22 0 17 78 0 0 0 0 64 0 77 0 0 10 0 0 89 3 0 9 0 0 0 93 0 0 83 0 73 0 6 0 69 0 0 0 81 0 9 0 97 0 52 0 5 0 0 0 0 0 86 0 0 
0 2 83 62 0 56 34 0 0 10 0 0 0 0 20 0 2 14 43 0 8 81 64 79 69 10 57 0 4 41 40 0 0 0 0 74 99 0 0 0 97 46 5 0 49 34 30 42 41 0 0 0 0 0 0 28 0 0 70 60 0 0 4 3 0 8 49 11 19 0 95 0 33 0 28 0 6 35 0 78 0 0 43 24 27 61 0 53 0 0 58 0 0 71 0 82 0 0 0 74 
0 22 0 0 0 0 0 97 0 0 0 45 0 0 0 63 0 47 96 98 0 0 24 18 31 0 37 31 13 47 99 0 40 9 57 66 95 80 67 60 53 0 0 70 0 0 52 0 0 0 77 0 0 9 12 1 39 57 3 0 9 0 0 0 31 0 11 0 28 0 70 96 34 0 0 57 10 88 73 53 44 0 0 0 71 69 0 0 32 0 0 0 0 27 0 0 9 52 0 5 
0 90 98 0 88 19 41 0 85 0 82 25 89 0 99 32 8 0 95 23 65 8 89 0 38 12 0 72 37 72 0 80 0 0 0 0 0 0 22 7 41 37 37 25 0 0 57 82 10 0 0 46 0 0 75 55 0 0 0 0 0 0 89 0 0 0 0 68 6 85 98 0 0 85 0 0 0 41 13 0 91 0 10 60 0 35 0 0 0 0 66 55 0 65 35 0 0 0 0 88 
84 67 93 0 0 0 0 0 0 0 0 0 72 34 14 0 0 88 0 0 32 78 0 40 0 42 0 0 74 0 0 20 0 63 0 0 0 83 65 24 94 57 0 0 0 0 66 29 85 0 79 36 58 0 0 0 47 24 0 0 0 95 62 63 0 0 0 0 71 91 98 32 85 24 20 0 0 52 29 14 0 0 0 0 0 0 0 0 0 51 59 0 0 0 28 0 83 0 65 0 
0 0 0 4 0 0 0 0 83 0 0 64 25 48 0 81 17 0 67 23 65 0 0 25 0 76 0 62 0 55 65 65 0 0 59 66 59 26 95 16 0 67 0 58 38 0 0 32 9 0 27 0 7 59 0 12 18 0 0 0 26 35 43 24 44 66 0 90 0 0 82 0 0 76 0 25 0 0 26 0 98 0 0 6 31 0 0 0 6 0 0 0 28 11 31 17 48 0 0 0 
0 10 56 0 0 0 0 49 41 70 68 0 0 0 65 0 0 50 0 0 0 0 57 21 78 93 94 22 0 14 0 0 0 0 13 0 0 36 0 89 0 0 0 0 0 56 98 57 39 0 0 90 43 77 38 0 57 0 0 0 1 43 0 10 0 28 0 11 96 0 66 0 75 66 0 0 0 49 20 79 0 40 95 0 3 0 57 27 0 0 0 0 16 50 0 0 0 35 4 0 
