100
0 44 48 85 0 0 0 0 0 0 0 0 79 0 0 0 47 0 0 0 0 0 50 0 20 0 29 0 0 0 0 0 0 28 0 0 0 0 90 34 0 0 0 0 0 0 0 0 0 0 0 0 75 0 0 0 0 0 11 0 0 0 0 0 0 0 0 0 61 16 0 0 26 0 0 0 0 0 0 0 0 86 0 0 0 0 0 94 0 0 0 0 0 0 0 96 81 0 0 0 
0 0 69 0 0 0 0 0 81 0 0 0 0 0 0 0 21 0 0 0 64 0 0 0 0 0 0 51 0 0 0 0 12 72 0 92 0 26 0 77 0 0 0 54 38 0 43 0 0 14 0 0 56 0 0 0 0 0 0 64 0 0 0 94 0 0 0 0 0 39 0 58 0 0 0 0 0 0 0 0 0 21 84 0 0 0 0 0 0 53 0 0 0 70 0 0 0 0 0 99 
0 0 0 0 0 0 0 0 28 90 23 46 0 0 0 0 0 36 0 0 0 17 33 32 0 0 0 0 52 0 0 1 0 0 0 0 14 0 0 0 0 0 0 73 0 53 0 83 0 0 0 71 99 0 0 0 0 0 99 0 0 68 0 76 0 0 0 0 0 0 0 0 23 0 0 0 0 0 0 5 0 0 0 0 0 0 83 0 0 0 0 0 0 0 0 0 0 0 0 0 
0 0 0 0 0 28 0 0 0 0 0 0 74 0 84 0 60 0 56 0 0 0 49 0 0 0 0 0 0 74 0 0 0 0 0 0 0 0 0 0 0 21 5 46 0 0 0 0 0 0 0 0 0 0 0 89 0 0 0 0 0 0 0 0 0 9 0 0 0 96 0 44 0 0 0 68 0 0 63 15 0 0 77 0 0 0 21 0 0 9 0 0 0 0 58 28 0 0 0 0 
0 26 0 0 0 0 0 0 0 0 0 47 0 85 25 0 0 45 0 0 0 0 0 0 0 0 4 0 0 95 0 70 0 0 0 0 0 0 0 0 0 0 0 0 0 0 0 0 60 35 0 62 0 0 0 21 0 0 0 0 0 28 0 17 84 0 0 0 0 0 0 0 0 0 47 0 98 0 0 0 0 0 0 0 0 93 0 0 0 0 0 48 0 0 0 0 0 0 0 0 
0 24 0 0 0 0 0 0 33 0 0 0 27 0 0 0 0 0 0 0 56 0 0 50 0 68 0 0 0 24 0 0 0 90 56 0 0 96 17 2 0 0 47 0 0 0 0 0 48 0 0 0 0 0 26 61 97 71 0 0 0 0 0 8 52 0 0 14 0 0 0 0 0 0 0 0 98 0 29 0 0 17 0 0 81 0 80 0 0 21 0 0 0 0 0 52 0 14 0 0 
0 51 0 81 0 0 0 99 0 0 0 0 0 0 0 0 0 38 0 83 89 78 42 0 0 0 0 0 73 0 0 50 0 0 0 0 0 0 0 79 0 0 0 0 0 0 0 0 29 1 0 0 25 0 70 56 35 27 0 0 82 0 31 0 50 0 0 0 0 0 42 0 71 0 0 0 43 0 0 0 0 0 0 41 0 0 0 0 0 0 0 75 0 0 0 87 59 39 95 0 
0 0 0 0 21 3 0 0 0 0 0 28 0 0 0 0 0 0 0 0 0 87 0 5 25 0 0 0 0 49 0 0 0 40 11 0 0 0 0 84 17 0 0 76 7 0 0 0 0 99 0 0 0 0 0 0 0 0 0 0 0 15 0 0 30 0 0 0 0 0 0 12 0 0 47 0 0 0 0 0 4 87 0 0 0 0 0 0 0 0 0 41 0 0 0 0 93 96 29 85 
0 0 0 0 0 0 13 0 0 13 0 0 0 0 0 0 87 0 0 0 0 52 0 0 89 0 0 0 0 0 2 78 85 0 0 0 0 46 0 0 0 0 69 0 0 0 0 0 31 50 37 0 0 66 0 0 87 0 0 0 0 55 0 0 84 58 0 0 0 50 0 0 0 0 0 1 50 0 0 0 0 54 0 0 0 37 0 0 59 0 69 51 90 77 28 0 0 0 42 0 
50 0 0 49 5 0 0 0 0 0 0 0 35 0 0 27 0 0 0 0 0 0 55 0 94 68 0 0 0 0 0 0 0 0 0 98 2 39 0 8 53 0 0 0 27 66 0 0 0 0 0 3 0 0 0 0 0 0 52 0 0 0 0 17 0 0 0 0 0 0 0 96 0 43 0 73 0 0 0 0 0 0 0 0 0 0 0 0 48 42 0 0 0 0 0 0 96 0 0 0 
56 0 0 16 0 96 53 0 51 0 0 0 0 0 0 0 52 0 0 91 0 56 26 0 0 0 0 0 0 0 0 28 0 0 10 0 0 0 0 8 0 0 0 0 0 0 0 9 0 0 0 0 0 0 0 96 0 0 0 0 66 81 62 0 65 0 0 0 0 0 0 0 0 0 0 0 0 0 0 0 0 0 0 0 0 0 0 0 0 53 61 0 0 27 0 0 56 0 0 0 
68 0 0 55 0 33 0 0 0 61 0 0 43 42 26 0 85 0 0 0 0 63 0 90 87 0 12 0 0 0 0 0 0 0 0 0 0 0 0 0 89 0 0 0 0 0 0 0 0 0 0 0 0 88 51 0 85 0 75 0 68 0 0 0 0 99 20 0 0 0 0 0 0 75 0 47 0 0 0 0 85 0 0 57 0 49 68 21 5 0 93 27 0 0 8 0 0 65 0 0 
0 0 85 0 99 0 0 0 87 0 0 0 0 62 61 32 0 0 0 28 0 0 0 0 0 0 24 0 7 30 45 0 0 0 0 0 0 37 0 0 27 0 0 97 72 62 92 0 0 0 0 0 67 0 0 69 0 0 69 20 0 0 0 0 0 0 0 0 91 0 11 0 8 0 0 60 39 0 0 0 0 0 0 0 0 98 0 0 0 0 0 88 0 0 11 0 0 0 22 0 
96 0 0 0 0 0 0 0 0 0 50 0 0 0 0 0 0 0 51 0 0 23 0 0 0 0 0 0 53 0 3 48 0 35 0 0 33 0 0 0 0 0 68 0 0 0 0 30 36 0 0 12 0 0 0 52 0 0 0 0 0 0 1 0 0 0 0 0 80 0 0 0 0 7 90 0 0 0 0 0 0 0 47 0 0 60 13 0 0 0 0 0 0 0 0 0 63 49 0 0 
0 32 0 0 0 0 0 0 0 0 0 0 0 0 0 0 0 0 0 0 0 0 24 31 0 0 0 0 0 1 87 0 54 0 66 48 72 0 0 0 64 0 0 0 0 38 0 0 0 0 0 0 0 0 0 34 96 0 94 0 0 33 52 29 79 69 0 0 0 8 0 63 0 0 0 0 17 0 0 0 0 21 0 0 0 0 0 50 0 0 0 0 0 0 87 0 40 0 0 0 
0 56 0 0 96 0 0 0 0 0 59 0 0 99 0 0 0 0 0 68 0 0 0 0 0 0 0 0 54 0 0 0 0 27 0 56 0 0 88 0 50 0 0 0 0 94 33 0 0 0 0 89 39 68 0 0 0 0 27 0 0 0 0 0 85 0 0 74 0 75 0 0 0 0 0 0 0 83 0 0 0 0 0 0 65 0 90 0 0 0 10 0 0 41 0 0 0 0 0 84 
0 0 12 0 25 0 1 13 0 74 0 0 0 0 66 0 0 0 0 0 0 0 0 73 93 0 0 77 0 0 0 0 22 0 0 0 0 0 0 0 0 21 19 0 0 7 0 0 0 0 0 69 0 0 0 0 0 52 0 0 0 0 0 97 0 0 75 0 0 71 0 0 0 41 0 0 8 0 15 0 0 0 0 5 0 2 0 0 0 0 43 0 0 94 0 0 0 26 65 0 
0 93 0 0 0 0 0 97 0 0 0 0 10 54 0 58 0 0 0 0 2 28 0 71 0 0 81 0 0 23 0 0 85 9 60 0 0 0 37 0 0 0 38 0 86 0 0 82 0 0 20 0 0 0 0 0 0 0 11 0 0 0 0 12 0 0 0 0 55 0 0 0 0 0 0 0 0 0 0 12 0 1 58 81 0 0 0 0 0 30 0 0 0 0 77 0 0 48 95 0 
0 0 0 0 8 0 15 44 0 40 0 0 18 0 33 0 0 32 0 0 0 0 80 97 0 0 0 67 14 0 30 0 0 0 0 0 0 0 0 44 0 0 0 0 0 0 0 0 37 0 40 0 0 0 0 0 0 0 63 0 0 0 0 0 0 0 0 0 0 27 0 0 0 61 64 0 0 26 0 0 57 0 0 0 85 0 0 0 0 93 0 0 0 0 0 43 0 0 0 29 
0 20 18 8 0 55 0 29 0 0 0 0 0 69 0 0 0 16 0 0 28 0 0 0 0 72 0 0 0 0 0 65 78 0 0 0 0 0 0 0 0 0 0 24 0 3 0 67 0 0 74 0 0 64 0 0 0 0 12 0 0 0 0 0 0 0 27 0 0 0 52 0 0 0 0 0 73 0 0 0 0 0 73 23 0 0 0 0 92 83 0 92 96 0 0 0 0 53 35 0 
0 0 66 0 0 0 0 0 0 0 0 0 0 55 0 0 0 0 0 0 0 0 0 0 0 0 0 29 0 0 46 0 20 68 0 0 0 0 0 0 0 0 0 11 50 0 0 0 0 0 0 0 1 12 0 0 0 59 0 41 0 0 0 0 0 0 0 0 0 0 91 0 0 0 0 0 0 0 0 0 0 0 0 0 0 0 0 0 0 0 52 0 0 0 0 0 0 0 0 0 
0 0 0 0 23 0 0 0 0 0 0 0 0 0 47 0 0 0 0 0 0 0 0 0 0 79 8 0 0 0 0 1 55 0 0 0 15 0 10 0 6 0 0 0 0 0 0 0 0 0 28 0 0 0 85 0 0 0 0 99 0 0 37 0 0 0 0 0 0 73 81 0 0 35 0 69 0 0 0 0 0 0 0 0 0 0 0 0 28 0 0 57 0 0 0 0 0 16 75 0 
0 0 0 0 0 0 0 19 33 0 0 0 39 0 0 0 50 99 0 0 0 76 0 0 0 66 0 0 41 92 0 72 0 0 0 0 0 0 0 85 0 0 0 0 0 6 0 71 56 0 81 0 0 0 0 11 81 0 72 0 0 0 0 0 25 0 0 0 0 30 78 15 0 0 20 0 0 0 66 0 86 0 84 0 0 0 0 0 0 0 0 0 0 0 0 0 4 0 77 0 
21 0 0 0 23 0 0 0 0 0 0 0 0 22 0 39 0 0 0 0 0 37 3 0 43 0 70 0 42 0 61 0 91 13 0 54 0 0 0 0 16 0 0 0 0 0 0 0 39 93 50 0 0 0 52 0 10 0 0 32 75 0 0 91 0 0 0 68 0 0 0 0 0 0 55 0 22 0 79 50 0 0 58 78 0 0 0 0 0 68 0 93 0 81 0 0 0 0 39 0 
0 0 0 0 0 0 0 0 0 0 0 0 0 72 0 0 0 83 0 0 0 22 0 0 0 0 0 0 47 0 0 0 0 83 0 0 0 55 0 0 0 0 0 0 0 0 0 0 14 13 0 0 0 0 0 0 0 62 0 0 0 0 0 0 77 0 0 0 0 0 0 0 0 0 45 0 0 0 57 0 60 0 0 0 0 59 0 0 28 0 0 0 81 0 73 0 0 0 58 93 
0 97 50 89 0 0 0 0 0 0 0 71 93 0 0 79 56 30 40 0 38 0 0 0 0 0 0 37 0 87 0 44 0 0 0 8 10 0 0 0 0 0 0 0 0 0 0 50 0 0 0 0 0 0 0 0 0 30 0 0 18 0 0 0 0 0 0 0 0 89 0 1 0 0 0 0 0 0 0 0 0 0 0 0 0 0 0 0 34 63 0 66 49 0 0 0 0 0 0 0 
0 0 0 0 0 0 0 0 0 0 0 0 0 0 58 0 0 0 0 82 97 0 79 0 86 14 0 0 57 0 0 0 0 0 0 0 76 0 0 0 0 0 32 0 0 0 6 0 0 0 0 0 0 47 0 21 0 0 54 0 0 0 0 20 0 0 16 0 94 0 0 98 0 0 62 0 0 0 0 84 17 85 0 47 56 0 96 0 43 0 76 72 0 0 0 34 16 0 0 0 
99 0 12 0 0 0 0 95 0 0 21 0 0 0 21 0 0 82 0 78 0 0 60 84 0 0 74 0 0 0 0 29 68 0 0 0 0 0 0 0 0 0 0 6 0 0 0 0 24 53 0 0 51 0 0 0 0 0 42 0 32 0 0 39 0 0 12 0 0 0 85 0 0 65 0 0 0 0 0 0 0 0 0 62 0 0 93 0 53 45 0 43 0 0 0 0 0 0 86 83 
49 63 0 24 0 0 0 0 0 0 0 23 0 0 0 0 92 0 0 0 52 0 0 0 0 4 0 0 0 0 0 0 0 0 0 33 0 83 0 93 0 0 0 0 0 0 0 88 0 0 40 2 0 0 0 0 0 0 89 0 0 0 0 0 30 0 0 32 90 65 0 0 0 87 0 0 0 0 6 14 0 0 82 0 0 0 53 27 0 92 0 0 0 0 0 0 0 44 0 48 
0 0 0 0 0 0 0 0 0 0 0 1 0 76 0 0 0 0 0 61 83 79 0 0 11 0 0 0 0 0 0 0 0 0 0 0 0 0 0 0 0 0 0 0 0 0 0 0 57 98 0 0 0 0 90 0 13 0 0 15 0 0 95 0 0 0 40 0 0 0 45 0 0 0 44 0 0 0 0 0 0 0 8 0 0 0 0 0 0 0 0 0 0 0 0 0 0 0 0 0 
28 30 0 0 0 0 0 12 0 0 32 0 0 0 0 0 90 0 0 59 0 0 0 0 71 0 0 0 0 0 0 0 0 0 0 0 0 0 56 64 0 0 0 58 85 35 0 0 0 0 0 0 0 0 77 0 0 0 0 78 9 25 14 0 20 99 77 6 0 0 0 0 96 0 0 0 0 0 0 0 43 0 44 0 0 34 56 0 0 15 0 7 0 0 71 91 25 83 80 55 
0 0 0 63 0 19 0 3 0 0 0 0 59 0 0 0 56 0 0 0 7 0 0 0 0 0 0 0 0 0 41 0 0 0 0 0 0 0 0 0 0 80 47 0 0 3 0 55 72 73 0 0 0 2 0 0 74 92 0 93 0 0 0 0 12 0 0 0 37 0 0 0 0 0 0 0 0 0 0 0 0 0 0 87 0 0 0 0 0 0 0 0 0 0 2 0 0 0 29 0 
65 0 19 0 18 94 22 49 0 0 0 10 0 0 0 0 0 0 16 0 0 0 0 0 0 0 0 0 72 0 0 0 0 0 0 0 0 81 37 0 0 60 53 0 0 0 0 65 0 0 0 0 0 0 65 0 0 0 0 0 12 0 0 0 0 0 0 0 0 0 0 0 0 0 0 0 0 0 99 0 55 0 0 0 50 0 0 96 25 0 0 0 0 43 0 0 0 0 0 0 
0 0 0 87 0 0 4 0 15 76 0 0 7 0 0 0 0 0 0 0 0 76 60 0 0 65 98 0 16 0 35 0 0 0 36 0 83 0 0 0 0 61 0 0 0 2 67 0 0 0 22 63 0 0 0 0 0 0 35 0 0 0 0 0 0 0 0 0 15 0 64 0 0 0 60 0 0 0 0 0 67 0 0 0 0 0 0 0 0 0 0 0 0 0 49 0 0 0 0 0 
0 0 0 0 53 0 0 0 0 79 0 0 0 0 0 0 93 0 0 0 99 0 0 0 64 0 65 5 11 0 27 20 0 0 0 84 0 0 0 42 0 0 0 53 0 0 87 73 19 0 0 0 96 0 0 0 0 0 0 0 0 85 0 0 26 0 0 70 0 0 48 0 0 0 0 13 0 0 0 49 0 0 0 0 0 0 0 0 0 30 0 0 0 0 0 85 0 68 0 94 
0 0 84 0 0 0 0 0 0 0 0 95 0 20 0 0 76 0 63 55 0 22 0 0 25 0 0 0 0 61 0 0 0 0 0 0 0 7 0 0 0 0 0 0 0 0 0 0 42 0 77 0 0 0 0 82 48 0 36 0 8 0 0 0 0 0 0 0 0 0 0 0 0 81 0 0 85 0 0 0 0 19 0 0 32 34 32 28 0 0 0 73 58 0 0 0 0 0 90 0 
80 59 0 0 83 46 0 0 0 0 0 0 41 0 0 0 0 14 0 0 0 0 29 0 22 0 0 0 19 0 0 0 8 0 0 0 0 0 0 0 0 0 3 89 0 0 0 0 0 0 0 0 0 0 0 0 0 0 0 0 80 0 0 30 0 0 0 51 0 91 0 0 0 57 0 0 0 0 0 0 99 0 0 0 0 0 0 68 0 0 0 0 0 0 0 25 0 0 35 0 
0 0 0 0 0 0 0 0 0 0 88 71 0 0 37 0 0 5 0 0 0 0 0 0 0 0 0 0 0 34 0 0 0 69 32 0 0 0 0 30 0 0 18 50 0 0 96 44 0 9 18 0 0 0 75 60 7 0 0 0 0 68 0 3 40 0 0 72 0 0 0 0 0 0 0 24 0 0 0 0 0 0 0 0 0 0 0 38 0 0 0 0 0 10 0 0 0 0 0 0 
0 0 0 0 0 0 0 0 0 0 34 0 23 44 94 0 67 0 0 0 83 0 0 37 0 0 97 0 0 0 0 0 0 59 0 44 28 0 0 0 0 0 0 0 0 0 0 0 0 28 72 0 0 0 0 74 0 0 0 0 0 97 0 0 0 0 11 0 0 0 38 0 0 0 0 0 0 0 0 92 0 27 0 0 45 0 0 91 0 0 0 0 0 0 0 50 0 0 0 0 
0 0 0 75 0 0 0 0 0 0 0 89 44 18 96 52 0 86 0 0 99 0 0 0 41 94 0 9 0 0 0 28 0 92 0 0 0 0 46 0 74 96 0 12 0 0 0 0 0 0 0 0 56 13 0 0 0 96 0 0 0 0 0 0 0 0 67 0 0 0 79 20 47 0 0 0 0 0 0 26 0 0 0 0 4 0 73 0 0 0 75 0 90 6 0 94 47 0 0 0 
41 0 0 0 0 67 0 0 89 0 0 0 0 0 0 0 0 0 93 0 45 0 64 0 0 45 0 0 0 0 0 21 0 0 0 84 0 62 13 0 0 0 29 82 0 0 0 0 0 42 0 0 0 0 0 0 81 0 0 0 0 0 33 0 0 92 0 88 19 0 0 0 86 0 37 84 0 91 0 77 0 0 0 0 58 81 0 0 0 0 6 0 0 97 0 0 0 5 0 0 
0 20 0 0 0 0 0 0 0 0 0 0 0 0 0 0 0 11 0 0 61 91 0 0 0 0 0 0 0 0 87 0 0 0 0 83 0 0 0 0 0 0 0 81 0 0 47 0 0 0 3 0 10 0 0 0 0 0 0 0 0 41 0 0 0 0 0 19 90 0 49 6 0 0 0 0 0 13 0 0 0 0 0 22 0 0 0 0 0 0 54 0 42 0 0 68 88 0 0 21 
27 0 45 0 77 0 0 0 0 0 3 29 0 0 98 0 0 0 0 0 0 0 0 0 88 0 0 56 0 0 58 0 0 0 0 0 0 0 0 0 0 40 0 0 0 0 87 95 0 0 13 0 0 0 16 0 0 48 56 0 0 0 0 0 0 0 0 59 0 0 37 0 20 3 0 0 0 46 64 0 59 0 41 0 0 45 0 0 0 32 0 0 0 0 0 25 0 0 0 0 
0 0 0 0 0 68 0 0 0 0 0 0 0 0 21 0 39 0 0 0 0 21 96 0 0 0 0 0 0 0 0 81 0 0 0 3 0 0 0 0 0 0 0 0 0 92 0 0 0 61 0 0 0 0 0 0 58 0 54 0 0 0 0 0 97 0 0 14 0 0 0 57 0 0 0 0 0 0 0 64 0 0 0 0 45 0 0 0 0 53 0 0 0 0 0 92 57 0 0 0 
0 0 0 6 0 0 0 0 0 0 0 0 0 0 24 96 0 0 0 44 0 0 83 55 0 17 0 93 0 0 0 0 0 0 0 0 0 0 0 0 0 0 0 7 0 0 0 0 0 0 0 0 69 0 0 0 0 0 0 0 0 63 0 0 83 8 6 56 0 0 0 0 0 78 45 0 0 0 0 4 0 74 99 0 0 0 0 48 15 24 0 0 0 47 0 0 0 0 0 0 
0 28 0 0 0 0 0 0 0 0 0 0 0 0 0 0 0 0 48 0 0 0 0 0 0 0 49 1 67 67 0 0 0 0 0 0 6 0 0 89 67 33 0 0 0 0 0 0 54 74 0 0 0 0 0 0 0 0 91 0 0 32 95 0 0 87 0 0 0 0 16 99 0 0 0 0 0 65 0 0 0 0 26 0 0 0 79 0 52 0 0 0 0 0 0 0 0 0 0 0 
42 0 0 0 45 0 0 0 0 0 0 0 0 0 0 0 0 0 49 0 0 9 0 0 0 22 0 0 0 0 18 28 50 0 0 0 37 0 0 0 0 0 0 0 0 0 0 80 43 49 75 0 0 0 0 0 12 75 6 0 0 0 0 0 0 0 82 0 44 41 21 0 0 0 0 0 64 0 0 0 24 0 0 74 0 0 0 0 0 27 0 0 0 85 0 0 0 0 37 0 
0 0 0 11 0 0 0 85 0 0 0 0 0 0 0 0 0 0 0 0 0 0 0 27 25 0 0 0 0 0 0 0 0 78 0 92 0 0 0 0 55 66 0 0 0 0 0 0 0 0 0 0 0 78 0 0 0 0 0 37 0 0 0 0 0 74 52 0 0 43 0 0 35 91 62 0 0 0 0 0 0 0 0 0 0 0 0 0 0 0 0 0 0 0 0 0 87 0 84 0 
0 0 0 0 0 0 0 0 0 0 64 66 52 0 50 0 0 0 0 0 50 0 0 0 0 2 0 0 0 0 0 0 0 0 0 0 0 30 0 0 0 0 37 0 72 0 0 0 0 42 0 66 0 7 0 0 0 70 61 0 0 0 0 79 0 0 0 37 36 0 0 0 0 56 0 0 0 0 0 0 72 0 0 0 0 0 79 0 0 0 80 0 0 0 62 36 0 0 0 0 
0 0 87 28 0 0 0 0 0 0 0 0 20 0 34 0 0 0 0 0 0 0 75 0 0 0 0 0 0 0 0 0 30 0 0 0 20 0 0 0 0 0 0 0 0 0 0 0 0 0 0 82 0 0 0 30 0 49 0 0 0 10 0 0 0 70 60 19 0 0 16 0 0 0 0 0 35 0 0 0 0 59 0 0 13 0 0 0 0 0 0 14 0 0 0 0 0 0 0 0 
0 0 25 30 0 0 10 0 0 52 0 0 0 0 0 74 0 0 0 0 0 0 0 0 73 0 0 5 0 56 0 75 26 0 0 0 86 0 0 0 60 0 0 33 0 0 0 0 91 0 0 0 0 10 0 0 0 0 0 64 0 0 0 0 0 59 0 0 0 0 0 12 0 0 0 0 0 0 0 0 0 0 0 0 0 0 0 85 59 0 0 0 0 0 0 0 2 0 0 0 
0 0 0 75 0 0 70 0 0 0 6 9 38 0 0 0 0 0 40 0 5 0 6 0 44 0 0 83 0 0 0 0 0 0 0 0 0 0 0 53 0 0 0 0 32 0 0 0 0 0 2 0 0 0 49 0 0 0 0 0 0 0 0 0 0 1 0 0 32 0 17 0 95 62 0 0 0 0 0 0 0 0 0 0 0 98 91 0 0 0 0 0 0 63 0 0 0 0 0 0 
0 0 0 0 0 0 0 0 0 96 0 44 0 0 0 0 34 0 0 94 0 0 14 39 42 0 44 0 0 0 0 0 29 0 0 71 94 46 0 0 0 0 0 0 0 0 0 72 0 65 22 0 0 89 0 57 27 0 0 0 98 96 0 0 16 0 0 31 0 0 19 92 0 0 73 59 0 0 24 61 15 96 0 0 0 41 0 0 0 0 53 28 0 0 0 0 0 0 82 0 
0 71 70 9 0 0 0 0 0 0 0 0 0 0 0 0 0 0 0 0 0 0 10 0 0 68 0 0 38 0 11 0 86 0 0 0 0 6 93 0 0 0 0 0 0 0 0 0 0 0 0 0 0 0 0 47 52 0 0 0 53 0 0 67 59 0 40 0 15 0 60 97 0 0 88 0 0 24 0 0 55 0 69 0 0 49 0 91 0 0 0 0 57 88 68 0 30 0 0 0 
0 0 0 0 23 0 0 0 0 0 7 0 5 0 0 70 0 41 0 0 0 0 0 0 0 0 0 0 38 0 0 0 0 0 39 0 0 0 0 1 78 0 0 61 0 0 0 0 51 23 7 0 88 0 0 98 0 0 0 0 0 11 69 0 0 99 0 0 0 23 0 95 0 0 0 0 0 0 79 0 0 0 0 0 0 0 0 0 0 0 50 0 0 84 49 12 0 63 0 0 
0 0 3 0 0 0 0 0 24 0 0 0 0 0 0 16 84 29 40 0 84 59 0 0 0 0 0 0 0 26 0 0 0 0 74 0 0 0 0 0 86 0 65 0 0 0 83 2 0 0 17 0 0 0 0 0 0 0 0 93 16 0 46 91 0 0 0 0 0 0 0 92 0 0 0 0 58 0 0 0 0 0 75 0 0 0 0 67 0 51 30 0 21 0 0 0 0 23 84 15 
11 0 0 21 5 0 0 22 0 98 0 0 0 0 0 0 0 0 0 0 0 0 0 0 0 0 45 0 0 0 0 0 0 0 0 0 0 0 0 0 0 0 0 0 0 29 0 24 37 72 90 90 0 0 36 0 0 66 62 0 0 84 0 0 0 0 0 0 22 19 0 0 0 37 0 0 0 0 0 0 0 0 0 0 0 0 0 0 0 0 60 0 13 43 0 0 0 0 0 5 
0 0 0 0 0 0 0 0 11 0 0 0 0 0 0 0 0 0 0 62 0 0 0 18 0 0 36 0 33 65 0 0 0 0 0 0 0 65 0 0 0 0 0 0 0 81 0 0 0 0 0 77 0 53 0 0 0 0 0 0 0 0 0 0 0 0 51 0 21 0 0 0 0 46 0 10 0 0 0 0 0 10 0 0 0 0 0 0 0 0 17 0 95 0 0 43 0 0 0 0 
0 81 0 40 0 0 66 89 0 0 80 0 0 0 0 0 0 0 0 0 0 0 0 0 0 70 0 0 0 0 0 0 0 0 0 0 0 0 0 0 0 0 0 0 0 0 0 0 0 0 0 54 0 21 0 13 0 0 0 0 0 0 0 0 0 0 0 0 0 0 0 0 0 0 0 0 8 0 0 0 0 0 0 82 0 0 1 67 52 71 0 69 0 56 0 0 0 0 0 0 
0 0 0 0 0 52 55 87 0 75 0 0 0 99 12 86 0 0 83 0 0 0 0 0 83 0 0 0 0 0 0 0 95 17 0 19 79 0 0 0 0 0 0 0 0 0 0 0 0 69 0 25 88 0 38 0 0 18 0 0 0 0 0 0 0 0 0 0 0 0 0 0 0 0 33 0 0 78 0 0 78 0 0 0 0 0 39 0 0 0 0 0 3 0 0 0 0 0 0 95 
0 0 53 7 0 0 0 0 0 81 0 0 0 0 79 0 0 0 0 49 0 0 0 0 0 0 0 0 0 0 0 0 0 0 25 0 0 0 0 71 65 0 0 0 0 57 0 0 28 85 0 0 0 0 4 0 0 21 0 0 0 0 0 0 0 0 0 0 0 0 41 42 0 0 37 0 0 0 0 0 98 0 0 0 62 0 0 0 64 92 0 37 0 8 0 0 0 0 0 88 
0 0 0 0 0 0 12 0 0 0 0 73 19 0 0 0 0 0 60 0 0 0 88 8 47 0 0 0 0 0 0 0 0 9 0 0 0 0 0 0 68 0 0 0 0 0 0 0 0 0 0 0 0 0 0 0 0 0 0 0 81 0 0 0 94 38 0 0 38 0 0 90 0 0 0 0 0 54 0 0 0 0 55 0 0 43 0 0 98 0 0 0 0 0 0 0 37 0 0 0 
0 0 82 27 0 0 0 0 0 0 0 34 88 0 0 0 0 0 0 0 79 0 0 0 39 94 12 0 0 0 0 0 0 68 0 1 0 6 10 0 0 0 0 3 0 0 0 75 0 0 0 0 0 0 0 0 59 0 0 0 0 33 0 98 0 0 0 0 0 14 0 0 0 0 0 0 0 0 71 0 0 0 0 0 0 0 61 0 0 0 0 39 0 0 0 23 17 0 0 0 
0 0 0 0 0 0 0 0 19 0 0 0 88 50 0 0 0 0 0 3 0 73 0 0 0 0 0 0 0 43 98 0 0 0 0 0 0 0 24 75 20 5 0 47 0 0 70 0 0 17 0 0 95 0 67 0 0 0 47 32 0 63 0 0 0 83 0 0 0 0 0 0 0 88 0 0 0 0 0 0 0 24 39 55 0 0 0 0 0 0 0 0 0 0 18 0 0 77 0 96 
0 2 0 0 0 0 0 0 0 95 0 0 0 69 0 0 0 80 0 0 45 0 0 31 0 0 4 9 0 0 0 0 86 0 0 0 0 0 51 0 0 97 57 0 0 0 32 64 0 0 0 0 0 0 0 38 0 37 0 0 68 0 0 0 0 0 0 0 0 0 99 0 0 0 0 52 0 0 71 59 59 16 0 86 0 0 39 4 0 0 0 0 0 0 92 0 0 0 0 0 
0 50 80 0 0 0 0 0 0 0 0 0 0 27 0 96 0 0 0 0 0 0 0 0 87 34 0 0 61 0 0 0 58 0 0 72 97 35 60 0 0 0 35 48 0 0 42 0 64 0 0 0 0 0 0 24 0 57 0 0 0 0 88 0 0 0 0 0 37 0 0 0 0 99 0 0 0 0 0 0 0 54 0 0 0 59 0 0 0 0 0 0 68 0 3 0 0 0 0 0 
70 0 0 0 22 0 0 0 0 82 98 0 0 0 0 14 0 0 0 0 0 73 83 73 0 57 0 0 0 0 0 71 0 0 0 17 0 0 0 0 0 0 0 43 0 28 0 0 37 0 0 62 17 0 0 61 0 0 10 0 0 0 0 0 0 0 0 0 0 0 0 59 0 70 0 0 0 0 0 0 0 0 0 0 0 0 0 61 0 0 63 56 0 0 57 0 0 0 0 54 
33 0 0 41 0 0 0 0 0 0 61 78 0 0 0 0 0 0 0 95 33 0 0 0 0 0 0 38 0 0 0 0 91 0 0 0 0 0 89 0 0 0 0 0 0 73 0 0 0 0 0 13 0 0 92 24 0 0 3 0 68 0 0 0 0 56 0 0 0 54 0 0 48 55 0 0 0 79 0 0 0 0 0 0 0 0 58 27 0 0 4 0 25 61 0 76 0 0 1 16 
0 0 81 0 5 0 0 53 18 0 0 0 0 0 0 0 0 0 69 0 90 0 0 0 0 0 0 0 0 0 0 0 0 0 3 0 0 0 0 22 0 0 0 43 0 0 0 95 0 0 0 0 0 0 0 0 0 0 85 0 59 0 0 0 98 0 0 0 0 43 0 0 97 2 76 0 0 0 38 0 0 0 0 0 0 32 0 0 0 0 0 0 95 0 0 0 0 89 0 83 
0 0 36 0 0 0 0 0 0 0 0 9 0 0 0 0 0 13 0 0 5 0 0 0 0 0 0 0 0 0 0 32 39 0 62 0 0 0 9 0 0 0 0 0 0 13 0 0 0 0 56 24 0 58 0 0 0 2 0 0 0 0 0 98 0 88 66 0 0 0 17 0 0 54 82 0 0 0 19 65 0 69 0 0 22 23 67 26 0 0 0 93 0 39 0 0 0 73 0 0 
96 98 0 0 0 0 0 0 0 0 5 66 0 67 48 0 44 0 0 0 0 0 0 0 0 58 0 0 20 0 84 98 2 0 0 0 22 0 0 0 0 0 0 0 0 0 0 0 0 0 22 0 0 0 0 84 21 0 0 0 0 48 0 0 0 52 0 67 0 0 0 0 0 40 0 0 0 0 0 51 0 0 0 0 0 0 0 32 92 0 0 4 0 35 95 63 0 0 0 0 
0 0 15 0 0 55 0 0 88 0 38 0 0 55 0 0 0 0 3 0 0 0 0 61 0 0 0 83 0 0 78 0 44 0 0 0 36 94 68 0 0 0 75 0 0 0 0 74 98 0 0 0 0 0 0 0 0 28 0 0 0 0 50 0 9 18 0 0 22 0 60 0 0 16 0 0 0 0 78 0 39 0 98 0 23 23 0 0 0 0 0 0 0 0 92 0 0 0 0 0 
0 0 0 0 86 0 0 0 37 38 54 0 0 0 0 16 0 0 0 0 53 0 0 15 0 0 0 0 0 0 0 61 0 0 0 15 97 34 2 0 0 0 0 0 0 0 76 0 47 39 0 0 0 0 0 0 22 0 0 72 0 0 0 0 33 0 4 0 0 0 20 0 0 0 0 0 0 0 0 0 0 0 45 0 0 0 3 79 0 0 0 0 73 0 0 0 0 0 0 27 
53 95 0 0 0 0 48 43 0 0 24 0 60 0 0 77 0 49 0 0 0 0 0 36 0 0 71 0 0 0 0 0 0 0 89 0 0 0 0 0 37 56 0 0 0 0 4 0 0 0 0 0 0 66 35 0 0 0 0 0 0 0 0 0 0 0 0 0 0 0 0 0 0 0 0 0 0 0 39 0 0 0 91 0 0 0 0 0 0 18 0 0 0 70 0 22 0 0 0 0 
59 59 74 0 0 9 0 0 48 0 0 0 0 0 59 0 0 0 0 89 96 0 0 0 0 0 0 0 0 0 64 0 58 0 0 0 0 0 0 0 0 0 93 0 0 0 0 0 0 0 0 0 0 0 0 39 31 0 0 0 0 0 0 0 0 0 59 0 0 0 0 0 90 67 0 0 0 71 0 0 89 0 0 0 0 0 0 0 0 0 0 0 0 0 0 0 0 0 0 0 
0 0 0 0 0 0 0 0 0 0 0 0 0 0 70 24 0 0 10 0 0 0 17 0 77 51 0 76 44 11 0 47 0 0 0 67 94 0 0 93 0 0 0 0 0 0 50 0 0 0 0 0 0 21 0 83 0 0 24 0 0 1 0 0 0 0 0 0 0 41 25 51 0 0 0 0 45 0 0 62 0 0 0 90 0 0 0 0 0 0 0 12 0 0 0 0 8 61 0 0 
12 19 0 0 0 0 0 31 0 0 0 27 0 0 0 0 0 89 60 0 58 0 0 0 0 82 0 89 87 0 88 0 0 34 57 0 0 0 0 86 77 0 0 8 0 0 0 0 0 0 0 0 91 0 0 0 0 0 0 6 57 0 0 0 0 0 0 60 0 0 0 73 0 0 0 0 0 0 0 92 0 63 0 0 0 88 0 0 0 0 29 0 0 0 0 0 0 0 82 0 
0 0 27 0 0 0 0 0 70 0 0 0 0 0 0 0 88 0 0 29 46 0 33 0 96 0 0 59 0 0 0 4 24 72 0 0 0 0 42 60 0 0 0 78 46 0 0 0 2 0 0 0 0 0 0 0 0 0 0 0 79 0 0 0 0 0 72 0 0 74 51 0 31 21 0 0 0 0 0 0 0 0 0 0 0 0 0 0 43 0 0 0 6 0 0 0 0 0 0 0 
47 34 41 0 0 0 0 0 0 0 0 21 0 0 0 0 0 22 35 0 74 0 0 0 0 0 1 0 0 0 38 97 0 0 0 75 0 0 0 0 84 0 0 47 63 0 0 0 19 0 82 0 0 0 0 0 0 14 0 0 0 40 0 0 0 0 0 0 0 0 0 0 0 0 0 0 0 83 0 0 0 25 0 10 0 85 22 0 59 0 45 0 32 0 0 0 38 82 0 63 
18 54 0 0 0 0 17 0 0 0 0 0 0 0 0 0 75 0 0 0 0 0 0 0 47 0 0 0 0 0 55 78 64 0 0 0 0 0 0 0 0 0 0 0 0 78 50 0 82 0 0 0 0 0 0 38 43 0 0 0 0 73 0 59 0 0 83 0 34 0 0 0 0 0 0 0 0 0 42 0 0 0 0 0 0 0 0 0 25 0 0 0 0 0 0 25 90 64 0 0 
0 0 0 0 0 0 0 0 35 0 0 0 0 0 22 0 0 0 0 0 0 36 0 0 0 0 0 0 0 0 0 0 0 0 32 53 0 68 0 92 55 86 0 0 0 82 0 0 0 0 0 93 0 0 0 78 54 28 92 0 0 98 0 0 0 0 0 0 57 64 79 0 0 0 0 0 0 42 0 0 0 76 0 0 0 0 67 0 17 20 22 0 0 0 0 0 0 71 0 42 
0 0 0 0 0 0 79 0 0 0 0 94 0 0 0 0 0 0 0 0 0 84 4 0 0 0 0 47 0 0 0 0 0 0 85 0 0 0 0 0 0 0 8 0 0 0 0 0 0 0 0 16 0 0 0 0 0 0 0 0 0 0 0 0 0 0 0 49 0 0 0 0 0 0 0 0 0 0 0 0 0 0 0 0 0 0 0 72 0 65 0 0 77 0 0 0 0 0 0 0 
36 0 0 0 81 0 76 0 9 0 8 79 11 0 0 16 0 0 93 0 0 56 0 0 67 0 0 13 0 0 0 0 37 52 59 6 0 0 90 59 0 0 0 0 0 0 0 0 50 17 0 72 0 0 76 0 0 87 0 84 0 0 0 0 0 78 0 0 0 0 0 0 0 0 0 0 0 0 46 0 59 0 0 0 0 0 0 50 0 16 0 67 47 0 0 0 0 80 0 7 
20 0 9 46 0 0 0 0 0 70 0 0 37 0 0 0 0 0 0 0 0 0 86 0 0 0 0 0 46 9 0 0 30 68 0 0 0 27 13 0 36 0 0 0 0 0 0 0 0 0 0 0 0 0 0 0 40 69 0 0 50 0 0 0 0 0 0 0 0 0 54 68 73 0 0 0 0 0 0 0 0 0 7 0 0 0 0 16 0 3 84 0 0 88 0 0 0 0 39 0 
0 0 0 0 0 0 0 28 61 0 99 8 0 0 0 0 0 0 0 0 0 0 0 81 0 0 0 0 0 0 21 0 0 24 71 0 57 0 0 0 0 11 0 0 3 0 41 60 0 0 0 11 0 0 41 0 0 36 0 0 0 0 0 34 0 0 78 0 91 0 0 0 0 0 58 0 0 0 0 29 0 0 0 0 0 0 0 11 0 0 0 0 27 0 38 0 57 26 30 89 
0 0 0 48 0 63 0 0 0 0 0 0 0 0 0 53 0 26 82 94 0 19 0 0 0 74 0 73 0 0 0 0 0 0 0 0 0 37 0 0 0 11 0 0 0 0 93 0 0 4 99 0 0 0 0 13 0 0 48 31 0 0 64 0 55 0 0 0 0 0 79 0 0 11 0 0 0 0 0 0 0 0 0 0 0 0 0 0 0 0 0 0 0 0 0 0 0 0 0 0 
38 54 0 0 19 0 0 0 42 93 68 0 94 0 0 0 98 0 39 60 41 0 28 79 0 0 0 0 0 0 0 0 63 0 0 0 34 0 65 0 1 0 48 0 0 0 18 80 0 0 0 0 0 0 0 66 11 0 0 0 0 48 0 0 0 9 0 0 28 0 77 0 0 0 42 0 0 0 0 89 0 0 0 55 0 0 0 27 0 0 0 0 0 0 70 43 0 0 0 0 
0 0 0 0 1 0 1 84 74 0 78 0 92 0 0 0 0 0 7 0 47 0 0 0 0 0 0 88 0 0 0 38 0 0 8 0 0 0 0 0 0 0 2 0 0 0 0 94 96 0 0 25 0 0 0 0 0 0 0 0 0 96 0 0 0 0 0 0 7 0 0 0 0 2 0 0 0 72 0 97 0 0 0 0 0 67 0 0 88 0 92 0 25 0 81 0 0 0 0 52 
0 0 0 0 0 21 0 0 0 0 3 0 0 0 0 0 0 0 0 0 0 0 0 0 0 0 0 0 0 0 0 94 0 0 0 0 0 0 0 0 24 0 64 0 0 0 1 0 67 0 0 0 0 69 44 0 0 8 0 0 0 0 0 0 58 52 43 0 0 0 0 0 0 0 0 23 1 0 0 0 0 68 0 0 0 0 0 0 0 75 0 0 56 0 54 0 0 57 0 0 
0 0 0 0 0 0 57 0 0 0 0 55 0 0 0 54 10 0 0 0 0 63 0 0 6 0 12 0 0 0 0 74 0 52 0 77 0 0 13 83 74 0 0 0 0 0 0 39 0 0 85 17 35 0 0 0 0 0 0 0 0 0 89 40 0 0 0 32 49 0 36 0 58 0 0 0 0 70 0 61 0 0 0 0 0 40 0 64 0 0 0 0 0 0 0 0 93 0 0 0 
0 0 0 0 40 0 0 0 0 76 0 0 0 31 44 0 0 11 0 0 0 0 0 54 0 0 0 0 0 61 44 0 77 3 36 16 32 69 11 0 0 0 65 42 0 0 84 0 0 0 0 0 0 0 0 0 0 0 0 1 25 0 0 14 87 0 0 0 89 0 0 0 0 0 93 0 0 97 0 0 0 95 0 0 23 0 81 0 78 0 0 0 0 0 42 0 0 0 0 25 
0 0 0 0 0 0 0 0 0 72 0 0 0 0 0 18 0 46 0 0 0 0 0 0 29 0 0 0 0 0 0 42 61 78 98 0 0 0 0 61 0 0 0 57 32 73 0 0 93 0 0 0 0 0 0 0 8 72 0 0 0 43 0 0 62 50 0 0 0 0 0 79 0 0 22 0 0 0 0 47 0 0 0 23 0 0 4 61 0 0 83 0 0 38 31 8 15 0 71 0 
0 0 67 0 83 0 0 0 0 0 0 61 0 99 0 0 0 3 0 0 80 56 96 35 0 0 0 0 62 0 0 0 0 0 0 0 0 0 41 0 0 0 0 0 0 0 0 0 0 0 0 0 64 0 60 0 0 0 0 0 0 0 0 0 5 0 0 0 0 0 23 0 0 0 0 0 27 0 0 0 0 0 0 0 0 57 44 0 0 0 14 0 0 29 0 0 0 64 0 0 
0 0 0 0 0 0 78 0 0 0 0 63 0 0 0 0 0 0 22 0 91 0 0 0 0 21 45 0 0 0 0 0 0 0 0 0 0 0 0 0 0 0 0 40 0 0 0 7 0 0 85 0 0 0 0 58 0 58 0 62 0 81 0 0 36 0 0 0 0 0 0 0 0 0 49 62 72 0 42 0 0 44 0 0 0 0 0 11 0 66 54 0 0 0 0 85 0 79 0 0 
0 0 0 0 0 98 0 13 0 0 0 0 0 0 0 0 74 0 6 0 7 0 0 0 0 8 0 0 0 93 0 0 0 0 85 60 0 0 0 0 36 0 0 0 0 0 0 39 0 64 50 3 0 0 0 72 83 0 0 0 0 0 59 0 0 0 0 0 0 0 0 0 6 71 0 0 0 0 0 0 60 0 93 0 0 7 0 0 0 0 0 0 80 0 0 0 0 0 0 90 
0 0 0 0 83 0 0 0 95 64 0 0 57 0 0 59 0 0 0 0 0 19 0 0 0 80 0 0 0 18 0 0 73 0 0 0 0 0 0 0 0 0 0 0 0 0 39 0 0 0 0 0 0 0 0 0 0 0 7 0 0 74 0 0 47 0 0 0 0 0 0 0 0 0 69 0 0 0 0 0 59 66 0 0 0 0 0 0 0 0 85 0 79 0 0 0 0 3 28 0 
0 0 15 0 0 0 0 0 0 0 0 0 0 0 0 0 0 13 0 34 0 0 0 0 0 0 0 99 6 2 0 0 0 99 0 0 0 0 0 0 0 0 0 0 0 0 1 0 89 0 0 0 0 0 0 0 0 0 23 22 0 0 0 0 3 84 0 0 0 98 0 12 93 70 0 0 0 0 0 0 0 0 0 24 0 0 0 0 0 0 0 0 0 0 0 0 0 0 0 0 
54 41 0 90 0 0 0 0 58 0 0 0 0 0 0 0 0 0 0 0 0 0 0 0 45 13 0 24 0 29 0 75 97 0 0 88 0 0 0 0 0 0 0 0 35 0 0 0 0 0 37 0 68 0 0 0 0 0 0 0 0 0 21 0 92 84 0 1 0 0 83 0 0 0 91 0 0 0 0 0 0 0 0 0 0 0 0 38 0 0 41 94 0 0 0 0 0 0 90 55 
43 10 0 50 0 0 0 0 0 9 0 0 0 0 0 85 0 0 19 0 0 0 0 0 0 75 0 0 22 0 0 0 0 18 18 0 0 0 19 0 35 0 88 0 13 13 0 0 26 49 67 0 0 20 22 0 10 0 95 0 58 0 0 0 0 0 0 0 0 0 0 0 64 0 81 0 0 97 76 0 23 0 0 0 0 0 67 29 0 0 0 0 0 71 0 0 32 0 0 19 
0 0 0 0 31 0 54 0 79 0 0 0 0 0 0 0 0 0 0 0 0 12 0 0 0 21 0 0 0 82 0 0 0 7 0 0 11 0 0 0 0 0 87 0 0 0 0 25 0 0 0 0 0 0 78 0 0 0 15 0 0 0 33 0 0 15 0 0 0 87 90 0 0 0 78 0 21 40 0 0 0 0 0 0 0 20 0 0 0 57 0 60 0 92 0 0 0 0 0 0 
