100
0 0 0 0 0 91 98 0 0 56 0 58 58 24 74 99 26 26 0 0 76 55 0 0 0 80 0 0 59 86 0 0 56 0 81 24 16 44 0 43 35 48 62 65 0 93 62 88 0 0 88 0 97 69 0 0 0 70 72 85 0 0 0 0 46 0 0 0 0 0 0 77 45 0 0 0 45 65 76 13 8 0 31 43 47 73 0 0 0 0 0 0 0 15 35 22 87 5 0 0 
20 0 0 0 28 0 32 0 0 0 99 1 0 0 27 69 0 0 9 91 66 0 0 50 0 92 93 66 0 91 0 0 32 23 3 0 15 82 4 70 0 0 0 0 0 83 0 64 0 0 0 0 0 0 88 0 0 0 42 0 12 0 9 72 0 93 96 2 0 59 0 49 55 0 0 0 30 47 0 80 57 0 28 21 51 0 0 18 0 67 29 0 0 0 0 61 0 14 26 35 
27 31 0 35 89 50 0 35 48 0 36 19 0 8 88 0 86 7 61 22 65 61 0 59 0 0 45 0 0 0 78 22 43 91 0 29 0 57 5 0 0 0 53 98 96 0 53 81 69 12 0 71 70 39 26 0 0 0 0 65 0 5 0 0 9 47 0 82 53 29 0 48 76 30 76 80 82 0 32 0 87 21 75 84 36 11 0 69 2 79 0 0 20 0 0 0 0 0 23 0 
9 56 0 0 82 79 59 0 3 0 0 0 8 10 0 27 8 7 90 99 38 0 92 2 0 35 53 36 0 69 0 0 62 0 60 0 44 15 0 94 90 0 0 43 0 90 0 97 46 37 0 25 1 35 50 8 84 86 32 0 24 82 0 0 0 41 0 20 0 51 63 0 0 0 81 0 0 0 44 0 20 91 84 68 0 0 91 0 99 0 57 0 0 59 0 85 0 13 63 28 
31 0 0 0 0 0 8 0 69 0 0 56 0 77 0 6 89 0 42 0 0 0 0 35 0 0 36 59 0 54 0 72 0 0 0 0 0 3 49 0 78 92 0 10 45 0 91 0 75 0 14 0 90 25 0 0 79 74 0 0 56 33 0 0 69 0 34 0 0 0 12 5 32 0 0 0 45 0 0 83 0 0 93 0 0 5 0 30 0 32 0 64 0 6 0 53 0 74 0 87 
0 98 0 0 20 0 0 0 53 44 5 21 0 82 0 0 60 40 57 0 5 78 0 0 73 0 0 0 0 70 0 0 16 0 0 32 17 0 0 0 0 0 27 42 5 88 77 52 17 0 97 0 0 0 0 6 36 0 85 0 34 70 0 0 0 0 0 0 0 87 0 0 0 99 2 13 53 55 99 0 74 40 70 70 69 11 0 0 56 33 94 68 73 85 33 34 0 0 64 69 
0 0 44 0 0 54 0 96 0 0 0 0 0 0 97 5 3 42 0 69 0 62 0 0 0 36 21 44 64 17 0 49 31 0 93 57 9 0 88 0 83 40 0 16 0 0 79 55 96 0 61 0 56 0 71 24 13 0 56 70 6 33 62 0 10 99 59 0 18 44 88 0 0 0 25 0 54 0 0 15 15 32 0 11 0 45 0 55 17 57 10 92 49 0 19 3 22 84 0 23 
63 2 0 31 77 78 0 0 55 59 0 0 0 0 10 56 0 13 0 6 67 19 0 0 0 61 66 55 91 0 0 37 0 0 0 0 63 77 0 0 0 76 0 58 76 0 0 82 44 11 0 13 0 83 0 31 0 65 89 67 2 0 0 0 79 21 75 28 0 0 70 0 32 0 0 0 57 0 0 25 0 70 77 0 73 21 0 59 0 0 0 0 49 70 77 0 0 0 0 67 
3 26 0 0 0 0 40 0 0 0 0 0 11 68 22 0 76 0 0 62 0 17 0 0 31 0 64 67 0 0 87 0 8 77 0 86 93 55 13 63 12 80 0 12 0 6 89 0 66 40 91 0 0 0 0 0 0 0 0 0 37 81 0 4 41 94 0 87 44 74 51 82 81 23 0 0 30 0 0 96 0 25 31 76 0 0 23 53 71 4 0 0 45 70 49 84 0 83 0 0 
0 89 11 4 20 0 22 0 50 0 0 0 0 0 44 0 0 74 0 0 41 82 0 7 32 49 0 0 39 0 54 33 28 0 0 92 0 44 73 11 38 58 0 27 59 0 0 0 79 54 0 0 0 54 0 0 0 0 0 0 53 0 47 80 0 88 49 0 89 54 90 94 99 82 93 0 0 18 71 27 0 0 15 97 16 21 7 3 0 4 50 0 15 0 31 0 43 0 40 6 
23 0 0 90 18 0 90 46 98 63 0 82 28 0 58 0 78 94 96 59 0 0 0 0 0 52 27 0 90 0 0 0 46 55 0 0 89 0 54 55 0 79 49 0 76 0 36 0 23 0 0 17 0 29 0 59 74 67 96 13 74 0 36 76 82 0 0 0 90 43 60 0 28 47 67 0 62 0 0 93 86 0 0 82 0 0 0 85 70 0 84 34 0 35 0 97 0 99 61 38 
0 0 0 78 0 0 7 11 69 86 0 0 80 68 0 14 75 56 84 0 0 11 0 0 0 21 0 94 15 10 74 45 56 45 2 0 26 0 61 0 22 0 96 6 80 0 82 79 0 0 86 0 0 76 0 17 98 9 99 0 0 30 0 46 0 0 6 0 53 0 0 13 0 0 0 0 21 0 85 0 0 27 0 35 0 0 0 15 5 0 0 0 82 14 16 60 97 0 0 0 
0 52 1 0 56 34 83 61 0 76 0 0 0 81 0 0 95 0 5 0 37 80 0 83 0 95 24 0 0 89 74 0 3 26 19 0 0 91 0 0 16 77 87 0 93 0 0 0 83 0 0 0 56 0 56 90 20 0 85 63 33 0 0 30 19 21 49 7 0 48 32 0 59 31 0 0 0 0 0 67 0 0 22 0 36 0 87 0 0 99 46 0 0 67 65 29 0 16 0 0 
0 18 0 0 0 0 26 92 0 93 33 0 0 0 0 66 0 0 0 0 0 69 82 0 33 12 78 0 19 85 54 67 78 51 45 0 16 0 28 0 0 0 0 0 0 0 0 73 36 75 12 25 0 0 0 0 0 65 0 0 89 0 37 25 0 0 0 63 14 73 55 0 0 0 86 98 0 0 29 0 0 0 55 89 0 22 0 78 95 31 98 95 0 0 0 37 39 70 0 42 
0 0 0 5 48 14 0 0 0 0 0 1 43 78 0 0 0 80 0 0 0 0 0 0 0 0 15 95 0 81 0 0 98 15 0 0 80 66 8 0 22 0 74 0 52 90 0 20 0 59 0 0 0 0 43 0 0 16 10 71 71 65 0 26 0 0 0 0 0 0 59 0 0 33 8 69 0 0 0 58 0 0 14 12 54 68 0 0 64 0 0 51 18 40 84 77 91 24 0 90 
0 0 24 0 0 49 0 0 88 40 54 0 76 0 14 0 76 38 0 0 0 0 80 0 90 80 31 0 0 8 0 31 0 32 96 0 44 0 0 17 0 0 0 3 53 85 0 91 27 0 57 26 17 23 96 0 92 0 0 86 0 10 56 71 81 0 79 87 0 35 61 0 0 0 0 27 81 0 8 79 90 37 0 54 53 39 12 77 0 70 62 53 0 94 0 0 13 53 5 10 
0 49 0 0 0 0 0 65 0 9 0 0 0 83 17 0 0 22 0 0 0 0 0 0 27 0 0 0 0 0 77 82 0 0 59 60 10 62 0 0 28 0 0 88 0 0 24 25 0 8 67 29 0 0 0 0 10 3 0 69 29 0 0 0 79 74 94 0 35 0 0 12 96 0 56 0 0 55 87 0 4 69 55 32 0 0 0 90 69 23 7 94 0 0 21 24 0 78 94 0 
0 35 0 0 21 0 0 0 22 0 0 0 32 38 0 0 0 0 31 0 49 43 0 0 34 0 0 0 51 0 39 9 90 3 0 11 0 0 0 0 51 65 87 21 0 0 0 14 42 24 2 85 46 17 0 0 0 15 0 0 95 0 61 0 97 0 33 47 60 0 26 29 0 0 90 56 89 0 0 0 0 0 74 0 76 0 0 0 0 0 29 0 0 0 14 1 55 73 0 0 
48 0 0 0 0 0 17 61 12 66 0 0 0 77 76 5 87 0 0 0 9 95 0 62 0 0 0 0 17 0 48 0 0 0 44 34 0 65 51 73 0 45 0 0 37 67 0 52 56 77 0 0 0 0 0 49 33 0 0 0 64 3 13 0 0 0 0 0 0 81 0 96 40 1 0 0 74 7 15 0 48 67 32 95 24 0 53 46 52 47 80 70 11 0 0 64 0 0 0 69 
65 0 0 0 61 37 0 0 0 23 0 69 12 49 15 89 81 54 10 0 0 61 0 0 0 0 0 0 0 68 99 0 77 88 6 0 30 0 0 28 98 0 32 61 49 10 0 0 87 51 67 0 1 47 89 97 0 0 0 11 0 0 37 92 0 0 0 22 0 30 31 69 11 0 0 25 0 0 25 0 0 0 0 0 52 0 0 14 78 0 45 8 0 64 0 56 0 0 60 10 
0 0 0 0 50 0 55 0 83 0 94 42 0 67 48 35 14 0 0 52 0 0 5 0 83 0 4 0 0 0 0 0 0 58 0 0 0 0 76 0 81 49 69 0 0 95 0 97 0 0 89 16 69 0 29 25 84 29 37 0 92 0 62 0 0 0 0 99 0 88 0 41 0 0 0 0 82 62 0 54 0 0 52 24 77 0 50 30 0 0 0 0 77 0 0 0 2 0 0 88 
0 7 0 94 61 0 0 0 0 0 50 0 0 0 32 21 25 0 0 0 61 0 0 26 0 0 64 83 73 0 0 11 8 0 18 0 0 68 0 5 82 0 43 0 0 0 0 0 80 9 27 29 0 2 0 1 0 24 51 0 81 99 76 67 85 35 22 73 27 0 0 27 0 82 0 94 49 0 0 10 0 0 0 10 47 21 0 0 43 46 9 54 36 0 0 8 71 30 0 31 
70 45 59 0 44 88 34 38 3 46 47 30 65 0 9 0 69 19 57 6 0 74 0 72 0 0 0 0 0 0 0 0 95 0 54 0 0 0 0 0 1 0 46 64 12 24 0 0 96 71 0 0 57 53 88 0 63 2 0 59 72 51 0 0 64 0 0 0 0 0 76 11 44 0 0 15 0 0 0 0 2 19 0 63 0 0 0 30 0 43 0 37 0 0 0 23 64 71 0 69 
49 0 0 0 0 53 36 13 19 0 28 8 0 2 10 72 87 74 0 23 17 0 0 0 57 0 5 6 46 0 0 0 0 36 82 38 39 0 0 40 48 0 58 85 39 97 86 0 0 0 0 84 93 14 0 33 0 0 0 24 0 0 0 66 0 14 0 51 0 0 0 86 61 15 0 71 0 0 0 59 34 0 0 0 77 0 19 0 0 0 0 3 75 37 0 67 0 0 0 0 
94 55 56 31 55 0 5 77 0 0 48 58 72 0 26 0 0 0 85 8 0 96 7 0 0 0 0 85 0 67 33 11 90 20 34 94 60 55 70 68 0 0 0 65 6 33 22 0 0 0 0 96 41 0 0 5 0 0 66 23 0 0 89 72 0 31 79 0 0 77 85 28 0 4 0 31 0 0 11 35 51 77 2 77 0 0 90 1 0 32 24 23 0 0 0 0 86 8 97 0 
0 0 22 0 94 13 0 0 80 0 0 0 0 0 57 0 52 43 57 69 51 46 29 51 97 0 19 0 0 38 79 46 35 0 69 75 0 9 64 0 44 0 95 0 0 0 0 0 69 55 0 0 0 0 82 0 1 37 68 43 37 21 0 0 0 77 16 0 0 51 0 99 0 69 98 80 0 0 85 0 0 97 0 0 0 0 0 0 0 0 0 0 0 0 6 0 41 0 25 0 
2 0 0 0 0 51 0 0 0 23 0 37 0 0 0 0 32 75 58 48 0 0 91 0 8 0 0 0 88 56 51 36 0 0 0 0 87 99 0 21 93 0 35 0 0 0 3 47 75 0 0 47 93 0 0 0 0 39 0 74 0 73 0 71 0 14 46 41 65 75 0 37 0 98 0 0 0 16 0 6 0 54 58 17 0 0 42 0 71 0 21 0 96 0 0 0 87 0 0 62 
33 0 65 0 0 87 0 0 0 34 42 0 11 52 0 67 13 87 53 37 30 0 11 0 0 87 37 0 47 0 67 0 0 0 0 5 68 0 24 0 0 0 60 74 64 92 59 97 62 0 0 0 0 0 0 34 80 68 35 74 0 39 0 91 28 96 0 0 0 44 0 0 71 95 57 34 28 35 83 1 0 23 26 0 0 85 0 0 67 81 0 0 0 60 20 19 82 0 92 33 
0 85 5 8 2 8 0 0 97 0 0 0 10 0 79 98 34 0 0 69 81 0 86 0 74 57 0 0 0 0 51 0 41 0 21 68 64 0 6 0 56 0 0 26 0 0 6 13 0 30 74 33 46 0 0 0 71 0 0 70 68 70 0 68 0 0 0 40 87 0 15 0 0 0 0 0 7 97 0 0 0 81 0 0 45 0 0 0 84 0 5 27 0 0 33 0 0 25 0 0 
0 0 22 0 0 0 0 92 86 37 48 0 0 0 0 0 64 54 81 0 84 1 85 17 0 0 0 62 80 0 6 5 0 60 12 25 0 0 0 0 75 83 95 14 17 0 58 0 0 71 69 0 87 0 13 0 88 94 0 62 0 64 0 43 0 0 42 0 11 77 0 8 0 10 58 0 0 0 0 61 62 80 79 0 82 71 0 10 0 20 25 0 0 55 0 0 1 65 0 62 
21 73 0 76 54 91 21 22 0 0 44 0 0 0 59 27 0 0 0 0 12 77 78 41 0 0 0 0 0 0 0 3 84 0 92 0 0 76 3 0 77 0 0 96 0 0 0 44 1 35 0 0 0 47 0 0 73 18 0 66 90 0 68 93 0 43 51 0 53 56 0 24 0 47 60 0 78 0 70 87 0 25 40 0 7 65 39 8 23 5 20 70 5 0 0 44 40 0 0 0 
2 43 0 8 0 52 0 0 94 0 58 0 55 0 59 0 0 0 51 70 61 0 52 22 0 0 0 83 63 0 0 0 30 0 0 0 0 0 0 37 55 0 0 32 20 0 57 86 0 0 0 0 0 62 18 0 0 95 0 0 50 12 0 32 0 0 0 16 49 76 92 87 21 47 76 5 0 54 0 0 5 0 0 75 0 38 0 0 0 0 0 97 16 0 0 63 82 0 0 36 
0 0 0 0 56 0 0 63 0 0 0 0 0 0 0 49 79 0 73 0 49 0 0 46 0 0 73 44 0 69 0 0 0 0 0 0 52 68 0 72 0 1 0 0 0 0 0 0 0 0 0 0 2 74 0 81 25 68 0 0 11 84 0 38 47 35 0 87 0 0 10 0 94 9 0 0 0 42 44 0 35 0 30 0 0 89 65 2 99 0 65 85 25 1 7 43 5 0 0 0 
68 0 0 90 94 87 37 17 0 81 0 0 0 0 0 0 65 0 21 0 0 42 36 0 0 46 50 18 1 0 77 14 77 0 70 19 87 34 0 0 82 0 43 0 36 75 0 0 0 0 44 8 0 31 0 16 0 41 15 0 0 0 0 74 2 4 99 0 57 47 3 29 88 0 0 0 71 0 0 49 0 15 0 84 0 0 0 26 0 67 0 77 19 88 0 99 91 0 0 49 
0 0 72 0 45 98 0 78 58 46 64 0 0 0 30 0 0 63 0 0 28 0 0 0 0 0 3 2 0 0 0 28 17 0 0 25 78 0 56 0 37 32 83 98 87 35 0 0 0 62 62 0 82 0 0 73 4 42 60 0 0 46 43 0 0 0 0 30 0 0 51 0 6 0 28 77 81 0 80 12 80 66 82 75 33 0 0 0 72 18 0 8 0 0 82 0 39 0 42 34 
0 96 0 65 81 0 0 61 0 0 20 70 35 86 39 90 0 0 0 26 36 86 79 0 0 0 29 0 0 0 86 13 20 0 0 0 0 0 0 18 66 0 13 0 0 0 0 86 0 0 84 51 0 0 0 0 0 82 0 37 62 10 0 73 40 18 0 0 0 70 0 0 0 0 0 0 0 0 37 88 18 0 74 0 0 0 21 5 42 0 0 67 0 0 0 74 1 80 66 2 
0 0 38 0 67 0 0 0 0 66 0 0 56 0 0 0 0 51 58 0 32 84 9 0 0 93 0 0 0 17 15 46 0 0 0 17 0 0 0 28 33 68 31 76 0 7 12 3 0 0 55 59 53 0 0 24 0 0 46 79 12 0 0 0 0 4 0 56 83 0 77 0 0 93 0 50 0 15 0 48 2 30 72 83 44 0 84 0 31 0 0 82 84 0 60 0 57 0 0 0 
0 0 0 0 0 76 28 0 0 0 18 22 0 48 0 28 0 54 0 45 59 0 56 26 0 0 0 54 69 15 0 16 0 0 62 2 23 0 0 0 0 0 10 0 14 61 10 0 0 0 58 0 0 0 31 0 0 32 81 26 0 44 41 0 0 0 40 33 0 0 0 66 45 54 0 63 0 12 97 0 77 0 9 29 0 0 74 67 71 0 0 0 61 0 0 96 73 50 85 0 
41 0 0 69 0 18 0 26 0 0 0 0 73 0 0 72 36 91 0 61 0 22 42 11 0 0 92 0 0 50 0 75 21 73 0 92 10 60 0 1 57 2 65 0 0 0 0 0 77 42 0 77 74 0 64 14 20 8 87 84 9 0 84 57 0 14 52 90 0 0 0 29 42 41 0 0 0 90 0 0 0 0 55 0 14 0 0 18 16 0 80 0 0 98 97 11 0 0 0 0 
0 0 64 0 92 79 45 84 0 0 0 44 44 63 3 0 41 71 0 0 18 0 82 0 0 81 0 65 30 70 60 0 0 97 26 0 0 70 0 0 32 7 37 0 45 0 0 58 4 37 12 92 0 0 0 25 0 0 49 34 24 27 0 90 0 0 22 0 44 0 0 23 0 0 62 0 0 1 0 0 10 40 0 0 0 31 27 0 65 0 0 0 0 0 0 0 0 11 46 0 
0 36 57 0 0 23 0 36 0 0 32 0 0 69 0 23 0 0 92 0 0 0 0 0 50 0 0 83 0 0 0 0 74 0 0 0 0 36 0 0 0 0 87 70 78 76 71 0 91 0 25 5 0 52 0 0 72 0 52 91 62 0 95 0 82 0 20 0 44 0 37 0 97 0 0 0 0 96 77 0 0 0 0 84 0 0 64 0 0 4 0 85 86 78 36 0 18 23 92 0 
0 2 84 54 0 44 0 0 0 0 0 72 0 32 58 80 17 0 0 78 0 84 79 49 72 14 28 80 37 0 3 20 0 66 0 51 0 77 0 0 20 0 0 53 2 87 60 0 5 0 0 0 0 84 0 73 6 31 5 50 0 0 0 0 15 0 0 0 0 87 0 0 0 0 33 72 22 96 79 43 0 0 0 95 26 0 25 0 0 19 36 73 41 0 93 0 2 0 47 0 
0 99 0 4 41 0 97 43 46 41 0 0 0 99 0 32 92 0 19 0 0 0 0 0 80 0 0 0 37 0 64 84 75 0 0 0 0 0 0 0 0 75 0 0 0 0 52 0 0 1 89 0 0 0 0 26 40 10 0 0 51 98 20 20 0 0 59 0 0 92 0 49 0 0 41 7 0 61 0 0 0 97 67 0 0 8 58 0 67 64 0 0 34 23 30 0 0 0 47 0 
0 97 0 0 0 0 0 0 0 0 86 0 45 79 86 0 0 0 87 0 42 39 0 0 0 13 54 0 0 0 0 0 55 85 0 64 0 84 18 51 0 0 86 0 0 71 0 18 0 72 12 0 51 0 0 65 25 0 31 0 0 35 57 46 0 0 46 91 0 0 0 0 0 0 0 17 10 0 57 0 89 57 97 96 2 0 0 63 0 0 24 0 0 64 0 14 51 0 0 0 
95 52 0 29 0 0 83 0 54 0 0 0 0 83 0 0 28 67 0 0 69 61 0 0 0 19 53 0 23 0 13 0 28 0 0 74 69 0 7 0 0 0 89 8 0 37 0 94 0 68 74 31 51 0 24 32 0 6 0 23 0 0 0 47 0 35 0 59 0 0 23 0 0 58 9 0 22 62 0 0 31 0 0 0 13 0 95 26 0 0 36 98 0 54 56 43 0 78 91 45 
0 0 10 0 12 0 77 49 0 83 88 56 97 70 0 0 70 35 0 0 0 98 0 0 0 64 14 0 9 90 42 67 95 0 0 29 0 0 63 69 0 0 37 0 0 0 69 0 0 56 0 99 0 0 90 0 0 1 0 30 0 76 0 0 0 0 0 98 23 0 39 0 79 0 0 34 38 17 0 0 15 29 0 0 33 5 0 72 88 91 0 0 53 33 0 0 0 39 0 57 
0 86 0 5 0 0 0 40 0 6 0 0 6 6 91 44 0 82 5 43 16 6 78 0 0 50 0 0 0 0 94 0 53 74 83 93 0 0 42 36 0 0 0 39 18 0 0 19 0 0 0 0 0 0 28 53 0 85 68 87 0 0 77 82 90 0 85 0 0 75 0 93 0 39 0 0 0 88 25 0 0 66 21 25 86 15 84 85 0 0 76 49 0 0 99 8 0 28 10 94 
0 0 0 0 7 0 0 0 62 48 8 0 90 0 0 0 0 0 0 30 0 20 93 75 24 79 0 0 0 24 0 0 53 80 96 0 0 71 42 0 48 30 34 0 0 58 0 0 51 99 0 38 0 36 0 28 63 0 0 0 0 0 11 0 59 4 0 0 0 18 58 55 66 30 0 28 0 0 0 0 0 39 0 96 0 94 99 58 0 60 23 0 73 79 50 0 0 0 91 0 
34 43 0 0 0 0 0 0 0 0 0 49 0 0 92 0 95 0 0 0 34 0 0 49 47 0 0 0 98 60 0 29 86 14 59 4 52 77 0 0 0 0 60 73 1 82 14 0 0 0 0 55 0 0 87 0 60 0 0 0 0 78 14 0 38 0 63 61 0 0 0 0 0 0 0 0 4 0 0 3 16 0 59 72 87 73 67 0 0 0 58 8 0 0 21 0 85 59 0 0 
69 87 0 0 23 35 70 0 0 0 71 15 80 0 0 57 0 0 0 0 91 0 0 70 15 0 52 67 0 0 0 31 95 68 0 83 81 70 0 0 99 72 0 0 0 0 83 0 54 0 33 0 2 0 30 0 80 0 90 29 0 7 0 82 50 5 0 10 81 50 10 0 0 66 0 39 14 17 0 0 0 96 0 0 0 0 75 47 15 0 92 0 0 89 0 0 78 30 11 69 
0 58 88 96 0 0 0 43 0 6 69 0 75 0 4 0 0 0 69 0 0 0 24 48 96 26 53 35 0 0 10 28 3 0 0 0 0 0 3 0 0 90 0 0 0 52 55 42 47 0 0 27 50 55 76 23 0 26 0 0 0 56 0 55 0 21 0 75 0 0 44 0 0 1 91 0 0 68 27 33 0 64 97 0 25 0 20 75 32 43 99 7 51 26 0 0 0 81 0 0 
84 15 0 0 88 82 99 0 63 78 0 92 11 0 25 0 0 0 51 15 0 0 12 0 0 69 0 6 0 88 62 97 74 0 39 0 0 87 0 0 0 51 25 55 0 0 69 0 0 78 0 0 30 0 49 56 0 0 0 5 0 23 0 64 0 22 62 0 0 40 0 0 41 0 0 0 0 0 61 0 0 0 0 9 63 0 50 0 0 0 0 0 49 51 0 0 70 76 0 0 
0 4 0 0 0 7 0 75 15 35 81 45 0 15 93 0 78 0 54 0 0 61 0 0 0 16 0 32 0 0 75 64 0 41 0 5 0 6 0 23 18 29 44 0 0 13 68 24 49 0 0 0 0 91 0 0 0 16 99 38 0 58 96 0 0 96 0 0 0 0 67 0 90 99 11 22 0 0 91 0 59 62 37 0 0 0 2 62 49 70 93 10 88 3 0 0 0 0 62 21 
0 8 0 0 0 42 18 0 32 0 0 0 52 80 9 0 39 0 78 0 20 0 0 0 31 5 70 2 79 80 0 0 0 0 14 18 94 91 33 4 0 0 76 18 29 4 5 0 72 57 0 14 0 0 51 74 76 0 54 0 0 0 0 0 8 0 3 71 69 47 45 0 40 66 21 0 69 45 0 0 0 0 88 0 6 0 0 0 0 0 0 68 0 0 0 84 0 0 0 55 
15 0 0 0 44 95 0 74 53 61 92 93 0 17 0 0 34 6 49 0 0 11 0 18 18 0 4 23 88 0 94 0 54 35 61 12 26 0 0 36 86 97 26 2 0 0 0 78 0 0 0 0 33 0 0 0 0 20 0 0 16 65 28 0 54 86 87 85 95 61 0 0 0 28 78 0 0 0 11 94 0 10 76 20 0 0 5 0 0 95 24 0 23 97 0 0 0 0 0 63 
75 97 61 0 8 0 0 0 20 81 0 0 0 20 19 71 60 4 0 0 0 0 89 0 0 45 46 0 15 91 66 26 0 0 0 69 0 94 0 0 42 0 0 0 0 93 0 0 2 9 0 0 24 0 45 0 0 97 0 0 0 0 25 0 85 48 0 0 0 69 0 0 0 93 20 10 39 58 0 0 0 35 0 0 0 38 0 72 0 42 31 67 63 0 80 0 0 82 0 0 
62 84 29 0 0 0 0 78 56 53 0 0 0 20 10 0 0 70 0 50 0 99 0 27 76 0 21 0 0 0 0 96 0 35 0 65 69 63 0 43 0 0 0 0 80 57 86 0 0 0 6 85 84 0 53 67 0 43 0 0 75 1 47 25 0 4 0 39 38 6 0 87 94 0 22 34 0 0 0 0 0 0 0 50 19 24 0 64 86 73 0 0 0 0 0 6 0 0 88 0 
0 26 44 0 0 33 49 0 15 45 0 0 98 0 0 95 0 0 93 75 0 0 0 65 3 0 0 0 10 0 0 0 0 0 0 0 95 0 0 89 10 0 0 52 0 0 0 71 65 80 0 26 0 3 0 0 0 0 66 70 0 0 0 79 0 0 0 28 63 0 0 15 59 0 0 40 0 97 5 0 27 51 62 68 0 0 0 44 97 0 71 10 0 70 45 8 0 74 3 25 
0 0 92 0 46 0 0 0 56 6 0 0 0 99 0 17 92 25 89 78 0 0 55 94 0 0 59 0 44 35 4 46 47 0 0 51 0 0 0 0 0 0 75 0 19 50 0 77 30 0 59 73 0 0 5 75 28 0 0 0 0 0 0 0 0 89 0 0 0 0 88 2 0 0 0 25 9 0 96 0 63 0 17 0 54 0 0 57 0 69 2 0 77 0 0 0 0 0 0 0 
0 89 0 3 70 52 0 0 13 50 0 66 0 21 0 0 0 64 22 0 88 11 0 0 0 0 0 0 0 0 0 8 51 4 16 0 0 0 0 0 0 0 40 87 0 0 0 58 68 0 22 0 0 94 81 61 60 0 40 0 0 57 0 0 41 95 0 0 26 0 0 0 0 9 0 82 0 0 5 48 98 24 0 88 77 91 63 0 41 0 82 13 43 0 92 0 0 64 0 51 
17 0 62 0 0 0 0 0 0 0 0 59 0 0 0 43 0 0 0 73 0 0 0 46 96 0 22 2 0 12 0 0 0 32 3 0 0 62 0 0 0 63 0 71 57 37 23 53 71 36 59 25 14 43 0 75 0 44 33 18 0 52 0 0 25 0 0 0 0 0 70 43 77 0 63 0 52 0 0 0 0 13 42 8 0 0 0 87 0 0 84 0 0 78 31 29 0 40 47 0 
79 52 0 0 0 0 0 90 0 83 18 0 28 71 0 0 37 6 0 35 87 0 0 95 10 0 0 0 0 0 97 0 0 89 0 0 75 0 49 0 51 29 0 0 88 0 39 48 0 0 0 0 0 87 0 72 0 70 17 0 0 0 78 0 65 0 31 0 1 0 38 0 46 0 0 0 0 0 0 0 33 3 0 86 96 0 0 54 0 63 0 11 0 11 22 0 0 45 47 96 
24 0 45 75 3 5 0 25 92 0 0 8 37 0 39 0 97 0 0 0 0 0 26 28 0 1 92 65 63 66 0 45 74 14 0 59 51 0 0 19 0 68 0 0 82 47 0 0 0 68 10 63 0 30 0 0 0 16 8 5 64 0 0 0 0 60 21 0 1 21 0 0 24 26 0 0 0 96 99 0 0 0 89 62 96 40 0 0 0 78 13 0 0 0 99 92 0 0 0 0 
23 0 7 70 62 75 70 46 0 0 0 0 0 0 0 0 84 76 5 0 61 0 80 0 0 93 0 0 0 0 0 0 0 0 22 0 94 37 0 0 42 75 0 0 0 26 0 15 6 0 0 0 37 40 98 13 0 0 66 3 62 68 78 0 63 0 50 34 40 0 0 0 48 22 23 0 42 99 0 70 0 0 1 0 59 0 90 74 0 0 41 93 0 44 79 0 0 0 59 0 
0 66 0 3 0 47 0 0 0 3 0 15 0 52 26 0 0 0 64 88 89 0 0 95 28 65 26 0 73 35 44 24 0 0 26 0 39 55 5 86 0 0 98 12 83 95 0 0 0 0 48 47 90 0 0 0 47 75 26 0 0 0 7 0 0 0 78 0 0 88 0 66 42 10 0 0 0 76 0 0 40 0 0 0 0 46 82 0 49 4 48 0 0 0 0 0 0 0 0 0 
47 0 0 0 35 34 0 0 0 0 99 54 0 1 1 70 0 64 58 12 20 0 46 0 0 0 0 0 12 22 0 68 0 0 6 0 0 29 0 54 28 24 9 77 0 23 72 0 89 0 0 0 0 22 0 0 0 29 0 0 17 85 0 36 19 0 22 5 60 0 0 0 0 0 59 0 97 0 30 0 51 0 21 0 39 41 97 0 58 0 79 31 0 38 0 50 0 61 0 95 
93 0 81 13 0 13 0 0 53 0 38 0 0 54 22 0 0 0 44 12 44 0 27 51 0 0 0 47 40 0 0 4 5 0 95 52 99 0 0 0 0 66 0 0 71 55 0 99 0 64 43 0 73 0 0 21 7 63 15 29 34 0 0 0 0 0 0 12 48 61 0 0 46 86 26 4 52 21 36 0 0 0 75 0 0 93 17 73 51 0 0 0 0 65 0 36 51 61 0 0 
52 0 0 0 75 55 62 0 0 20 80 97 0 0 43 0 38 0 78 0 0 0 76 0 42 56 0 45 0 46 3 0 0 74 0 28 0 0 0 72 75 4 98 0 0 0 84 15 0 0 0 25 12 0 0 60 0 0 37 98 50 55 72 0 11 0 0 0 58 80 98 0 7 0 91 41 57 29 2 0 0 0 0 0 20 0 0 0 27 0 0 0 33 55 17 60 0 29 0 0 
35 32 0 45 84 86 0 51 0 0 0 0 22 0 48 49 0 0 77 73 51 0 87 85 41 10 0 57 0 0 0 0 53 0 24 21 0 50 37 0 0 35 93 9 83 0 16 4 13 0 83 86 82 0 0 96 0 0 48 0 75 0 0 0 66 0 0 0 0 0 46 53 0 22 0 83 0 0 0 0 58 0 0 15 32 0 0 95 12 54 0 0 0 0 47 15 0 14 0 0 
40 0 0 0 8 0 0 70 0 0 0 33 0 0 46 0 1 96 0 0 0 25 24 56 0 0 0 0 39 0 0 0 51 0 57 0 79 55 79 89 35 0 0 27 16 55 0 0 46 0 56 0 35 0 0 0 0 59 22 14 18 11 0 55 0 67 0 0 97 0 31 74 25 33 0 0 9 0 3 0 0 0 0 75 0 93 0 6 6 0 44 0 0 88 86 30 0 55 64 55 
5 63 1 0 0 89 0 0 0 0 0 93 0 0 0 0 5 0 73 0 13 66 0 87 0 79 73 80 0 34 9 0 0 0 0 64 0 44 82 1 0 44 66 84 0 0 87 0 9 0 0 84 0 0 25 5 22 26 0 98 0 0 16 51 13 2 63 0 0 0 0 0 95 5 84 38 0 0 57 0 83 64 43 0 0 50 0 27 0 93 0 82 0 0 0 0 83 0 0 0 
0 0 0 46 0 69 68 37 0 0 55 0 8 55 88 37 0 0 0 0 0 0 0 0 0 0 0 14 28 0 0 0 40 0 7 97 64 0 0 0 10 91 0 46 99 66 0 0 49 21 55 48 71 80 32 86 0 0 0 41 0 75 62 71 0 68 97 58 0 0 90 0 0 0 34 0 0 64 0 60 71 74 0 93 3 72 0 0 0 0 24 6 0 66 10 89 0 0 0 0 
0 0 0 20 0 1 39 0 0 0 0 56 0 2 34 63 0 61 0 0 14 21 0 0 65 78 37 0 26 36 97 0 0 0 0 33 35 0 0 66 0 5 33 69 95 0 65 0 74 66 61 0 0 0 62 43 0 0 65 92 0 0 0 0 0 80 0 0 76 0 0 7 0 5 44 15 0 0 53 4 28 0 63 0 0 8 55 0 30 32 0 0 0 73 37 0 0 47 0 0 
50 84 0 70 78 0 39 51 0 0 0 16 0 67 0 8 78 63 0 87 4 0 32 0 0 0 0 0 35 0 0 0 0 79 42 71 0 0 0 43 17 38 77 17 0 11 0 0 6 0 0 45 0 0 0 0 44 84 87 0 56 26 0 0 0 34 0 91 0 0 0 23 0 0 0 0 0 61 0 24 0 0 2 0 50 0 78 67 0 34 0 15 7 0 89 71 37 0 28 95 
50 26 0 0 2 0 0 33 81 0 0 80 88 0 0 50 0 0 1 97 38 88 71 57 96 0 99 0 27 0 0 0 14 88 0 7 17 77 11 0 35 0 0 83 0 51 19 23 8 32 0 21 0 0 0 0 0 33 86 48 0 12 4 0 25 0 0 0 85 85 0 0 0 55 0 18 0 44 0 0 82 40 9 37 85 0 43 0 0 82 20 0 10 0 0 0 0 84 0 9 
74 36 0 39 85 0 80 6 16 22 6 50 53 0 0 0 3 0 15 0 43 0 0 0 0 0 14 0 83 76 33 0 81 42 0 7 0 0 56 6 90 0 0 0 78 0 84 0 43 0 75 72 0 57 12 0 0 0 0 0 70 5 2 18 64 55 0 0 0 67 0 33 0 36 0 0 0 89 68 2 37 80 0 48 54 0 1 0 0 27 75 31 7 73 0 99 0 69 0 0 
0 0 0 93 0 0 0 0 0 89 0 0 10 6 69 0 39 0 0 43 0 0 37 81 16 17 39 0 0 25 0 40 45 0 0 83 95 89 85 22 21 0 71 0 0 0 90 63 0 0 75 41 73 0 46 0 52 58 0 1 0 76 39 0 33 0 0 0 87 0 17 51 70 55 54 97 0 0 90 0 0 0 0 0 84 43 14 0 28 3 69 0 0 87 5 0 0 66 37 65 
0 0 71 31 72 0 43 98 53 0 31 9 22 98 87 63 0 60 0 83 0 78 48 34 46 80 0 0 0 17 64 0 0 32 42 52 0 0 0 0 0 0 0 29 0 0 0 6 30 0 0 26 48 0 44 0 29 0 66 73 71 13 0 0 0 9 0 0 96 24 11 0 82 0 0 0 90 0 0 92 0 0 0 0 41 0 0 0 0 39 41 96 0 5 0 15 0 0 43 61 
0 27 0 0 18 0 89 92 34 0 8 0 67 0 92 0 0 51 0 0 36 72 74 24 0 0 61 0 29 94 0 35 0 83 0 0 52 0 25 92 0 0 13 0 25 40 0 35 80 3 0 0 0 86 0 42 68 0 0 0 51 54 0 74 77 0 0 0 50 0 0 51 0 78 28 0 0 70 0 99 54 11 0 0 12 73 44 0 0 57 0 0 0 91 37 73 52 92 0 0 
0 0 77 72 0 47 0 0 0 0 0 14 0 92 0 0 2 95 29 29 0 0 27 0 0 54 0 0 17 0 0 49 5 0 0 0 0 75 72 74 18 0 39 55 51 50 30 67 0 38 0 3 70 75 0 94 76 50 25 0 23 84 68 0 6 87 44 45 93 52 57 0 0 0 25 0 97 0 0 0 0 0 0 69 6 57 31 89 34 0 47 0 0 0 0 76 0 0 83 49 
0 0 0 0 81 0 0 5 66 18 0 70 65 14 36 0 0 83 0 43 32 75 0 0 0 36 42 1 46 0 42 0 0 11 0 0 0 0 64 0 82 25 19 0 0 0 60 5 0 97 34 94 0 89 28 53 14 0 0 0 22 0 92 33 0 0 21 28 0 37 0 0 0 86 0 0 68 25 0 33 0 50 51 0 93 1 0 43 44 56 36 0 0 0 38 68 16 0 63 0 
36 48 0 0 74 0 0 0 0 35 14 0 72 41 28 0 0 33 0 30 52 34 0 42 0 0 0 0 0 0 0 25 83 0 0 56 0 82 85 0 6 54 0 0 7 0 0 0 53 0 0 47 0 14 0 0 55 0 3 0 0 0 49 13 18 3 62 90 39 77 0 0 39 60 0 0 87 27 0 67 0 0 0 0 60 0 99 98 89 0 17 0 38 0 81 0 0 61 0 66 
0 0 0 0 0 0 49 0 0 0 82 6 0 0 0 46 0 0 0 25 0 19 11 4 0 24 0 0 89 0 0 34 0 82 0 0 0 0 0 34 20 17 0 0 45 4 0 32 0 66 0 93 0 0 0 42 81 0 0 67 0 7 0 0 39 0 0 82 42 28 0 19 0 0 0 41 57 80 75 35 0 63 0 0 57 90 21 16 0 77 0 0 0 0 91 16 88 78 77 0 
0 0 0 0 56 0 0 60 0 0 0 0 67 0 0 0 0 4 0 44 0 0 0 21 0 84 0 27 71 15 76 0 45 0 0 13 0 0 95 64 0 0 45 0 18 2 0 0 0 51 60 0 86 52 0 41 0 0 91 0 0 0 0 12 65 93 50 40 0 0 42 0 69 6 0 0 33 66 28 0 64 62 52 0 0 95 0 0 38 0 97 0 0 0 47 59 51 4 34 44 
0 0 0 21 7 0 90 0 26 0 37 51 0 84 0 0 46 0 0 0 0 0 64 0 85 39 77 53 0 0 0 28 21 87 0 76 0 10 0 37 48 0 48 0 0 0 0 97 0 55 0 0 90 0 91 70 0 46 0 0 39 0 0 0 67 0 60 0 0 80 54 0 82 0 0 0 0 0 0 0 0 0 0 86 0 0 0 0 73 0 77 5 0 0 0 5 0 0 0 0 
0 66 0 95 0 0 0 0 11 0 96 51 78 0 0 0 95 23 56 62 26 0 88 35 54 68 15 0 65 0 0 0 0 38 2 81 2 91 28 0 76 63 0 55 33 0 0 0 0 28 9 54 5 63 49 0 0 45 56 0 7 23 0 24 0 0 0 32 21 0 0 0 0 98 17 33 0 31 0 0 0 3 0 0 16 0 73 32 7 0 5 41 0 92 0 0 0 70 0 0 
50 81 63 0 62 46 94 49 0 0 84 68 0 50 87 0 24 53 0 53 0 84 91 0 0 2 0 48 70 82 0 39 0 8 88 0 0 0 41 0 0 0 0 74 0 24 0 0 0 0 0 0 0 26 0 92 62 41 20 0 20 1 53 0 0 0 0 90 61 82 9 91 0 0 0 0 0 59 0 0 73 0 0 58 43 0 0 0 8 53 10 42 0 73 3 0 0 86 0 0 
82 0 0 50 0 55 0 0 0 0 0 0 33 0 44 0 0 88 0 0 0 64 0 22 0 41 8 58 56 0 0 7 0 0 11 0 79 0 0 89 64 34 79 0 0 0 0 0 64 0 0 24 0 73 5 0 0 0 0 51 0 0 1 0 45 63 0 30 0 0 0 72 46 0 19 61 15 69 44 0 0 0 0 5 32 0 59 0 96 2 0 0 73 0 0 0 58 87 0 0 
43 25 0 0 47 0 0 90 0 76 0 0 69 0 0 60 0 20 0 0 42 0 35 72 95 47 0 0 0 68 0 43 0 35 0 0 0 0 0 0 7 77 0 5 5 0 33 69 6 0 0 50 0 48 22 70 0 0 67 0 12 75 21 62 0 0 0 0 0 0 62 82 0 51 19 69 0 72 85 0 0 0 22 0 0 0 0 0 0 0 96 0 15 0 81 0 38 0 0 82 
34 0 0 89 0 0 0 16 0 0 6 49 0 0 15 0 0 90 0 87 29 0 0 92 0 97 12 0 18 0 0 90 76 0 0 60 69 24 90 38 0 0 0 50 30 0 70 0 3 19 0 91 0 84 0 0 0 40 0 35 79 0 0 79 0 29 63 97 0 18 0 10 0 0 0 0 0 0 0 82 0 5 0 85 62 1 0 0 35 0 0 0 12 0 64 47 86 0 54 0 
71 0 33 0 25 0 0 33 34 0 0 33 0 0 68 0 0 0 0 0 47 0 3 74 0 72 0 40 0 0 0 4 0 67 36 33 55 86 0 21 27 0 1 0 0 90 0 0 0 0 0 5 0 44 0 0 78 0 0 0 0 40 0 0 0 0 87 74 76 0 26 0 7 46 0 0 0 0 71 0 0 0 53 0 0 0 0 57 0 13 0 0 22 74 34 0 0 0 0 0 
43 44 29 73 0 0 0 69 83 58 0 48 27 0 0 0 0 62 0 0 53 0 0 0 0 74 62 22 0 15 0 0 0 0 0 0 0 66 31 40 0 0 32 95 0 68 0 36 0 79 0 54 0 0 43 0 39 0 97 0 39 0 43 0 42 0 91 66 54 76 0 0 6 0 84 0 15 0 80 45 79 77 21 48 0 0 0 14 25 92 76 0 0 0 6 0 36 61 0 54 
96 57 0 55 16 0 0 0 0 0 98 0 65 98 0 49 76 27 0 44 0 0 77 0 28 27 0 52 72 65 0 0 0 0 70 62 0 0 97 64 0 0 0 48 73 0 81 0 4 12 0 0 0 5 0 0 53 89 0 0 29 16 17 78 69 37 66 0 51 14 47 40 45 0 0 0 45 63 50 76 67 0 33 20 79 53 64 0 0 0 0 68 0 84 0 15 0 0 99 11 
0 93 76 0 0 0 38 0 0 1 0 0 0 93 0 0 4 53 18 0 45 28 34 0 81 95 26 0 10 0 10 99 0 0 34 48 50 29 0 9 0 12 0 0 0 0 59 0 62 0 0 0 0 75 0 80 31 0 66 77 0 0 80 0 60 0 0 0 47 0 24 0 0 56 2 0 0 0 0 85 16 5 60 57 93 0 0 44 78 68 0 50 0 0 0 94 0 0 32 0 
0 8 3 23 23 0 0 0 0 0 68 0 0 68 0 85 0 0 34 28 95 75 97 95 74 0 26 0 0 86 66 21 0 79 0 59 0 70 0 75 0 0 0 95 0 58 0 0 0 57 10 39 51 1 15 0 11 0 97 0 0 0 0 0 97 37 77 0 0 0 32 0 0 0 70 66 0 97 0 13 0 0 0 0 9 30 0 38 0 0 0 0 65 34 0 0 87 23 0 0 
0 0 16 0 0 0 0 67 0 46 0 0 0 0 0 46 0 0 0 0 1 0 0 0 67 50 35 0 9 63 0 0 0 0 55 0 16 0 0 56 35 22 3 0 0 55 0 62 47 40 95 53 20 0 34 13 0 0 63 93 0 30 0 46 36 0 0 0 0 0 77 0 63 0 37 0 95 0 0 0 0 76 0 0 0 53 34 24 69 0 41 69 0 0 60 0 0 0 6 37 
0 41 16 96 87 87 0 29 56 0 76 0 21 0 0 0 60 0 41 56 0 0 0 5 0 0 0 0 48 0 0 0 0 0 0 0 0 0 52 83 0 0 64 0 2 38 97 71 0 0 17 0 62 96 55 38 36 11 38 10 86 41 29 65 36 68 0 62 82 57 0 18 44 0 25 57 17 75 0 60 0 25 0 0 23 2 54 0 0 0 60 0 3 22 0 69 0 24 26 0 
0 0 32 0 0 23 0 29 0 29 0 22 0 0 0 0 0 0 30 92 66 0 0 62 0 89 60 59 0 0 82 62 72 28 68 0 61 0 69 0 0 39 97 9 0 0 0 42 0 0 0 0 25 17 13 0 46 0 91 0 0 0 19 83 38 0 0 0 0 0 42 87 0 45 0 0 0 85 0 86 53 0 0 0 91 0 0 0 19 18 62 0 32 90 0 33 0 0 6 0 
11 0 0 0 11 0 53 86 57 0 0 22 25 86 2 0 0 18 11 0 62 99 10 66 0 0 54 0 37 26 52 97 79 97 0 0 20 0 56 0 0 0 0 47 0 67 0 0 62 0 2 84 0 2 13 51 0 0 17 77 0 0 53 0 50 77 71 3 50 0 77 74 79 0 61 21 0 0 41 0 0 68 0 0 17 65 3 49 25 0 33 98 0 0 17 0 0 0 0 0 
99 0 32 0 0 0 0 0 97 0 0 67 68 0 0 0 25 32 0 0 0 0 0 65 52 30 0 0 96 0 27 0 79 0 0 0 32 51 41 62 24 54 44 44 0 0 0 73 76 0 44 58 0 0 0 44 98 0 27 0 29 0 34 8 30 0 71 64 65 0 48 80 50 0 0 79 0 0 39 0 98 0 10 0 88 74 88 98 0 3 31 0 0 65 81 0 67 70 85 0 
