100
0 0 0 0 0 39 0 2 0 0 0 0 0 0 91 0 0 0 0 0 0 75 0 0 0 0 0 0 0 46 0 0 58 0 0 0 70 88 0 0 0 0 0 94 48 82 0 0 0 0 0 0 0 0 94 65 0 0 0 0 0 0 0 0 0 0 27 0 0 8 0 94 0 0 0 0 19 0 0 0 0 78 0 0 0 0 0 0 0 0 0 0 0 0 0 0 0 0 10 4 
49 0 0 0 92 0 35 17 44 14 38 0 0 0 0 0 55 0 61 0 0 0 0 0 85 0 56 0 0 12 0 0 0 0 0 0 84 0 0 0 0 0 0 0 0 0 0 0 0 0 0 0 0 0 0 0 0 0 0 0 0 0 0 4 0 0 0 0 0 0 0 0 0 0 0 0 0 0 0 0 0 8 99 0 0 0 0 0 42 0 0 0 39 0 0 10 0 0 0 0 
4 0 0 0 0 48 4 68 0 0 0 0 0 0 0 0 0 0 0 0 0 0 70 0 68 0 0 67 68 26 16 0 0 0 0 0 68 7 0 0 76 28 83 0 0 84 0 0 0 0 0 69 0 0 19 0 0 0 26 0 0 0 0 73 0 0 0 0 0 0 90 0 0 89 0 0 0 32 52 60 52 0 0 70 0 0 0 0 65 92 26 0 0 0 0 0 0 0 0 0 
0 9 0 0 65 86 0 0 0 2 0 0 0 0 0 53 0 53 4 0 0 0 0 6 0 0 0 0 0 0 0 0 0 99 0 0 0 27 28 35 0 0 0 64 0 0 0 0 0 17 0 0 0 0 71 59 0 78 50 0 0 0 0 36 0 0 0 0 0 0 0 0 0 0 0 0 0 66 0 0 17 45 0 0 0 41 0 0 0 0 0 0 0 0 0 32 0 0 0 0 
0 0 0 0 0 0 0 0 32 0 50 0 0 43 25 0 0 0 29 0 0 0 0 0 0 70 0 0 17 47 0 0 0 0 0 0 0 0 99 0 28 76 0 48 0 0 0 0 0 0 92 0 50 0 11 98 24 44 0 0 0 91 0 0 0 0 0 61 0 0 0 0 0 0 0 4 0 0 0 61 0 0 0 0 0 0 0 0 0 0 0 55 99 5 0 0 0 0 80 0 
0 59 0 0 0 0 0 0 20 0 0 34 44 0 12 0 0 0 0 0 0 0 58 0 0 0 0 0 0 0 25 0 0 0 0 0 0 0 0 81 0 85 0 2 88 0 0 0 0 0 0 0 0 0 0 8 0 0 12 0 25 0 85 0 0 0 0 17 0 0 0 0 49 0 67 8 0 83 0 61 0 0 0 0 0 0 0 96 0 0 27 0 0 0 0 0 0 13 41 0 
0 0 0 84 0 0 0 0 0 0 28 31 31 0 0 0 0 0 32 0 38 0 28 0 0 0 0 20 0 0 0 29 0 0 0 7 0 0 41 0 0 0 43 12 0 32 94 61 0 0 0 0 0 0 0 0 0 0 0 57 0 0 0 0 1 0 57 0 0 0 0 0 0 0 52 0 0 0 0 0 0 0 46 0 63 0 0 0 0 0 29 82 0 0 62 99 0 0 0 0 
0 0 0 0 0 0 54 0 25 0 0 0 0 0 69 52 0 0 0 0 0 75 0 58 0 0 35 0 0 0 81 0 60 0 0 0 0 47 0 91 0 95 0 0 0 0 0 0 0 57 0 0 10 29 0 0 0 0 0 0 90 0 94 0 0 0 0 0 0 0 0 5 45 0 0 0 0 0 0 0 0 0 49 34 0 0 0 0 0 0 0 0 58 0 0 0 0 0 0 0 
6 0 0 40 0 0 0 0 0 82 0 0 0 79 0 58 0 0 0 0 0 0 0 0 0 99 54 0 0 0 0 0 0 0 77 0 0 0 6 0 66 0 0 0 0 0 0 0 0 4 55 0 0 0 0 0 0 0 0 34 0 0 0 0 0 0 0 0 49 11 0 0 0 0 93 31 73 0 0 0 0 0 0 0 0 0 74 35 0 0 77 0 0 82 0 0 0 0 0 0 
0 0 0 0 0 45 0 87 0 0 23 0 0 0 0 0 36 3 0 0 0 0 0 12 79 0 0 0 12 0 55 0 0 33 0 0 0 0 0 0 37 26 0 30 0 0 0 37 0 0 0 0 0 43 0 0 28 0 39 70 12 0 0 0 5 0 4 0 11 0 0 0 0 0 0 0 0 0 0 22 0 0 0 55 65 0 0 3 0 0 53 0 0 0 0 0 6 0 60 0 
0 0 0 11 0 52 0 0 0 0 0 0 21 0 39 0 0 0 62 0 0 0 0 0 44 0 0 0 54 0 0 0 5 47 70 0 38 0 0 0 23 0 22 0 0 0 19 0 0 0 0 71 0 53 0 0 0 0 0 0 0 0 65 91 20 0 0 34 0 59 0 0 0 0 0 0 0 0 0 0 0 29 0 0 0 0 0 0 0 75 0 0 0 0 62 0 0 0 0 0 
0 0 36 56 14 0 0 16 17 36 0 0 0 0 0 0 0 0 0 0 0 89 0 81 0 0 0 0 0 9 0 0 0 0 0 0 0 0 68 0 49 0 0 2 0 0 0 0 0 0 0 0 0 0 0 0 0 0 0 0 0 73 0 45 0 71 0 0 0 0 0 0 0 0 0 0 0 0 48 0 0 0 0 0 0 44 53 0 0 0 58 0 11 0 0 0 0 0 56 0 
0 93 89 0 0 0 0 0 0 8 0 0 0 0 0 0 0 0 94 0 0 0 0 0 68 0 0 0 60 0 0 0 0 0 0 33 0 0 0 0 0 0 0 0 0 0 36 0 0 0 0 0 0 4 0 54 0 27 0 0 0 0 0 0 0 0 0 29 0 0 0 0 0 0 0 0 0 0 0 0 16 0 0 0 0 0 0 89 7 25 0 0 0 98 0 0 0 0 56 0 
0 0 0 0 0 66 0 66 0 0 62 41 0 0 24 0 0 0 70 0 46 0 0 0 0 0 0 0 0 0 0 52 0 21 0 0 86 45 0 0 23 62 0 0 0 0 15 0 0 0 0 0 0 0 0 0 12 48 0 0 73 0 0 0 0 4 0 0 41 81 10 0 0 0 0 0 15 0 0 54 0 0 0 0 85 75 7 0 95 37 0 0 0 0 0 0 0 0 0 0 
0 61 0 61 0 0 0 0 0 0 0 0 44 0 0 0 59 19 0 0 0 0 0 0 18 0 20 0 0 0 0 0 0 15 0 0 62 0 0 0 0 0 0 0 0 0 37 0 74 7 0 0 0 0 0 1 0 0 0 0 0 0 0 67 0 0 0 0 38 0 0 32 64 7 0 0 0 0 0 0 0 0 0 0 80 0 0 0 0 0 2 14 59 0 0 0 0 0 66 0 
12 92 0 0 85 0 0 0 0 3 0 0 0 0 0 0 0 0 0 0 0 0 0 16 0 0 0 98 72 0 0 0 81 0 0 0 0 0 0 0 82 0 0 93 83 0 0 0 0 0 0 0 0 0 0 0 22 0 6 77 0 0 5 0 0 0 0 0 0 0 0 0 0 0 0 34 0 0 0 0 0 0 75 0 0 0 2 0 0 78 0 0 89 0 14 0 0 0 79 41 
0 0 10 71 0 68 0 0 0 0 0 0 56 0 0 0 0 0 0 20 0 0 55 60 0 0 41 15 28 0 0 0 0 0 0 0 0 0 0 95 0 0 0 8 0 0 0 0 0 0 0 0 26 0 0 0 0 0 49 0 0 0 0 0 8 0 0 0 0 0 0 0 0 0 23 0 9 0 0 81 0 95 0 0 0 0 0 0 31 0 0 0 0 0 46 90 0 0 0 0 
0 0 0 0 0 0 0 49 28 0 14 56 1 0 0 0 0 0 0 0 97 0 0 0 0 16 0 0 33 0 39 15 0 16 93 34 0 0 0 81 46 20 0 79 6 15 0 43 20 0 0 57 78 0 0 0 0 25 0 92 40 0 80 0 0 0 71 0 0 0 23 0 0 0 0 0 0 0 26 49 0 0 0 0 0 0 0 0 72 8 0 0 92 0 0 0 0 0 0 0 
0 0 12 0 0 0 0 0 0 0 0 60 0 0 0 0 95 31 0 0 0 0 0 0 0 0 0 84 0 0 0 0 0 0 0 0 0 0 0 14 6 17 0 0 0 0 0 69 0 0 32 40 0 0 70 0 13 23 0 95 0 0 57 0 0 0 0 0 0 0 0 27 43 0 0 84 77 0 0 45 0 99 0 0 0 0 0 16 8 0 0 0 0 0 0 0 0 86 1 98 
0 6 0 0 0 0 0 0 0 0 0 0 46 84 0 3 0 0 67 0 0 49 66 0 0 0 14 0 0 0 23 0 0 0 78 0 0 0 0 22 0 0 0 81 0 0 72 0 0 0 0 0 0 0 0 0 0 0 0 98 0 80 0 0 0 0 0 22 0 0 6 0 60 30 43 0 0 22 0 0 75 0 0 0 0 0 0 0 63 0 0 0 42 0 0 0 0 2 0 52 
0 86 99 0 0 0 0 11 0 52 0 0 0 0 0 0 0 0 0 0 0 0 0 0 0 0 0 0 0 59 82 0 57 0 0 0 0 0 90 0 0 0 0 0 0 0 0 64 0 37 0 0 0 0 0 0 0 28 0 0 0 80 0 0 0 94 0 0 0 0 0 70 0 0 42 0 0 0 0 0 62 0 27 0 40 0 62 83 0 0 0 0 98 0 0 0 0 0 0 0 
0 0 62 0 0 70 77 0 0 0 0 0 8 19 98 0 19 0 0 0 0 0 0 0 95 0 0 20 0 57 0 0 39 65 0 0 0 21 74 0 60 0 0 0 0 0 0 0 0 0 0 73 39 0 0 0 82 0 0 0 0 0 0 0 0 47 0 81 0 0 23 0 0 74 57 0 13 34 95 0 0 0 0 19 84 0 62 0 0 3 75 0 61 93 93 19 0 0 90 0 
39 0 0 0 0 0 0 11 40 0 0 96 0 0 0 0 0 46 0 0 26 31 0 17 0 0 0 90 97 33 0 0 0 0 53 0 0 0 0 0 0 19 0 0 0 0 0 0 0 0 0 0 0 0 89 15 0 0 0 0 0 0 0 0 0 0 0 0 0 0 0 0 0 0 0 0 0 0 90 0 45 0 85 0 0 0 0 35 0 96 0 0 0 0 15 0 0 0 0 0 
0 0 0 0 0 91 70 0 39 0 0 0 83 0 0 0 0 0 0 5 52 0 0 0 0 0 0 58 27 0 75 0 82 0 31 0 47 0 0 0 0 0 57 0 0 37 72 0 0 0 0 0 1 82 0 0 0 0 0 0 69 0 59 0 0 98 55 0 0 0 0 0 0 92 0 0 0 0 0 61 0 54 85 0 0 0 0 0 41 0 0 0 0 33 5 0 0 0 0 0 
0 0 0 0 0 0 25 67 0 0 0 0 0 13 0 57 0 0 8 0 13 0 0 0 0 0 0 0 0 0 0 0 0 0 0 0 85 0 0 0 0 0 0 0 0 0 0 0 0 0 0 0 0 0 0 0 0 0 0 0 0 0 0 0 0 0 0 0 91 0 0 65 0 56 0 0 0 1 0 0 0 0 0 6 0 0 0 80 3 0 0 0 0 0 42 12 59 0 0 0 
0 0 0 0 0 0 0 0 0 20 12 0 36 66 56 0 37 0 53 0 26 66 0 25 19 0 0 0 0 0 90 0 0 0 0 73 59 29 60 0 0 49 0 0 0 0 0 64 47 0 52 0 74 0 0 0 0 0 0 0 0 0 0 81 0 0 0 69 78 0 0 0 0 0 0 3 0 0 0 0 0 0 0 0 0 54 31 67 0 45 21 41 0 0 0 0 0 0 0 0 
74 0 0 0 5 72 94 0 0 0 11 0 0 0 0 0 0 41 0 0 0 0 0 48 55 5 0 0 72 0 0 0 68 0 0 0 1 0 21 0 0 0 0 89 74 26 0 0 0 0 0 0 0 0 0 45 0 0 0 0 0 0 0 0 0 0 0 0 0 86 34 0 0 0 0 0 0 0 0 29 72 0 0 28 0 0 76 37 0 0 0 0 0 0 20 40 0 0 0 0 
92 0 0 35 0 0 0 0 0 57 42 0 0 42 79 0 0 0 0 0 0 0 0 0 0 0 10 0 0 5 0 0 78 0 0 0 0 85 56 0 0 0 63 0 0 0 0 0 0 0 0 0 40 23 0 14 0 0 0 66 0 0 57 0 0 0 0 0 0 0 10 0 0 0 84 0 42 0 0 0 0 0 29 41 0 46 0 98 0 52 12 5 0 22 0 86 0 0 31 0 
0 0 0 0 0 29 0 0 7 0 0 0 0 0 0 0 0 0 0 11 0 86 0 0 0 1 0 0 0 64 0 0 0 0 0 0 0 0 84 0 0 0 0 0 0 0 58 0 98 0 0 0 0 0 0 0 0 0 17 0 0 53 31 0 0 0 0 0 1 38 0 0 0 0 0 0 5 0 0 0 0 30 0 0 0 0 0 25 4 0 50 0 8 0 0 82 0 0 0 0 
0 0 0 0 0 0 0 0 0 22 9 0 0 0 0 0 0 0 0 0 0 0 0 45 0 87 0 0 0 0 0 0 0 0 54 62 0 0 0 35 0 0 0 0 0 99 64 0 0 0 0 0 0 0 0 0 0 0 0 30 0 41 0 57 8 0 21 0 0 30 0 0 15 0 0 33 0 0 54 23 0 0 0 0 0 82 59 61 0 77 0 81 50 74 0 74 0 0 0 0 
0 0 0 17 0 0 7 0 0 0 0 53 0 0 43 0 0 0 94 0 0 42 0 0 0 0 0 0 0 79 0 67 0 0 0 0 0 0 0 0 0 0 23 0 0 0 0 0 0 0 0 0 0 0 23 0 0 0 0 0 0 0 31 21 63 0 13 0 0 86 99 85 45 0 0 0 0 0 43 0 0 0 93 0 63 0 84 36 0 10 86 71 0 0 0 0 22 44 0 0 
0 0 0 0 33 73 0 0 0 0 0 0 89 0 0 71 0 0 73 0 0 0 0 0 0 0 90 0 0 0 0 0 0 0 0 85 0 0 0 49 0 0 10 0 0 0 85 27 0 0 0 79 30 0 0 0 0 0 0 0 0 0 0 0 0 0 0 0 0 66 0 0 57 74 0 0 0 0 0 0 0 0 0 0 0 0 0 0 0 13 0 0 0 19 0 0 0 0 0 63 
0 0 0 41 0 89 0 0 7 0 0 0 0 0 96 0 93 0 0 0 0 0 56 0 0 0 0 0 0 0 89 0 0 0 0 0 65 0 0 0 32 0 0 0 0 77 0 0 0 25 81 0 70 0 0 0 0 0 26 0 0 0 0 0 52 0 0 0 0 0 0 0 0 0 0 0 24 0 0 49 0 0 63 0 0 73 0 0 0 0 0 0 0 31 6 0 0 0 37 85 
0 0 0 0 0 0 0 0 14 0 0 98 76 0 0 0 0 0 0 0 0 0 92 0 19 0 0 0 0 0 0 0 51 0 0 0 0 0 0 0 0 0 0 0 0 0 0 0 0 91 0 34 0 0 0 0 0 0 0 0 32 0 0 23 0 0 25 0 0 0 0 0 0 0 0 0 0 0 65 0 0 0 0 0 0 0 0 0 0 60 42 0 0 0 0 77 0 0 0 0 
0 55 0 0 0 10 0 0 0 0 0 27 0 0 0 0 76 0 0 0 75 0 0 0 0 23 0 0 0 0 0 0 0 0 0 57 0 0 0 0 0 0 67 37 0 0 0 0 0 0 38 0 0 0 0 73 0 80 0 0 39 0 0 0 40 0 0 0 0 78 0 76 31 0 0 52 0 0 10 0 0 0 0 0 0 0 0 0 0 52 0 0 0 50 0 0 21 16 24 0 
0 0 0 29 93 0 0 84 0 73 0 0 0 9 0 0 0 0 0 46 0 0 19 13 0 0 0 66 0 0 65 0 0 33 0 0 1 85 14 0 0 0 0 0 98 20 0 0 0 0 25 0 32 0 0 0 34 0 4 0 54 0 0 43 0 0 0 0 0 14 0 0 5 0 0 0 0 96 0 77 0 0 14 0 0 0 0 0 18 0 0 0 19 0 28 0 0 0 48 0 
0 0 0 0 0 0 75 0 0 0 0 0 0 0 0 0 0 0 59 0 0 0 0 0 0 0 0 0 20 0 55 0 0 0 0 0 0 19 0 0 0 0 96 0 0 46 1 0 72 0 0 0 0 0 0 1 92 0 0 0 0 0 95 0 14 0 0 8 0 0 0 0 0 4 79 4 0 0 0 0 0 0 87 0 0 0 97 15 0 0 0 29 49 51 0 96 0 0 37 0 
0 0 0 0 54 0 0 0 10 48 98 0 0 0 0 0 38 99 0 0 51 0 0 0 67 0 0 0 33 0 0 0 0 0 78 0 0 0 0 62 63 0 52 0 0 0 0 0 0 0 77 0 0 0 0 50 0 9 0 32 0 0 25 0 0 0 0 14 20 0 0 40 0 0 2 0 0 0 0 33 0 0 57 0 0 0 0 0 0 0 0 0 0 0 0 0 0 4 0 45 
0 0 0 0 0 35 0 23 0 0 0 0 0 0 0 87 0 33 0 21 0 0 34 0 0 0 0 0 0 0 10 0 0 0 0 0 31 87 0 0 0 0 0 81 43 49 5 0 0 0 0 0 0 0 0 0 0 67 0 0 97 82 0 0 76 0 0 0 0 0 0 45 0 0 0 0 0 0 0 0 0 48 28 0 0 0 7 0 0 0 0 0 0 97 0 0 0 97 0 22 
0 0 74 0 0 0 0 0 0 0 0 92 11 2 0 0 0 0 0 0 50 34 0 0 0 98 0 0 0 0 0 0 0 0 29 89 0 0 0 0 25 0 0 0 0 0 7 0 0 0 0 0 12 0 16 0 0 0 7 66 0 0 0 25 0 0 0 0 0 0 0 0 6 37 0 79 0 0 95 0 0 0 94 0 0 0 96 55 0 0 0 0 0 13 0 0 0 27 0 0 
67 69 0 0 0 0 26 0 0 0 0 0 52 0 0 0 0 0 0 0 0 0 72 0 0 0 0 0 0 0 0 0 0 0 92 0 0 0 0 0 0 0 0 0 0 0 0 0 22 0 0 39 0 0 0 2 0 0 0 0 0 0 0 0 0 0 0 6 68 0 54 0 9 0 0 0 0 35 0 0 0 0 0 0 0 0 0 0 39 0 0 84 85 0 0 0 0 0 51 0 
62 0 0 0 0 0 0 0 59 0 0 0 9 0 0 0 47 0 0 0 0 0 0 0 0 0 0 0 40 0 0 0 63 0 83 80 0 76 53 0 0 0 0 0 23 0 0 0 84 0 0 95 0 7 0 0 0 93 0 0 0 0 0 17 0 55 0 28 36 96 78 0 0 0 52 0 0 0 52 0 0 0 0 0 0 41 0 0 0 0 0 0 70 45 0 1 23 0 80 68 
44 0 0 0 53 0 0 0 0 99 0 0 0 32 0 0 74 0 0 0 84 0 16 0 0 85 0 0 93 0 0 0 0 6 0 0 0 0 41 93 0 0 0 68 0 0 65 71 0 0 93 43 0 0 0 0 0 0 0 0 0 0 94 0 0 0 0 0 0 0 0 0 5 0 0 0 17 0 0 0 89 0 45 0 0 0 9 0 0 0 28 0 0 0 0 0 0 0 0 0 
0 0 0 0 0 0 0 0 0 0 50 0 0 16 0 0 0 0 0 0 0 0 0 0 0 65 0 16 0 0 0 0 46 0 0 0 86 55 0 35 0 0 0 0 0 0 0 0 0 0 58 0 0 0 0 0 96 0 0 11 0 0 24 0 39 0 0 0 0 0 0 0 0 4 0 0 33 0 77 0 0 0 67 0 0 22 0 0 0 0 0 0 0 0 6 0 62 0 0 0 
0 0 0 0 77 0 0 0 0 70 0 0 0 0 62 0 0 0 0 39 0 0 0 0 0 27 0 0 0 48 0 0 0 0 92 0 92 98 0 0 0 0 0 0 0 11 0 0 11 0 0 0 0 0 0 0 0 0 0 11 0 0 0 40 0 0 66 67 0 0 0 0 0 0 77 0 0 0 0 0 0 0 64 86 48 0 0 0 0 0 0 0 0 47 0 71 0 0 15 37 
0 0 0 0 0 0 0 0 91 0 0 0 71 0 71 0 0 0 9 55 16 45 0 0 0 0 0 0 0 0 13 0 0 84 0 0 0 0 0 64 0 0 0 12 0 0 0 0 0 0 20 0 17 0 0 0 87 0 0 63 0 0 17 0 0 0 0 0 44 34 0 0 0 0 0 0 0 0 10 0 0 0 0 0 0 0 96 0 0 40 0 0 0 0 0 0 15 0 0 0 
54 0 0 91 36 38 0 32 0 0 0 0 0 0 0 0 94 0 0 0 0 0 0 0 0 16 0 0 0 0 42 0 5 0 39 22 0 0 0 0 0 0 0 30 0 0 0 0 0 62 0 0 0 0 0 0 34 38 0 0 0 0 0 0 0 67 0 0 0 0 0 0 53 0 0 0 0 0 0 0 18 48 0 62 55 0 29 0 61 0 0 29 0 92 0 0 0 0 0 0 
0 0 0 0 0 58 0 0 0 0 0 0 0 15 0 60 65 0 0 72 0 0 0 65 0 0 0 0 0 0 0 0 0 0 16 0 30 83 65 94 0 0 0 53 20 0 46 0 28 0 39 0 35 0 64 0 0 0 83 0 0 59 0 0 12 0 0 93 0 0 25 0 0 0 0 0 0 97 22 46 14 1 0 0 0 0 0 0 0 64 0 0 0 0 0 80 0 0 0 0 
0 0 0 0 0 0 41 0 61 79 0 0 33 0 0 15 0 0 63 0 9 61 0 6 72 0 0 0 0 70 44 36 0 0 0 0 0 0 0 0 0 0 0 0 0 0 69 0 0 52 0 87 0 0 0 0 0 0 0 0 0 0 0 68 0 0 0 0 68 0 0 0 0 0 0 0 4 0 0 0 0 96 0 0 0 0 0 45 0 0 57 0 0 0 23 0 0 0 0 0 
0 27 77 0 23 0 0 0 0 0 0 0 0 44 0 21 0 17 0 0 0 34 0 0 79 15 0 0 0 0 0 0 0 0 0 64 0 0 32 0 0 45 2 0 0 0 0 0 0 0 0 0 65 43 90 0 0 0 0 0 0 0 0 26 0 0 0 0 0 68 0 0 0 0 0 0 0 0 0 0 0 2 78 0 0 0 79 44 0 0 0 0 0 50 0 0 0 0 0 0 
0 0 0 1 0 0 0 0 0 0 0 60 0 0 37 0 0 90 0 17 0 0 13 0 12 0 0 0 27 0 55 0 0 0 0 0 63 0 59 0 0 0 0 0 0 0 0 0 0 7 0 15 0 0 0 0 0 0 0 0 0 0 23 0 62 0 0 19 0 0 0 0 0 0 0 0 0 0 0 0 0 0 0 0 0 0 0 0 51 22 75 0 71 0 0 0 0 0 0 0 
0 0 0 0 0 47 0 0 42 0 0 96 0 0 0 0 0 0 0 0 0 0 49 0 35 0 0 0 32 0 0 0 0 0 0 0 0 0 0 18 0 0 0 7 0 0 0 0 0 0 0 0 0 33 70 0 0 77 0 0 0 46 0 0 0 0 0 0 0 0 0 0 78 0 0 0 0 0 0 0 0 0 81 50 0 0 0 0 0 0 0 0 0 83 0 0 60 0 0 51 
0 0 0 0 0 0 0 0 52 0 95 49 0 0 0 0 0 0 0 21 0 0 0 0 0 0 77 0 0 0 0 0 0 0 0 0 0 0 0 0 0 0 0 88 0 0 17 0 29 0 0 0 0 49 0 0 0 0 0 0 0 86 11 61 61 0 0 0 0 0 59 0 0 0 1 0 0 41 0 0 0 0 0 0 0 59 0 0 78 90 0 0 0 0 83 0 26 0 83 0 
0 96 0 81 73 14 0 0 0 0 0 0 0 25 74 0 29 13 54 0 0 0 0 0 83 0 97 0 0 91 0 0 0 0 0 0 18 0 0 0 0 0 0 0 0 0 0 0 0 0 0 0 0 0 0 18 0 68 0 0 0 0 0 0 0 0 0 0 0 0 0 0 0 0 43 0 0 0 0 0 0 92 0 0 0 13 0 0 0 0 0 0 23 91 54 0 0 0 0 0 
0 0 0 0 0 0 0 0 0 89 0 0 29 0 95 0 0 90 0 89 0 0 0 93 0 10 0 0 0 3 0 57 0 0 0 47 0 85 0 0 0 64 27 19 0 0 32 0 0 0 0 0 0 0 0 51 0 12 0 76 0 0 0 0 0 0 0 99 0 0 0 58 0 0 57 9 0 22 48 0 0 11 0 0 0 0 0 0 0 93 0 0 0 0 0 0 0 0 0 0 
0 0 0 0 0 0 0 38 0 69 0 0 0 0 0 22 0 0 0 54 0 92 0 0 92 63 0 0 0 0 0 0 0 0 0 0 0 0 24 73 0 0 30 0 0 13 0 0 0 84 8 0 0 0 0 0 0 0 6 0 0 72 0 0 95 0 91 52 0 0 0 91 61 65 0 0 37 0 0 54 0 0 0 54 70 0 62 0 53 20 0 0 0 0 0 0 0 82 80 0 
0 0 0 0 0 0 0 0 44 0 29 0 31 0 0 0 0 0 0 23 0 0 1 39 0 0 0 57 0 84 0 0 0 47 0 0 0 0 0 2 0 28 84 0 57 0 0 0 16 26 0 0 43 79 0 86 0 0 0 0 0 0 0 0 0 0 0 0 0 0 0 0 0 0 0 0 0 0 0 0 71 98 0 11 0 0 91 9 42 27 0 0 0 0 64 33 0 0 0 0 
0 9 95 0 0 92 18 0 0 0 0 0 0 0 26 0 0 0 0 42 0 0 0 72 0 74 0 0 0 89 0 0 0 0 0 0 58 0 0 20 0 0 0 48 94 22 0 62 29 94 1 0 0 0 0 0 0 0 0 0 0 30 80 0 62 98 0 0 0 0 0 0 0 0 0 0 0 48 0 0 0 0 0 92 0 0 0 0 10 0 0 0 70 0 0 0 0 0 0 0 
0 88 0 0 0 0 11 0 0 0 4 17 0 0 0 0 0 0 51 51 0 0 0 0 60 0 0 0 0 24 0 0 0 0 96 0 0 69 0 0 10 0 0 0 54 12 45 0 0 0 0 0 0 0 0 0 0 0 0 0 16 0 18 0 39 89 0 0 0 0 0 30 0 0 72 0 33 0 30 20 0 9 0 0 0 0 0 24 0 84 0 97 39 78 80 52 0 0 0 0 
0 0 0 0 0 0 0 63 0 0 0 0 0 0 63 0 0 0 0 0 16 58 0 0 40 44 0 0 0 0 0 0 61 0 0 49 0 0 0 0 0 0 0 0 0 0 0 0 45 0 0 0 0 94 0 28 0 0 0 0 0 0 0 0 0 32 0 0 4 0 35 0 0 0 0 0 56 0 0 12 0 0 0 83 6 0 0 54 0 0 0 0 0 9 0 0 66 0 11 12 
0 88 68 0 0 0 0 0 0 0 83 25 0 0 54 90 0 0 0 0 0 0 96 0 0 0 0 0 2 34 0 0 0 0 0 0 0 0 0 0 0 15 0 0 63 0 0 0 0 0 0 21 0 0 0 6 0 0 0 0 0 0 47 22 88 0 0 0 40 0 0 56 0 0 0 18 0 0 0 38 0 0 0 0 0 0 0 0 0 0 0 27 0 0 0 0 0 0 0 0 
92 0 0 53 0 0 0 0 0 0 0 0 0 0 0 0 1 0 0 0 0 73 50 3 30 0 0 0 0 0 0 5 0 29 0 0 0 0 0 0 8 0 0 10 97 0 48 0 59 0 0 0 0 97 35 0 2 0 0 0 2 0 0 0 0 0 5 0 0 0 0 0 0 88 0 0 0 1 0 0 0 0 0 0 0 0 11 0 0 0 0 72 0 96 0 0 0 0 97 73 
97 12 0 0 0 0 0 0 19 0 0 0 86 0 0 0 0 0 0 0 0 13 28 0 43 46 48 0 0 0 0 83 83 0 44 0 0 0 94 0 64 17 0 0 65 0 0 68 0 0 0 57 0 87 61 0 6 0 0 22 0 0 0 0 0 69 0 98 0 0 17 0 0 0 0 0 86 0 0 0 0 0 0 0 0 86 0 47 0 0 73 2 47 0 60 0 26 0 0 0 
27 0 0 0 0 0 92 30 0 80 0 0 79 0 0 0 0 0 0 46 0 0 24 23 0 0 0 0 0 0 0 87 5 0 0 0 0 0 0 0 14 0 0 0 0 0 31 0 0 0 0 0 0 0 12 0 78 83 22 55 0 0 0 0 65 0 0 0 0 0 0 0 0 0 0 33 0 11 0 49 91 0 0 54 0 93 0 0 94 0 74 10 37 0 0 0 0 0 0 0 
68 58 0 0 0 0 0 10 0 0 0 0 0 0 0 89 0 0 7 15 0 0 64 70 0 0 76 0 59 0 0 0 0 0 0 0 0 0 0 0 96 0 0 0 23 0 21 0 82 0 0 0 0 0 0 0 0 0 0 0 0 0 0 0 0 0 0 94 49 0 23 3 0 59 94 0 0 0 0 0 0 0 85 95 0 0 0 34 0 0 0 0 0 95 0 0 0 0 0 46 
0 0 13 0 0 13 0 0 4 0 0 0 0 0 10 0 0 92 0 0 0 0 0 0 43 0 0 80 20 0 62 84 81 89 0 0 0 0 0 53 87 0 62 0 78 0 0 0 0 0 0 0 0 0 0 0 0 0 0 0 0 0 0 98 0 0 40 0 0 0 3 0 76 0 0 0 0 0 24 0 0 30 0 0 0 0 0 0 0 0 47 0 0 0 95 0 9 0 71 37 
0 0 72 0 34 0 0 0 11 0 0 89 36 0 99 0 0 0 49 15 0 0 0 0 0 0 80 0 0 0 0 0 73 0 0 0 41 0 34 35 0 0 0 0 0 0 0 0 0 0 0 0 0 0 0 0 0 32 0 90 0 0 0 0 0 0 0 0 34 0 84 0 6 0 0 11 66 0 0 40 0 0 0 17 0 0 0 0 0 0 0 0 0 0 0 0 0 0 0 0 
0 0 11 0 0 0 13 0 0 0 0 17 0 0 70 85 0 0 82 0 93 0 0 0 0 0 0 0 0 0 0 27 81 0 42 63 0 0 82 0 0 0 84 0 0 0 94 0 0 0 0 0 0 0 0 0 0 26 24 0 16 0 0 0 0 0 0 0 0 0 0 0 0 0 19 0 0 85 0 95 14 17 0 0 0 0 0 7 2 0 0 0 0 66 0 0 0 10 0 15 
0 64 59 0 0 0 0 0 0 0 0 0 0 0 0 0 0 0 42 0 0 0 15 77 0 0 74 69 0 0 33 0 0 0 0 0 0 0 86 0 0 0 0 60 0 0 53 25 0 0 0 0 0 77 0 0 0 94 0 0 0 0 0 67 0 0 0 98 0 0 0 0 0 0 22 0 0 78 0 0 0 0 0 0 0 5 0 0 0 0 0 66 0 0 0 0 0 0 0 0 
0 82 0 0 25 19 0 0 0 31 0 0 0 0 0 0 73 0 0 0 0 0 0 86 0 25 0 28 0 0 0 0 0 31 0 0 0 85 0 41 0 0 0 0 14 0 0 0 0 0 71 0 0 0 0 0 0 0 16 0 0 0 0 0 6 0 0 0 70 0 0 0 1 49 0 45 0 0 0 0 0 0 31 88 0 0 48 0 0 0 41 41 62 0 74 0 11 92 0 0 
0 0 0 0 36 0 0 0 0 40 0 72 0 0 0 0 17 0 0 0 0 0 58 98 0 0 0 0 52 0 0 0 0 0 7 0 0 0 17 41 0 0 0 0 0 0 2 0 0 0 14 3 0 0 29 0 0 89 29 0 86 0 0 0 0 0 0 0 55 15 0 1 0 0 0 0 0 68 0 0 45 0 0 0 85 0 14 0 46 0 0 0 0 21 0 0 0 0 0 0 
0 93 0 0 50 39 0 0 0 67 0 0 0 0 0 70 0 0 0 46 0 0 0 0 0 0 0 49 0 1 0 45 0 0 0 0 0 0 0 0 0 11 91 0 0 0 0 53 0 0 0 76 0 0 0 0 0 78 0 0 0 43 0 0 0 0 0 81 0 0 0 0 18 0 0 0 23 0 0 0 0 0 0 0 0 0 95 0 9 0 0 91 0 9 65 0 0 0 0 0 
0 67 95 0 0 0 0 0 0 0 0 0 0 0 0 0 0 0 0 0 0 92 0 0 0 0 0 55 83 0 0 0 0 0 0 0 0 0 0 0 0 0 0 0 0 0 0 0 0 0 0 0 98 0 96 0 0 0 0 85 0 0 0 17 21 0 0 0 0 0 0 0 0 0 22 0 70 0 0 14 0 0 0 0 33 0 0 0 0 0 0 0 0 0 75 0 70 0 0 0 
53 0 0 0 90 0 0 0 0 8 9 0 34 0 0 0 64 0 0 0 0 0 0 0 0 0 0 0 0 0 0 0 0 69 0 0 0 0 0 0 0 0 15 0 0 0 93 52 7 96 62 0 89 93 45 0 59 0 0 91 61 0 0 0 0 0 0 0 53 0 0 23 0 0 21 0 0 0 0 61 0 0 0 60 0 26 0 0 0 0 0 0 25 0 16 0 0 0 0 0 
87 0 0 0 0 0 0 0 0 38 4 4 80 0 0 0 0 0 96 0 0 0 0 0 0 57 92 0 25 0 51 9 0 71 19 0 0 0 56 12 97 0 0 18 0 73 0 0 0 3 0 0 0 0 0 0 0 81 0 0 88 0 0 69 0 71 0 0 0 0 40 0 0 0 0 0 0 0 0 0 0 0 0 0 0 0 0 92 34 0 88 0 0 0 0 12 0 59 0 0 
0 0 0 67 0 0 0 0 0 0 0 0 83 0 0 0 29 72 0 38 0 0 0 0 37 0 0 0 0 0 93 0 0 0 0 0 0 0 67 0 0 0 0 0 0 54 0 64 0 0 0 0 0 63 0 0 87 0 0 0 0 32 49 0 0 99 0 0 0 0 0 33 55 55 0 0 0 0 0 0 0 0 0 0 0 0 0 0 0 33 0 0 56 0 0 0 70 0 0 0 
0 0 0 0 0 31 0 0 0 0 0 89 0 0 0 13 0 65 0 5 0 0 0 29 13 64 4 0 0 0 0 0 0 0 78 0 51 0 0 0 0 0 0 0 0 0 0 0 0 75 0 82 0 97 0 0 2 46 0 0 0 49 0 0 0 63 0 0 0 0 0 0 0 0 22 94 0 0 0 0 0 0 87 0 0 0 0 0 0 81 0 0 0 0 0 0 0 0 68 0 
52 0 0 0 0 0 0 14 59 6 0 0 80 0 0 21 37 82 39 0 0 0 21 0 0 0 27 0 74 15 0 0 0 43 0 0 0 0 0 0 0 88 0 33 0 9 0 0 55 0 20 0 0 0 0 0 0 0 0 0 75 0 0 0 0 0 0 0 0 0 0 0 0 28 0 0 0 0 0 0 0 0 0 44 0 0 85 0 0 24 0 0 0 0 0 0 0 0 0 0 
0 0 0 83 0 46 0 25 0 62 0 0 0 54 0 49 0 0 44 0 0 0 0 47 10 0 78 85 30 0 0 9 0 0 0 0 0 0 0 0 0 0 0 0 0 0 0 0 0 0 43 0 0 0 0 0 0 37 0 42 0 0 0 0 0 0 0 0 89 0 0 49 0 67 0 73 0 13 0 0 0 0 0 0 7 0 0 0 0 19 0 0 0 0 0 28 17 0 0 0 
0 0 0 0 0 0 0 18 8 0 5 0 57 0 34 0 0 0 0 0 17 0 0 0 97 0 0 0 0 0 0 0 0 26 0 0 0 0 79 87 0 99 63 20 0 40 26 0 84 45 66 0 42 38 0 0 0 0 0 0 0 0 0 0 0 0 0 0 0 0 0 0 0 0 9 0 0 0 0 0 46 70 30 63 94 57 0 0 0 75 27 0 0 88 0 0 0 0 0 0 
0 61 0 0 81 48 0 53 1 0 0 0 0 41 0 0 0 0 0 0 0 0 0 0 28 59 0 0 0 85 0 58 0 12 0 54 0 0 0 0 87 0 0 0 10 0 0 0 0 0 0 0 0 0 0 0 0 0 0 0 8 98 53 0 0 0 0 0 0 38 0 0 0 0 0 36 0 63 0 0 0 0 0 0 5 0 0 0 0 0 0 0 32 0 23 0 0 24 11 0 
0 0 20 0 0 0 0 0 0 45 0 20 0 40 0 0 0 0 0 0 0 1 0 0 0 0 0 0 0 0 83 0 0 0 71 0 0 0 0 0 95 66 53 0 86 22 0 0 0 0 0 0 0 0 0 0 0 0 0 7 0 0 52 0 41 0 95 0 17 96 0 64 0 0 89 39 0 55 0 0 77 0 0 0 0 0 49 36 49 0 0 0 33 0 0 22 24 8 0 0 
37 0 71 0 0 15 0 0 33 0 61 0 0 0 0 0 28 41 6 82 0 0 0 0 0 0 0 0 94 21 0 0 0 0 28 0 0 0 0 0 22 0 0 0 0 0 0 0 0 0 0 0 30 0 74 0 0 98 21 0 0 0 0 9 0 0 0 0 88 0 0 0 0 0 16 17 0 44 0 0 0 41 0 36 0 36 0 0 0 0 97 0 0 0 0 0 0 0 78 0 
0 0 0 77 0 0 1 0 0 0 0 0 0 0 63 73 0 23 97 62 15 0 0 0 0 33 0 0 0 0 0 0 0 40 0 0 17 51 0 0 45 0 53 0 0 0 0 0 0 96 0 0 0 0 0 0 0 0 7 0 0 0 0 0 0 0 0 0 0 0 0 0 0 0 0 41 67 0 0 0 0 0 0 0 0 17 0 0 0 0 0 0 14 0 0 0 0 0 0 0 
0 0 91 0 17 0 0 0 0 0 74 49 87 0 0 4 0 0 0 0 0 0 75 0 49 65 19 48 81 53 0 90 48 0 0 0 0 60 0 3 0 0 0 67 0 0 0 0 0 90 0 0 0 0 89 0 0 0 0 0 0 0 0 0 0 0 0 6 15 6 0 88 0 0 0 0 6 55 0 0 0 0 85 0 0 0 7 0 0 0 0 41 84 43 4 12 0 0 0 0 
13 0 0 0 0 0 0 0 28 34 0 0 44 0 0 0 0 0 1 0 0 0 79 79 0 0 0 0 0 0 0 73 0 77 0 0 0 85 0 0 0 0 0 0 20 0 0 0 0 0 41 51 0 0 0 23 20 10 0 0 89 61 0 0 58 0 0 0 0 0 0 0 50 0 0 33 65 43 97 0 0 0 0 0 0 0 0 0 0 0 0 49 0 0 32 0 0 40 0 0 
0 0 0 5 0 0 0 0 0 0 0 0 0 0 0 0 0 1 0 6 0 0 43 0 3 0 0 16 73 0 0 92 0 0 0 0 0 0 0 0 0 31 0 0 0 0 0 0 0 0 0 0 0 0 54 0 0 15 64 0 0 0 0 0 41 35 33 0 0 0 0 0 0 54 5 44 0 0 0 19 0 0 0 0 0 80 0 0 0 0 0 0 44 0 0 0 0 0 0 80 
93 43 0 0 0 0 47 0 0 0 15 0 0 0 74 62 0 0 0 0 0 44 0 0 0 0 0 0 0 0 0 0 0 0 0 0 0 0 70 0 65 33 0 0 0 53 0 0 0 0 0 0 0 0 0 0 0 0 0 0 0 14 0 38 0 0 0 0 0 0 47 38 0 0 0 26 0 0 0 60 34 0 0 0 96 0 0 0 21 66 0 0 0 46 0 93 0 39 0 37 
98 0 0 0 27 0 1 0 0 0 0 0 0 0 0 14 0 0 0 0 0 0 0 0 0 41 0 93 0 0 0 0 0 0 0 0 70 0 71 32 0 34 0 0 0 0 0 0 0 76 0 1 0 0 0 0 0 0 0 72 0 0 0 0 36 0 7 0 0 0 0 0 0 21 0 0 0 0 0 0 0 0 0 65 0 73 50 0 0 0 56 0 22 73 93 40 0 0 0 0 
0 37 0 74 0 0 0 0 0 0 0 0 0 0 0 0 0 0 47 33 0 0 0 0 12 0 28 0 13 0 0 0 64 0 0 0 40 0 0 0 79 96 0 53 0 0 0 0 0 66 0 0 0 29 0 0 0 0 0 0 40 0 0 0 0 0 0 3 0 0 72 0 86 0 0 0 0 0 0 0 0 0 66 70 4 0 0 0 0 0 0 0 0 0 0 0 0 0 0 0 
0 0 0 56 14 0 0 0 0 0 0 0 0 10 0 0 0 61 38 0 0 0 46 0 88 0 53 0 0 24 0 0 0 0 0 65 49 0 0 20 76 0 0 0 0 24 95 0 0 0 0 20 0 98 34 0 68 0 0 36 44 0 0 0 0 0 67 0 0 0 0 11 0 0 0 8 0 98 0 0 11 0 0 0 0 0 0 23 0 0 0 0 0 0 0 0 0 0 11 0 
0 59 0 91 0 0 0 59 19 0 0 20 49 0 0 0 0 94 95 0 0 0 62 0 66 0 83 0 0 0 0 0 0 0 0 0 0 0 0 52 0 18 83 0 97 0 0 0 0 0 0 0 0 33 57 0 62 76 0 0 0 0 0 0 49 0 0 54 0 0 82 0 23 0 7 0 0 14 0 81 71 64 0 0 0 0 0 0 33 10 11 0 26 0 0 42 0 0 0 0 
0 0 37 0 0 0 29 0 0 0 35 0 0 0 0 0 39 0 0 0 0 0 10 0 82 0 28 51 0 0 5 42 40 0 0 0 0 0 0 0 0 0 0 0 0 0 66 0 0 59 0 45 0 0 91 0 0 0 0 0 69 0 0 0 0 55 0 0 0 0 0 0 0 0 0 0 0 0 0 0 0 0 86 0 0 0 0 0 0 3 21 0 0 80 0 0 0 0 0 0 
98 0 68 0 0 7 94 0 0 0 0 90 0 33 0 0 0 0 0 0 42 0 0 0 70 0 0 0 0 0 0 0 0 0 0 0 0 0 0 0 13 0 0 0 0 74 0 0 0 0 0 0 0 0 0 0 0 0 0 0 46 0 0 0 0 49 14 0 0 0 0 0 0 0 32 0 0 0 0 0 43 0 0 0 0 66 80 0 0 0 74 6 0 0 43 97 0 0 0 0 
0 0 52 0 0 0 0 0 0 63 0 14 0 8 58 0 0 0 0 0 25 0 0 0 0 0 0 0 94 0 0 0 0 87 70 0 3 0 71 0 0 0 17 0 0 0 0 0 0 69 0 0 0 0 0 68 0 48 0 0 0 0 0 0 0 0 0 0 0 0 0 0 0 0 0 0 86 0 0 88 0 89 0 0 0 0 18 0 0 0 19 0 97 0 0 0 0 0 0 0 
0 0 0 0 0 69 0 0 0 0 0 0 67 0 0 0 0 0 0 0 0 0 0 0 0 0 0 0 0 0 0 44 43 0 5 80 0 70 25 0 0 0 13 0 0 0 0 0 0 54 46 0 0 97 72 0 0 33 0 12 0 38 0 0 0 54 6 0 0 0 57 0 73 0 0 0 0 61 0 0 0 0 0 0 0 0 0 0 0 53 81 0 79 0 0 0 67 0 0 0 
0 50 0 0 62 0 83 0 92 0 0 0 99 0 0 0 0 32 9 0 0 0 0 0 0 0 0 55 0 91 0 83 0 0 0 0 0 81 0 78 34 0 92 0 0 0 0 0 81 5 12 0 0 19 78 0 0 0 0 0 61 0 0 0 0 0 0 0 0 0 0 0 0 16 75 0 0 0 0 0 0 0 91 0 94 0 0 0 35 0 0 0 42 0 0 0 0 42 0 97 
0 60 0 0 97 0 0 0 51 83 0 0 0 11 0 49 0 9 0 0 0 0 0 0 0 0 0 78 98 0 0 0 0 11 0 56 0 0 0 0 0 0 0 0 0 1 0 62 88 76 0 0 0 0 82 0 87 0 0 0 22 26 0 0 0 0 70 0 0 0 23 0 0 0 0 0 0 0 11 0 0 0 61 48 0 0 0 0 59 0 0 9 0 0 0 3 0 0 14 0 
0 0 0 0 0 0 33 0 0 0 0 0 0 12 0 0 16 19 0 0 0 0 31 0 0 95 0 0 77 0 6 20 0 37 0 0 0 0 0 0 0 0 0 90 0 0 11 0 0 0 84 21 0 0 0 0 0 79 0 0 78 0 0 79 0 0 0 0 0 0 0 0 0 0 39 29 0 0 0 0 0 70 0 0 0 0 89 0 0 25 0 26 0 0 0 0 17 0 0 0 
0 0 0 0 0 0 97 4 0 0 74 0 0 0 93 0 0 7 0 0 0 0 0 0 0 0 57 0 39 0 21 0 0 0 31 0 6 0 0 50 0 0 0 0 0 0 98 0 0 0 0 0 0 0 0 0 0 26 0 0 0 0 0 0 0 0 19 0 82 16 42 90 0 0 0 0 0 0 0 29 0 0 0 98 0 0 0 0 0 0 0 0 14 0 0 0 0 66 0 0 
