100
0 0 8 0 41 0 0 0 0 0 0 0 5 0 0 53 0 0 67 0 83 0 0 0 59 0 0 0 0 41 0 0 0 0 89 0 0 0 0 0 0 0 0 70 0 0 0 0 82 0 0 0 0 94 0 0 0 29 0 0 8 0 0 0 0 36 0 0 0 97 0 0 0 0 0 89 0 38 43 23 0 0 0 6 89 0 0 64 40 10 60 0 39 0 0 0 0 0 0 0 
88 0 0 0 0 82 86 0 0 0 0 32 0 20 40 0 0 92 0 0 36 8 0 0 0 0 56 26 0 0 0 83 0 0 0 0 0 0 0 0 0 0 0 0 0 0 33 0 0 0 17 0 0 0 93 0 0 0 0 16 0 0 15 0 57 0 0 0 0 0 0 36 0 0 0 24 0 0 0 0 0 0 0 0 0 68 0 0 51 0 0 0 0 0 0 0 0 0 0 0 
0 0 0 0 0 13 43 85 51 0 0 0 0 0 0 0 0 0 0 0 0 0 0 0 0 0 89 3 52 0 0 0 0 0 47 1 0 2 0 0 0 0 0 0 21 77 63 0 0 34 0 49 0 80 0 0 0 0 37 0 0 0 40 0 11 0 0 0 0 29 0 65 96 0 0 0 16 68 0 0 0 16 0 0 10 0 47 0 0 0 0 0 0 0 0 0 0 0 0 8 
0 28 37 0 35 0 0 0 0 0 0 0 47 0 97 0 0 0 0 75 0 0 0 79 0 0 98 0 0 0 0 0 0 0 0 0 33 0 35 0 0 0 0 0 0 12 0 0 0 0 0 0 0 15 0 0 65 70 0 0 0 0 33 0 0 47 0 0 90 0 76 0 0 0 0 0 90 0 15 0 0 0 0 79 0 0 0 0 0 0 0 0 0 0 0 0 0 0 0 0 
0 0 98 0 0 0 0 0 0 0 0 52 0 0 0 0 0 0 0 0 0 0 0 0 0 0 0 0 0 0 0 0 81 0 0 0 54 0 61 0 0 0 0 0 64 0 0 0 0 0 0 0 34 0 0 94 0 0 0 47 0 0 0 0 46 0 0 67 6 0 0 0 0 47 0 0 0 0 0 0 0 55 0 0 75 0 0 0 95 4 25 85 0 11 0 10 0 0 69 0 
0 0 0 31 0 0 62 0 0 0 0 0 0 0 82 0 0 0 0 0 19 0 0 0 27 0 0 0 0 0 0 79 91 0 0 0 0 0 3 0 0 0 0 0 0 61 0 0 63 15 0 0 0 0 0 0 0 0 0 0 26 0 0 0 0 0 0 0 0 75 0 0 85 0 0 6 58 0 0 0 0 0 0 76 45 0 55 12 0 0 0 0 0 0 0 54 74 0 0 0 
0 0 0 0 0 0 0 0 0 0 0 0 0 0 89 41 0 0 0 0 0 0 0 0 74 0 0 0 0 0 40 0 0 0 63 0 87 0 0 0 0 0 15 63 0 42 0 0 84 12 0 0 0 0 0 0 0 0 0 0 0 0 0 0 0 0 0 15 64 0 0 68 0 0 0 0 31 0 35 0 0 5 93 0 0 33 0 0 0 0 0 54 0 0 0 0 0 0 0 0 
0 0 0 80 0 0 0 0 76 23 5 63 0 0 0 0 0 0 0 0 0 0 0 0 0 0 0 0 0 0 0 0 0 0 0 0 0 16 54 0 0 0 70 1 0 0 0 80 90 17 0 0 0 0 0 0 0 63 0 0 0 7 0 0 0 0 0 0 0 0 0 38 0 47 0 23 17 72 99 94 77 0 0 0 0 0 0 89 0 0 0 0 0 0 0 72 0 51 0 0 
24 19 0 0 0 14 0 0 0 0 5 81 0 0 0 0 60 0 0 0 0 0 48 0 0 0 0 0 0 19 68 0 0 0 83 18 0 0 0 0 0 0 0 0 0 57 0 0 0 0 0 0 0 0 0 0 0 0 92 0 0 0 0 0 0 32 0 0 0 0 13 0 9 0 71 0 0 0 0 0 0 0 19 22 0 90 0 0 40 0 61 0 0 26 0 13 0 68 6 0 
57 0 0 0 0 0 0 0 0 0 33 7 73 39 29 25 0 0 0 89 0 0 0 0 0 0 99 0 57 0 5 0 0 0 57 32 21 93 0 40 0 0 0 0 0 83 41 0 37 0 73 75 0 16 0 0 53 0 0 0 0 0 0 87 0 0 89 0 83 0 0 0 0 0 0 32 0 0 0 2 22 0 0 0 0 0 0 0 0 0 0 0 0 34 0 29 0 30 75 0 
0 0 0 0 0 0 0 0 0 0 0 7 0 37 0 0 0 0 0 0 0 0 63 0 0 0 0 0 0 0 0 0 76 62 0 0 0 12 0 0 0 0 0 0 0 0 0 0 0 0 0 0 0 0 0 18 0 0 97 0 0 0 0 0 0 0 0 0 0 0 0 0 0 0 43 0 0 0 0 0 0 0 0 0 0 0 0 63 50 21 86 0 0 0 0 0 0 0 0 0 
99 0 3 47 0 0 12 0 0 0 0 0 0 0 0 0 0 0 59 82 22 0 0 0 0 0 90 0 69 86 0 10 77 0 0 0 68 67 23 0 0 0 0 0 0 0 0 74 0 0 0 0 0 0 25 0 0 44 79 37 33 0 0 0 64 0 17 0 59 0 6 0 0 0 85 0 0 0 20 0 0 0 0 0 0 0 0 0 61 0 0 0 0 0 55 0 0 0 0 0 
0 2 0 0 0 0 0 18 85 0 0 89 0 0 0 67 0 13 0 88 0 0 56 0 0 36 0 0 23 0 19 23 0 0 57 77 0 85 0 0 0 0 0 0 0 0 81 0 45 25 0 0 0 91 0 0 0 0 0 0 0 0 0 32 0 27 38 27 0 68 0 0 0 26 0 0 0 0 0 11 55 0 98 0 0 0 0 88 0 0 1 0 0 38 20 0 11 1 0 0 
0 0 22 87 0 43 13 0 0 0 0 83 74 0 0 0 0 0 0 0 0 0 0 0 29 0 96 64 0 0 64 0 86 0 0 0 75 0 0 0 46 0 0 0 38 0 0 0 0 0 0 0 0 0 65 4 0 0 45 0 0 0 0 74 0 0 0 57 0 0 0 0 0 92 0 0 0 92 0 0 0 0 0 0 0 0 0 0 0 0 61 0 0 0 0 35 0 36 0 0 
0 0 0 0 0 0 0 52 23 0 22 81 29 0 0 0 31 0 0 0 0 0 26 0 0 0 0 13 0 65 75 0 0 0 0 0 77 59 0 0 0 15 0 0 0 99 0 0 0 0 90 0 0 54 50 0 60 0 0 0 0 0 0 0 0 71 0 0 15 0 0 0 0 0 0 0 0 0 0 62 0 70 0 37 0 0 13 0 13 0 0 0 0 99 0 0 0 9 98 0 
0 0 0 76 25 0 0 0 59 0 0 45 0 0 0 0 0 22 43 0 0 0 0 0 0 0 0 0 0 0 0 0 0 0 0 0 0 89 60 71 0 0 71 39 84 0 0 0 25 84 0 0 0 30 0 0 97 0 0 0 0 0 98 0 0 87 0 0 7 0 0 0 89 18 0 0 0 0 0 0 0 0 0 2 0 0 0 0 0 0 82 0 0 94 0 90 0 0 0 0 
0 57 0 0 0 52 0 20 0 0 64 58 0 0 0 0 0 0 14 0 0 0 0 0 0 0 94 0 0 0 0 0 91 0 0 0 0 24 34 0 0 0 0 0 45 0 0 0 82 0 0 0 0 0 0 94 0 26 21 0 0 0 0 0 87 17 7 0 0 0 0 50 0 0 0 0 0 0 0 0 0 0 0 0 0 0 0 0 0 2 86 0 58 0 0 59 2 0 76 0 
0 0 59 0 0 0 0 0 79 0 0 0 0 0 0 0 0 0 0 0 0 0 35 0 0 76 0 0 0 0 0 79 0 0 83 0 0 75 0 0 0 0 0 0 0 77 0 28 0 0 0 82 0 0 0 0 0 0 0 0 0 0 0 84 91 0 0 0 59 0 0 38 89 0 0 0 32 0 0 0 0 0 0 49 0 51 0 0 0 0 0 0 0 0 0 0 80 0 0 0 
0 15 0 0 0 0 0 0 0 0 0 0 0 0 27 0 0 0 0 37 50 0 0 0 29 0 4 92 0 0 0 67 0 1 1 0 33 0 0 0 6 0 0 0 81 0 0 0 0 0 0 39 0 0 0 0 69 0 0 0 10 61 16 0 57 39 0 0 0 0 0 0 70 0 0 66 0 0 0 0 0 0 0 0 41 0 0 0 0 34 91 48 0 0 0 17 0 48 0 0 
0 0 0 0 0 0 22 0 0 0 0 0 0 84 0 0 0 0 0 0 0 0 0 0 0 0 80 23 59 0 15 72 9 0 0 62 0 0 0 0 0 0 0 85 0 0 0 0 0 0 0 77 0 0 21 0 21 0 38 90 37 0 0 0 0 51 0 0 85 0 0 0 0 94 0 0 33 0 0 71 0 0 0 72 0 0 0 0 51 0 29 0 0 72 0 59 18 52 0 0 
0 0 0 0 50 0 0 0 0 0 0 0 0 0 98 0 0 0 0 0 0 0 25 0 0 13 0 30 0 0 0 54 0 50 0 0 0 0 0 0 61 0 3 0 43 5 0 0 0 70 0 0 0 0 0 0 97 0 0 41 0 76 0 42 0 0 0 91 37 0 0 0 0 0 29 0 0 0 0 0 0 0 0 0 99 0 0 0 0 0 0 0 0 0 0 14 0 34 47 0 
0 0 0 0 62 0 0 0 0 0 41 53 0 38 96 0 82 0 64 0 81 0 79 0 0 0 0 0 0 0 0 0 91 31 0 91 0 71 34 0 27 0 0 0 0 98 37 34 0 43 0 0 0 63 0 33 0 0 0 0 0 0 0 7 0 0 0 4 0 0 0 0 0 0 52 0 0 46 0 0 0 0 0 23 0 0 0 0 59 0 0 0 0 0 0 0 0 9 0 54 
0 0 84 87 0 62 0 0 0 0 0 57 0 50 0 0 0 0 0 94 0 0 0 0 0 0 93 0 0 77 0 0 91 0 0 0 0 0 0 0 0 0 0 0 0 13 0 0 0 92 0 28 0 6 0 0 0 0 0 0 0 0 0 76 87 0 39 0 0 0 0 0 0 24 0 0 0 0 0 0 0 0 0 0 0 12 75 0 63 0 0 0 30 0 0 73 97 0 0 0 
0 0 0 0 0 0 0 0 0 0 83 0 14 0 0 0 83 0 0 12 0 46 0 0 0 0 0 0 0 0 0 0 5 0 0 0 0 0 0 0 0 0 0 0 11 0 0 0 0 0 0 0 87 0 0 0 0 0 0 0 0 14 47 0 95 0 0 0 0 0 0 38 40 0 0 0 0 0 0 0 0 94 0 0 0 0 0 21 0 0 0 0 0 0 11 0 0 0 86 0 
0 10 0 9 0 0 0 0 0 0 0 91 22 0 0 0 45 57 0 0 0 18 79 0 0 88 0 37 0 0 55 27 0 0 73 0 91 0 0 0 20 0 0 0 91 0 0 0 0 99 90 0 0 0 0 0 86 0 0 84 17 0 0 0 0 15 0 0 0 0 0 0 96 0 0 51 0 0 0 0 40 0 42 0 0 0 0 11 0 0 61 90 0 0 0 0 73 0 91 2 
29 0 0 0 30 0 0 42 8 0 83 88 0 9 41 8 0 0 0 93 0 1 0 0 0 0 0 0 0 0 0 26 38 27 0 0 0 96 92 33 0 0 82 0 78 0 0 0 0 0 0 0 0 8 0 0 0 0 0 0 0 0 0 86 0 0 0 0 0 0 0 18 25 0 0 0 79 0 0 0 0 0 0 54 79 0 0 0 0 0 52 0 7 0 0 0 14 0 0 47 
91 0 0 0 0 37 0 0 0 0 0 0 48 0 18 0 0 0 0 0 0 0 0 0 76 0 0 0 0 23 48 0 0 0 80 0 0 0 0 0 0 40 0 85 49 0 0 0 0 0 0 0 0 56 0 0 0 9 0 9 0 0 0 0 0 0 19 24 88 49 84 0 0 0 57 31 0 0 0 0 10 28 0 0 0 0 78 0 0 0 0 0 0 0 58 94 79 0 0 0 
19 0 0 0 0 0 0 8 0 57 0 0 0 0 0 17 0 0 0 0 0 0 0 83 0 0 0 0 1 0 0 84 0 0 0 0 0 0 0 0 63 0 0 63 0 58 0 0 0 0 0 0 0 0 0 0 12 0 0 1 0 0 0 0 0 0 0 35 0 0 0 69 62 0 60 0 0 0 0 0 79 0 3 0 0 0 32 0 66 0 26 92 66 0 0 63 57 71 0 63 
0 97 0 40 0 0 29 0 0 0 11 0 0 0 80 0 0 0 0 0 0 0 0 0 10 0 0 0 0 0 0 0 0 0 0 10 0 0 0 0 39 0 0 0 0 0 10 0 0 0 0 27 44 0 0 0 0 0 0 0 0 0 0 0 29 0 0 0 35 19 83 0 0 0 64 0 46 0 0 0 0 0 0 0 0 0 52 30 0 0 0 0 84 0 0 4 0 0 0 51 
0 0 0 70 0 0 0 68 0 12 0 0 0 0 0 0 78 0 0 0 57 0 0 0 0 0 0 0 0 0 0 59 0 0 0 17 0 0 0 0 0 0 91 0 0 87 19 0 0 0 0 72 0 0 25 0 0 23 0 0 0 0 0 10 92 79 0 0 43 0 0 0 0 0 0 0 15 0 55 95 0 0 0 0 0 8 0 0 0 0 59 39 0 6 0 0 69 0 0 0 
28 0 24 85 0 81 0 0 0 0 0 0 0 0 0 95 0 0 40 0 0 0 0 45 0 69 0 0 0 0 0 0 0 0 0 0 43 0 95 0 3 0 27 0 0 0 0 0 0 17 87 0 16 0 0 0 0 16 53 57 0 0 20 0 0 0 96 0 0 0 0 0 0 0 0 0 50 0 0 0 0 0 0 65 0 65 0 0 0 0 0 0 32 0 0 0 5 0 0 0 
0 0 0 14 0 0 0 0 0 0 0 0 0 89 0 0 19 0 0 0 0 0 50 67 0 0 0 0 56 0 10 0 0 63 0 25 0 0 0 0 0 92 63 0 0 12 13 0 0 0 0 0 6 0 0 47 0 78 25 87 95 0 0 0 0 0 0 97 0 0 0 0 0 0 0 0 0 0 40 0 90 0 0 29 0 94 0 0 0 65 0 0 78 0 17 11 0 93 85 0 
0 0 96 0 0 0 0 32 0 74 0 0 0 0 0 0 0 69 0 0 0 0 0 0 0 0 81 0 35 0 0 0 0 0 0 0 0 0 0 0 0 0 0 98 21 0 0 82 0 0 0 0 0 0 28 95 0 0 76 0 0 0 0 0 0 41 0 26 0 31 0 0 0 67 0 0 0 0 0 0 0 0 0 0 0 0 0 0 0 0 0 0 21 34 0 48 0 0 0 0 
0 37 0 0 0 0 0 27 0 0 0 0 0 62 0 0 0 0 0 0 0 0 0 0 0 0 0 0 99 0 86 0 31 0 48 58 0 21 80 79 0 0 0 0 22 0 21 0 0 0 0 0 0 0 47 91 33 0 6 0 0 0 5 0 33 0 0 0 0 0 0 0 0 0 24 0 0 0 58 0 0 0 34 0 56 0 0 17 0 0 0 0 42 69 0 0 34 34 16 11 
0 47 0 0 65 19 0 0 0 0 4 0 0 0 0 0 0 0 0 8 0 0 0 0 0 45 0 40 73 0 0 0 0 0 0 0 9 0 87 0 0 0 12 0 0 0 0 25 0 0 0 0 0 0 0 0 96 85 0 0 10 0 0 47 0 0 26 0 0 0 0 0 0 74 0 0 0 0 17 0 0 0 48 0 0 0 0 0 0 0 46 0 0 96 0 0 0 0 0 46 
0 62 0 0 0 78 0 11 0 0 0 0 0 0 0 0 0 0 0 0 0 0 0 45 9 0 91 0 0 0 57 0 78 0 0 0 85 0 22 0 0 0 0 0 0 0 0 0 46 0 0 0 0 20 0 0 0 0 0 0 0 0 0 46 6 35 0 0 0 0 0 8 0 0 0 0 0 0 0 0 0 23 22 0 0 0 0 46 0 0 38 0 0 0 17 0 0 0 0 0 
0 0 0 0 0 0 0 0 0 0 0 0 0 0 0 0 44 0 0 0 0 66 71 0 0 0 8 0 0 0 0 0 0 75 0 0 0 94 0 0 0 80 0 0 0 0 0 0 0 0 0 0 0 86 0 0 0 0 0 0 55 50 74 0 0 0 0 29 0 0 0 0 1 0 88 0 0 0 17 0 0 53 0 0 70 61 0 0 0 0 0 49 0 46 0 92 0 0 0 62 
0 96 0 0 0 59 0 0 1 0 0 0 0 28 0 0 0 0 13 0 0 0 12 0 7 0 22 88 4 65 24 0 93 0 0 92 0 0 0 0 90 0 0 0 0 0 0 70 4 0 0 92 0 41 0 0 0 0 17 0 0 78 0 0 83 34 0 0 0 0 0 0 19 0 2 54 0 0 90 0 0 0 0 0 0 0 45 0 0 14 0 0 0 0 0 0 0 0 0 0 
0 0 0 0 0 0 0 0 0 0 0 0 0 0 0 0 0 0 0 0 0 0 47 0 70 0 0 0 16 39 0 59 62 0 0 0 0 18 0 0 85 86 0 0 0 0 0 0 37 44 0 0 0 0 47 0 0 0 0 0 0 90 0 0 0 0 24 0 0 0 0 0 0 88 0 61 1 0 0 0 0 81 0 0 0 0 17 0 0 0 0 0 63 0 0 0 60 0 0 0 
0 0 30 0 94 0 40 0 0 0 85 0 0 29 0 0 0 0 0 60 0 78 0 51 24 0 0 0 0 0 0 0 3 0 0 12 95 0 0 0 0 63 46 0 0 0 45 0 0 0 0 0 36 0 0 0 0 0 0 0 0 0 0 0 0 0 0 0 0 50 0 0 0 42 0 0 0 0 79 0 0 0 0 0 0 0 0 0 0 0 0 0 0 0 0 83 0 0 81 0 
0 0 0 48 0 0 0 0 0 53 41 80 0 0 0 0 33 88 0 0 0 0 0 76 0 52 56 0 0 0 0 83 0 0 0 0 0 0 0 0 0 18 0 0 0 0 61 0 0 73 0 0 0 0 29 0 0 0 0 0 0 0 0 58 0 79 0 80 0 0 36 0 90 0 44 0 0 0 0 0 34 0 0 0 80 0 86 0 0 0 96 28 0 14 0 0 0 0 0 0 
0 0 0 0 5 0 95 0 82 0 0 0 0 59 0 0 0 0 0 0 0 0 0 10 0 68 0 0 0 0 54 0 0 2 0 0 0 0 0 0 0 0 0 0 62 0 42 0 0 25 0 0 0 0 98 0 0 91 97 0 0 73 20 0 0 0 0 0 0 0 0 0 0 0 0 0 92 70 0 0 0 68 67 21 6 0 0 0 0 0 0 0 0 0 0 0 0 0 0 0 
0 0 8 0 0 0 0 0 0 0 44 0 8 0 0 0 12 1 39 77 0 23 0 0 0 0 41 74 0 0 0 0 28 40 0 0 0 59 0 0 0 38 0 0 0 0 29 9 0 0 0 0 0 74 63 0 0 0 0 0 0 0 11 20 0 0 0 0 0 6 10 0 82 0 0 0 0 0 24 0 0 0 63 0 67 0 0 0 0 0 0 0 0 0 0 1 33 77 84 98 
0 0 39 0 0 0 0 0 56 0 98 0 13 0 38 0 0 98 0 0 0 0 0 0 0 95 0 0 0 0 93 38 0 45 56 35 0 0 0 0 0 0 0 0 0 82 0 83 65 63 0 0 0 1 0 24 0 0 0 26 0 0 0 0 82 0 0 0 0 0 0 11 0 19 0 47 0 93 39 0 0 0 0 0 0 0 0 0 0 0 0 0 32 0 0 0 85 0 0 0 
48 0 0 33 0 43 0 0 0 0 0 0 0 0 14 0 0 0 0 0 0 0 0 0 0 0 0 0 0 0 0 9 0 0 0 0 0 62 0 0 0 0 0 0 0 0 0 45 0 54 0 54 0 79 0 0 0 0 30 0 0 8 3 0 59 19 0 0 0 0 0 0 0 84 76 0 84 39 0 0 96 0 0 79 0 84 0 0 47 0 73 0 0 0 0 0 89 0 0 0 
11 0 0 0 0 0 0 0 0 0 70 0 94 57 0 0 25 0 79 0 0 0 0 0 0 0 0 0 0 0 0 0 0 0 0 0 0 75 0 0 50 0 55 0 0 0 0 0 0 0 0 0 0 0 69 0 0 0 3 36 70 0 0 0 0 48 58 0 0 43 0 0 0 0 0 0 0 20 0 0 21 9 2 20 0 0 89 0 0 51 0 0 12 0 30 0 0 0 0 0 
0 0 0 0 0 0 0 0 81 0 0 0 0 0 0 0 0 0 0 0 0 0 0 0 2 0 0 0 0 0 86 0 35 0 0 0 48 90 0 0 0 0 0 74 0 0 0 0 0 96 0 0 0 0 50 0 0 0 0 0 0 0 0 0 41 67 33 0 0 0 0 0 0 0 0 0 94 0 35 0 73 0 0 48 41 12 81 18 0 47 50 0 0 0 0 21 0 0 0 45 
0 0 0 0 0 0 25 0 13 77 97 0 0 0 47 0 0 0 0 26 54 0 0 22 17 23 64 93 0 0 0 38 0 0 0 0 65 0 0 0 0 69 0 0 0 52 0 0 0 0 0 0 0 0 0 0 0 41 0 0 27 0 0 0 0 86 24 0 0 0 0 0 0 0 0 0 95 0 0 0 0 54 0 0 41 0 0 0 0 6 0 0 0 0 0 0 0 53 80 0 
0 0 0 97 89 0 0 0 15 0 43 0 0 50 63 0 0 83 99 0 0 0 66 0 81 56 0 0 0 75 86 51 0 57 0 0 0 0 0 93 0 93 17 0 55 0 40 48 0 0 0 0 0 0 0 79 0 7 0 0 0 0 0 0 76 47 0 95 0 0 0 61 0 0 0 38 0 0 45 98 7 0 0 0 0 0 0 0 0 0 0 0 0 0 0 0 22 0 0 0 
73 68 0 0 18 0 0 0 0 20 0 0 0 0 0 0 0 60 0 0 0 0 0 0 0 0 92 0 82 0 0 0 47 0 0 0 0 16 0 22 0 0 64 0 0 0 0 0 0 0 0 0 0 0 0 0 17 0 0 0 0 89 0 0 66 34 0 76 0 0 0 49 0 0 0 0 0 0 76 18 0 74 46 0 0 0 0 0 0 0 0 0 0 0 0 0 0 0 0 0 
0 0 59 7 62 13 0 0 0 0 0 0 0 0 0 0 53 0 0 0 0 59 0 0 0 0 0 16 0 10 0 84 0 0 0 64 0 0 0 0 0 0 0 0 0 82 52 0 0 0 0 0 0 76 0 0 98 0 44 0 0 0 33 0 0 0 0 0 0 57 0 0 0 0 0 0 0 0 41 24 0 97 64 0 0 0 0 0 0 0 0 59 56 0 0 0 0 0 89 0 
63 0 0 0 0 0 51 0 0 0 0 0 63 0 0 40 0 0 0 0 0 0 0 0 0 0 0 0 0 0 85 0 78 0 0 0 12 0 92 0 64 0 0 0 0 0 80 0 0 0 79 0 0 5 75 0 0 0 0 0 0 0 0 0 50 0 40 0 0 0 0 0 0 0 0 0 71 56 0 0 60 0 0 0 62 0 0 5 0 0 0 0 0 0 0 0 42 0 0 0 
0 12 15 0 0 0 72 0 30 8 0 76 0 0 0 60 68 0 0 0 0 0 57 0 68 0 0 70 0 0 0 0 0 35 0 90 72 0 0 0 0 0 11 46 55 0 31 78 0 86 26 89 0 0 0 0 0 90 0 0 0 0 0 0 31 0 0 0 0 0 0 0 0 0 0 0 0 0 0 0 0 0 0 0 0 0 0 6 0 0 0 0 18 0 0 0 0 0 0 0 
0 0 0 0 32 61 62 0 0 0 1 0 0 16 0 0 82 0 97 0 0 0 0 0 0 0 0 0 20 0 58 0 0 0 0 0 0 0 0 81 0 52 0 0 0 3 0 0 0 0 0 0 0 0 0 0 0 0 44 0 98 0 0 92 7 0 21 39 0 0 0 0 0 0 0 0 0 0 0 90 0 0 0 0 0 0 0 63 61 0 0 0 56 0 0 0 19 62 3 0 
88 0 11 0 0 55 0 0 0 27 0 0 0 0 0 0 97 0 0 0 0 0 46 65 0 0 0 69 0 0 0 13 0 0 0 0 38 34 0 0 0 0 0 0 5 0 0 0 0 0 54 0 0 58 0 0 0 0 0 0 0 0 0 0 49 0 0 0 5 0 98 0 0 0 75 66 87 0 0 85 4 0 78 0 0 96 0 0 0 0 0 0 0 0 0 0 0 45 0 0 
0 0 0 0 0 0 0 0 0 93 0 0 48 0 7 0 0 0 6 0 0 0 0 17 0 0 0 0 54 65 0 0 0 0 0 73 0 8 14 0 0 0 0 0 0 0 5 51 0 0 0 0 0 57 0 0 0 15 75 0 0 0 0 20 0 30 96 16 0 0 21 87 0 0 30 35 0 0 0 0 0 0 0 51 0 0 0 0 77 0 80 0 45 26 0 0 0 76 0 0 
12 20 0 0 0 0 80 0 0 0 45 0 0 0 0 0 0 0 0 0 0 0 15 0 0 0 0 0 35 0 0 0 0 0 0 42 0 0 0 0 36 35 42 0 83 0 0 0 0 0 0 0 0 0 0 0 0 21 27 0 69 0 0 32 0 0 5 0 0 0 8 0 0 0 0 0 0 18 0 0 0 55 0 0 0 60 0 0 0 0 0 0 0 49 0 53 63 0 0 1 
0 69 0 0 87 0 20 0 50 0 0 0 67 0 0 69 0 0 83 0 0 0 0 46 0 0 0 0 0 0 0 0 0 35 0 0 0 96 0 0 0 0 0 0 0 0 0 0 0 69 0 6 0 6 2 0 0 0 98 2 0 0 0 35 0 66 0 19 88 1 0 0 0 0 0 0 18 0 0 0 0 0 25 0 39 96 0 34 0 38 0 0 0 0 0 79 56 0 7 0 
0 45 0 0 0 0 0 0 0 19 0 0 72 0 83 0 0 0 16 0 0 0 0 47 14 0 0 0 0 0 0 0 0 0 0 0 28 0 9 0 0 0 0 0 0 0 77 0 0 0 0 88 0 0 43 0 0 0 0 39 17 0 76 0 0 0 0 0 0 0 95 0 0 96 0 0 0 0 0 0 54 9 0 16 72 0 0 53 0 37 21 0 57 37 0 94 0 68 3 0 
0 0 0 0 0 0 0 0 43 5 65 0 0 0 0 0 0 16 20 0 0 0 77 85 0 35 0 0 19 0 0 0 0 0 68 20 0 33 0 54 0 0 0 0 0 0 23 8 0 0 0 0 0 80 0 0 0 0 0 0 0 0 0 87 54 51 0 0 0 0 0 62 0 0 0 93 0 12 0 0 0 0 0 0 93 0 0 0 1 0 0 0 0 0 0 24 0 0 0 0 
0 0 0 83 96 0 8 45 21 0 0 0 0 86 0 0 0 0 0 0 0 86 0 0 0 0 82 29 0 0 0 0 0 0 0 0 0 0 0 60 73 0 0 28 68 0 0 0 0 0 9 0 0 0 0 0 0 24 0 0 0 0 0 0 0 0 0 10 0 0 97 5 0 0 0 26 0 0 0 0 0 56 0 55 0 0 74 0 0 66 0 51 27 0 0 0 50 0 0 0 
0 0 0 0 0 88 0 0 0 39 43 86 0 0 0 0 56 17 0 0 0 18 0 0 0 0 65 0 0 0 0 0 0 0 0 0 0 0 0 0 0 0 21 0 0 0 20 0 0 0 2 0 3 0 0 0 30 0 0 0 58 0 0 0 0 0 99 11 14 0 0 0 0 0 9 0 72 0 0 0 0 0 0 0 3 0 0 0 0 0 0 0 0 0 0 0 0 64 0 0 
69 0 0 0 0 0 98 74 60 12 39 0 74 11 0 0 34 98 0 66 0 0 0 0 54 0 51 0 0 47 0 0 0 0 0 0 0 45 0 7 55 0 0 0 0 45 21 0 61 0 0 53 0 0 0 0 56 0 0 0 34 0 0 0 0 0 74 0 0 0 0 0 31 0 0 0 0 51 71 42 0 96 0 0 0 50 0 0 0 43 60 0 0 18 0 0 0 0 0 0 
0 0 98 0 62 0 0 0 0 0 46 0 0 0 83 0 0 0 0 0 0 0 0 0 0 0 4 95 0 0 0 57 0 0 0 0 62 0 0 0 0 0 0 0 0 13 0 0 0 0 0 70 0 0 0 0 0 0 0 0 0 69 84 0 0 35 0 76 53 29 0 0 2 0 0 0 0 0 0 0 0 0 0 0 99 64 0 0 80 0 0 0 0 0 0 29 0 0 11 47 
0 0 0 0 0 0 0 0 0 0 0 0 89 0 6 27 0 0 0 0 51 72 0 0 0 0 0 0 0 0 0 92 22 0 0 0 0 0 0 0 0 33 0 0 0 0 0 0 0 0 0 0 0 0 0 0 31 0 85 0 0 0 57 0 0 54 0 25 0 0 0 0 0 0 0 0 0 0 0 0 0 0 0 0 57 0 0 0 0 0 0 15 57 0 0 0 0 68 0 80 
0 43 0 0 0 8 42 3 0 38 0 0 0 31 0 0 0 0 0 0 76 83 0 0 0 94 0 22 0 0 0 0 0 0 0 0 0 0 55 0 0 0 0 0 0 0 0 0 0 0 0 29 0 9 94 0 0 0 0 0 9 0 0 0 0 0 0 0 0 0 23 0 86 0 85 0 0 0 0 0 0 0 0 0 0 0 0 50 0 82 66 0 13 0 0 88 0 0 0 80 
70 0 0 0 0 0 0 38 26 0 80 0 0 0 0 0 0 0 43 0 83 0 0 88 0 0 0 0 0 0 0 23 63 12 0 0 0 0 0 0 38 0 68 0 0 0 0 0 0 2 0 0 0 0 97 0 0 0 13 0 91 0 0 0 7 70 0 11 0 0 0 49 0 0 0 0 0 0 0 0 0 0 37 0 0 0 53 0 0 0 0 0 0 0 0 0 0 15 0 0 
42 25 0 50 0 85 0 92 0 0 0 0 0 0 45 47 27 29 84 67 0 0 6 0 31 0 0 0 0 0 0 0 0 27 0 0 0 0 0 0 0 0 0 74 0 0 0 0 0 0 0 94 44 0 0 0 0 0 0 72 0 0 72 0 0 0 0 0 0 0 65 0 0 0 0 1 0 73 0 54 85 0 0 76 95 0 0 0 0 0 89 0 0 0 0 53 0 21 89 0 
0 53 0 0 0 0 0 1 0 0 0 0 0 0 0 0 0 0 36 0 0 32 0 0 0 44 0 0 0 0 0 65 46 23 0 57 66 39 33 43 81 18 0 4 0 0 29 0 0 0 0 19 0 0 0 0 0 0 0 44 0 0 0 0 0 0 0 0 0 6 25 0 0 0 0 0 0 0 44 0 0 0 0 0 0 0 0 0 0 0 0 0 0 0 25 0 0 0 0 4 
0 0 0 0 0 0 0 3 12 0 59 0 0 3 0 0 97 0 0 0 0 25 70 0 0 0 0 48 0 0 4 0 0 0 4 0 0 0 0 0 0 23 0 1 64 0 22 0 0 0 0 0 0 13 0 0 0 0 0 0 0 0 0 0 0 0 0 0 0 0 0 0 0 0 0 54 0 0 0 0 7 0 94 5 0 0 0 0 0 0 35 0 0 70 0 78 95 24 0 0 
0 87 0 0 0 0 0 0 0 0 92 0 0 52 0 58 0 90 0 0 0 0 0 28 0 0 0 14 0 0 0 22 0 0 0 0 26 0 0 0 0 0 0 0 0 37 22 90 12 22 0 40 29 0 0 0 0 30 0 96 0 0 0 0 0 0 84 0 0 47 0 0 0 0 0 0 0 0 75 0 0 0 0 0 14 0 0 0 85 0 0 0 0 0 0 0 0 0 0 0 
0 0 0 0 4 75 0 0 0 0 0 0 0 0 0 0 0 0 53 0 76 0 0 0 0 0 58 0 0 0 0 0 69 0 0 0 0 0 52 0 0 0 0 0 0 0 0 63 0 0 97 0 0 4 0 0 0 71 0 0 0 0 80 0 34 90 0 42 0 62 0 0 0 0 0 0 0 0 0 0 0 23 12 0 0 7 0 0 0 0 0 0 0 0 0 26 0 0 0 0 
0 0 0 0 0 0 0 0 0 0 0 79 15 0 0 0 65 0 0 50 0 62 94 0 0 0 0 0 14 0 0 0 0 0 0 0 0 0 0 0 0 0 0 0 0 0 4 0 0 25 52 0 59 0 22 0 0 38 21 0 39 0 0 0 8 0 0 0 69 5 0 0 0 0 0 0 0 35 82 0 0 5 0 0 0 0 0 95 16 0 16 0 61 0 0 0 0 80 0 0 
0 38 82 70 0 85 0 0 0 8 0 0 0 0 0 0 0 0 0 0 0 20 0 0 0 0 0 0 0 0 0 0 0 0 0 0 0 0 0 0 0 30 0 0 0 0 0 0 0 83 0 0 0 94 0 53 0 0 0 0 0 0 0 34 0 58 0 0 0 0 0 0 0 0 0 0 0 0 17 0 0 59 0 71 0 38 0 0 59 0 0 0 0 0 0 0 8 0 0 0 
77 0 0 0 0 29 0 0 0 61 0 0 0 0 0 25 0 28 0 0 0 0 0 0 0 0 0 0 0 5 0 70 8 0 2 40 0 0 46 0 0 0 52 56 0 0 0 0 0 0 0 0 0 18 0 0 0 0 83 0 90 0 36 0 0 0 0 70 0 0 0 17 23 0 0 49 0 37 0 0 0 70 0 0 0 0 0 48 0 38 64 10 0 0 60 90 0 0 0 0 
0 0 0 0 0 0 0 0 0 0 80 0 0 0 0 0 0 0 0 0 0 34 0 0 0 82 0 44 0 0 63 75 74 53 0 0 0 0 0 0 0 0 15 0 0 0 48 0 0 0 0 0 49 58 0 0 0 31 0 0 0 41 0 0 0 91 31 0 0 0 0 30 83 36 0 0 67 57 0 0 44 53 0 0 0 0 0 0 7 0 27 0 0 0 36 0 0 45 0 64 
0 0 0 0 0 0 0 0 0 0 0 34 0 34 0 0 0 0 0 0 0 16 0 0 0 0 69 0 0 0 0 7 0 0 58 0 0 0 0 6 0 0 0 0 0 0 0 0 88 0 0 0 0 0 0 71 64 0 0 0 1 0 0 0 0 0 32 0 0 97 0 0 3 0 0 0 0 0 0 0 0 0 0 72 0 0 0 65 49 0 0 68 0 0 0 0 0 0 8 0 
0 78 0 44 0 0 85 0 45 0 0 0 68 0 0 0 55 0 0 0 0 0 0 8 0 13 0 98 37 0 0 83 30 36 26 68 0 99 0 0 0 0 0 0 0 0 65 98 0 0 0 0 6 78 0 0 0 81 55 0 0 0 0 0 0 0 30 0 0 0 0 24 0 45 0 0 0 0 0 0 63 0 0 0 0 0 0 0 0 0 38 0 0 0 79 0 8 15 31 52 
0 2 0 0 0 0 0 0 0 0 0 0 69 0 0 63 90 38 0 92 0 96 71 0 0 0 0 0 84 0 35 0 48 0 0 0 0 0 34 0 0 98 0 0 90 0 0 55 0 0 0 64 0 0 0 0 74 0 0 0 3 54 0 0 76 43 0 0 0 0 0 89 0 0 0 53 89 0 0 0 77 0 0 0 0 0 0 0 0 0 0 0 0 0 0 0 0 18 0 0 
0 0 0 0 0 99 0 0 0 0 57 80 0 2 0 35 69 0 0 0 0 0 0 0 38 95 0 0 0 0 0 76 0 75 0 6 0 0 97 0 0 0 0 0 0 0 0 2 0 0 0 0 0 0 0 0 0 0 0 0 62 0 0 99 76 0 0 0 77 0 48 0 41 0 0 13 0 0 0 0 0 0 0 0 0 0 0 0 2 80 0 0 40 97 0 0 0 0 21 47 
0 0 0 0 0 0 75 0 94 0 0 0 0 0 0 0 0 0 9 0 0 67 0 0 0 0 0 0 45 0 0 0 0 0 95 31 0 0 0 0 0 0 0 81 0 0 0 22 0 0 63 0 96 0 0 5 0 0 0 0 0 0 93 0 29 0 87 0 0 0 0 25 0 26 0 0 10 0 0 11 0 0 0 29 0 0 0 0 0 2 0 0 81 0 0 0 0 0 0 29 
17 0 0 50 0 60 0 0 0 0 0 0 0 28 0 0 0 0 0 0 0 0 0 0 92 0 0 0 11 0 0 12 0 57 0 0 0 0 0 0 0 0 31 0 0 0 0 0 18 0 0 0 0 0 0 0 0 0 0 0 0 0 0 0 0 0 0 92 0 0 51 0 0 0 0 0 0 80 61 0 0 0 0 0 0 0 0 0 0 0 0 0 0 0 61 0 0 31 0 13 
13 97 98 0 0 0 0 19 0 0 58 0 0 70 58 35 0 81 73 91 0 0 0 74 0 71 0 0 0 0 94 0 0 0 0 0 0 0 0 0 15 0 0 0 0 0 32 0 83 0 0 0 0 0 0 0 83 0 0 0 53 33 0 0 23 94 0 15 0 0 0 0 0 0 0 98 28 0 0 0 82 0 0 0 0 0 0 0 45 74 0 0 82 0 38 0 0 0 0 0 
0 30 14 0 0 0 0 0 0 8 0 0 80 0 0 0 40 0 0 0 0 0 0 0 0 0 72 33 0 48 0 0 0 52 6 0 0 0 52 0 0 0 0 0 0 0 0 0 61 24 6 56 0 0 0 0 0 0 0 0 0 0 0 0 42 0 0 0 0 0 0 0 0 0 0 33 0 0 46 0 0 0 0 0 0 0 0 0 0 0 0 77 98 0 0 0 0 50 0 0 
0 0 0 65 0 0 0 0 34 0 0 17 36 0 0 61 0 0 0 0 0 0 0 0 0 0 71 0 0 64 0 0 0 0 52 0 0 0 0 87 0 0 0 0 0 0 0 0 0 48 0 0 50 0 0 0 0 0 0 0 0 0 0 0 0 33 80 0 0 0 0 0 41 59 4 0 0 0 0 9 0 0 0 52 0 0 23 0 0 0 60 0 90 0 89 0 34 0 0 62 
29 0 0 0 43 86 0 0 0 0 0 0 0 0 0 36 0 0 0 0 26 0 0 0 0 0 0 70 0 0 0 0 42 0 91 87 0 0 0 0 43 0 0 0 0 46 0 75 0 81 0 0 24 0 0 0 0 0 0 0 21 92 0 0 0 0 0 86 24 94 0 0 0 0 0 0 0 0 0 0 64 0 0 0 41 0 0 19 31 0 0 0 0 0 86 0 0 0 0 47 
0 0 0 0 0 0 0 50 0 0 49 0 0 75 0 0 12 64 13 0 0 0 0 0 0 0 0 0 0 0 13 0 0 0 74 52 70 0 0 0 0 50 0 0 0 0 0 0 14 0 51 0 0 33 0 40 0 60 62 69 0 54 0 0 0 18 0 12 0 0 0 0 16 0 0 0 0 0 91 0 0 80 0 0 0 0 0 0 0 58 0 0 0 0 0 0 0 12 11 0 
0 0 0 0 52 0 44 0 0 5 0 0 0 0 0 0 0 0 0 81 0 0 0 0 0 66 0 0 0 0 0 0 29 0 0 0 0 94 7 0 0 84 0 48 0 0 0 0 2 0 0 0 0 0 49 0 0 0 0 84 0 0 0 0 0 0 0 23 16 0 0 0 0 0 0 0 0 39 0 27 86 0 0 28 75 0 94 0 0 0 36 0 0 0 43 0 0 0 0 0 
0 0 0 39 0 0 0 0 0 0 0 0 0 0 0 79 0 9 2 0 7 0 0 55 0 0 0 0 0 0 37 0 0 0 0 0 0 0 0 8 44 0 0 0 0 41 0 32 0 0 3 0 0 0 0 0 8 0 0 0 0 0 0 0 0 0 0 22 47 0 0 91 0 0 0 0 0 69 0 0 49 0 0 0 0 0 0 0 0 60 0 0 0 0 0 0 0 0 0 0 
0 0 0 0 0 61 0 0 31 0 0 0 0 0 0 0 0 0 0 0 0 0 0 0 0 59 46 0 0 84 11 0 0 0 70 0 0 0 0 0 90 0 0 56 0 0 0 0 0 0 0 0 0 6 0 76 0 0 0 0 0 0 0 0 0 0 0 0 0 0 0 0 51 0 0 0 0 0 0 0 0 61 0 0 0 12 0 0 0 0 0 0 0 10 0 30 72 95 0 0 
0 0 0 0 0 0 0 5 0 30 0 0 0 0 0 0 0 84 0 0 0 0 0 0 0 0 98 0 0 0 0 0 0 3 0 0 65 0 0 60 0 0 0 23 0 0 0 0 0 0 65 0 0 0 0 0 31 0 0 0 0 60 0 0 58 0 51 0 0 0 0 0 0 0 0 0 78 0 35 0 0 29 0 0 0 76 0 0 6 0 0 91 0 0 5 0 76 25 0 0 
0 0 0 0 0 0 0 0 0 0 24 0 38 0 0 93 0 0 0 0 97 0 0 0 0 0 0 0 0 0 60 0 83 90 75 0 0 0 3 97 0 0 0 0 0 7 0 0 27 70 0 0 0 32 0 0 0 48 48 83 0 0 0 3 0 0 89 55 5 0 65 0 0 0 0 1 0 56 0 16 0 0 85 0 0 0 0 0 0 0 0 0 0 0 0 0 0 3 0 46 
0 0 16 23 0 0 46 0 0 45 0 3 0 0 0 0 0 0 0 0 0 0 0 91 0 0 0 0 0 0 0 0 0 0 0 0 32 0 0 0 0 67 0 0 0 0 0 11 0 0 0 25 0 0 94 0 0 0 0 0 0 61 65 14 0 0 0 62 26 15 0 0 0 0 0 20 30 22 0 0 0 76 0 0 0 0 0 0 0 35 0 0 0 0 7 0 0 13 0 0 
0 0 0 99 0 40 55 0 0 0 16 0 0 80 0 0 69 0 0 0 32 0 0 0 0 0 0 0 87 0 0 0 0 0 0 20 0 21 31 0 0 8 17 29 0 0 47 0 26 0 76 0 0 0 82 0 0 0 0 0 0 0 0 0 0 18 91 0 5 0 0 0 21 0 0 0 0 35 0 0 83 15 0 0 0 7 0 0 0 0 0 26 0 0 0 0 85 0 53 0 
0 0 0 6 26 4 0 94 0 0 0 0 0 0 95 91 0 0 0 0 1 94 0 0 0 0 0 59 0 81 0 0 0 0 0 0 0 70 0 0 0 0 0 41 0 0 0 8 0 6 0 56 0 84 0 0 4 0 0 0 0 99 0 35 0 0 24 66 0 3 0 0 0 71 0 0 17 0 0 10 0 0 0 46 0 0 0 0 0 0 0 4 0 0 0 0 0 0 0 0 
0 0 71 60 0 0 58 0 0 0 0 36 82 0 0 0 0 9 0 0 0 0 0 0 0 72 0 0 0 39 0 0 0 0 0 0 0 0 83 0 0 0 0 64 0 0 0 78 0 0 0 0 0 0 0 0 0 0 0 0 0 0 50 0 0 0 98 0 64 0 0 0 0 0 0 56 19 0 0 0 88 0 0 0 36 0 0 0 35 0 0 0 0 0 82 0 84 66 0 0 
0 0 0 74 0 0 0 11 0 0 0 0 0 33 0 0 0 0 0 0 0 41 0 58 0 0 0 0 0 0 0 0 0 0 0 0 92 31 0 0 86 0 0 0 0 0 0 0 0 20 55 0 0 0 0 0 0 0 59 0 0 17 0 0 0 0 0 0 0 0 0 0 42 0 48 0 0 0 72 0 0 0 0 0 0 0 49 0 59 0 0 0 90 0 0 0 0 0 45 0 
15 53 0 24 0 94 0 0 0 0 20 17 0 0 0 0 0 0 0 0 0 0 83 0 0 83 0 0 0 37 0 0 0 0 0 5 0 0 0 44 0 3 0 88 0 53 0 0 0 20 0 0 0 0 0 0 65 0 0 0 84 0 57 0 0 26 0 0 0 0 0 0 0 38 2 0 0 0 0 57 0 0 0 0 0 83 0 26 0 0 0 0 0 0 0 0 78 0 0 0 
0 0 0 0 0 44 0 0 0 0 71 63 0 65 0 0 0 0 0 0 0 80 0 0 0 0 0 0 0 0 0 0 88 0 0 39 0 46 0 0 0 68 0 0 0 0 45 0 0 31 0 0 0 0 0 63 0 0 0 30 46 13 0 0 56 0 0 0 0 0 49 0 0 0 60 0 0 0 39 0 0 0 0 0 0 0 0 0 0 0 86 0 0 0 0 5 0 0 0 7 
0 3 0 0 0 65 0 0 0 0 0 0 84 0 0 43 0 0 0 0 0 0 92 0 0 0 0 0 0 0 0 30 0 0 0 22 0 0 86 0 0 1 0 15 0 4 0 0 0 0 39 0 93 0 0 0 0 0 0 42 93 0 43 0 0 0 0 0 0 0 0 0 0 0 0 0 0 0 0 0 0 0 0 9 0 0 39 0 90 0 14 0 0 17 2 13 98 25 0 0 
