100
0 0 0 23 23 7 52 0 40 1 67 0 0 0 0 0 0 0 41 0 97 41 97 0 93 18 0 0 0 72 10 0 0 30 37 43 78 0 79 0 0 3 0 50 0 0 0 0 0 28 64 0 0 9 88 24 92 0 0 0 0 0 21 0 74 76 38 0 42 0 0 0 11 23 0 0 9 0 0 0 0 0 7 0 82 26 46 95 17 0 93 0 0 10 7 10 0 31 0 81 
73 0 64 90 0 86 0 8 40 40 60 4 53 0 97 58 0 0 0 27 53 0 0 62 87 0 0 0 61 88 92 28 0 0 0 38 36 0 89 0 90 83 50 0 2 93 0 0 0 0 0 0 56 21 77 24 0 54 63 0 2 0 0 0 0 0 3 0 97 0 0 0 0 21 10 0 0 76 0 0 43 0 52 26 44 5 0 0 60 0 0 0 69 0 27 0 78 39 88 0 
23 0 0 0 93 49 0 0 82 0 0 7 0 0 29 0 0 35 59 0 92 0 84 0 15 0 52 67 84 38 17 93 0 0 96 11 0 10 0 30 0 19 95 83 99 90 0 99 0 6 98 71 0 58 97 0 46 12 0 60 0 24 0 30 0 0 15 0 0 0 0 59 0 32 99 0 0 68 0 0 41 75 47 0 87 11 47 50 18 42 58 29 0 0 35 82 0 0 0 0 
0 0 97 0 88 0 0 70 0 0 22 0 51 30 0 88 82 0 62 0 0 0 17 51 27 78 0 0 0 0 0 10 37 20 93 54 96 40 0 98 46 59 5 0 0 63 4 0 21 0 0 30 0 49 43 0 46 0 0 62 0 0 0 0 0 0 0 0 74 0 94 25 0 30 28 0 0 0 0 95 36 27 53 0 0 0 21 67 73 11 47 0 32 0 85 0 0 64 29 0 
0 37 0 0 0 0 0 0 92 24 0 0 55 0 11 35 31 37 84 0 0 0 0 0 0 97 21 62 0 0 39 35 0 0 0 0 0 0 49 29 0 80 54 0 0 0 0 20 0 0 92 17 59 78 5 38 0 0 0 0 0 0 8 0 79 97 24 0 3 0 0 36 0 9 0 56 0 0 0 0 19 0 0 0 68 81 95 82 24 0 25 0 0 0 91 0 16 97 0 52 
0 0 0 43 71 0 0 66 57 41 12 0 29 0 22 20 0 34 23 0 52 45 0 0 0 0 0 0 0 0 0 98 84 0 0 0 85 0 33 1 0 0 7 0 10 0 41 18 0 97 23 56 8 50 58 0 0 60 0 35 0 29 0 0 0 0 0 21 0 85 0 88 48 29 0 0 0 40 67 57 0 31 14 34 57 94 0 0 0 41 0 14 67 0 0 60 84 3 90 0 
0 99 79 56 55 84 0 67 0 73 0 0 0 68 0 0 0 0 0 0 0 0 0 0 0 93 0 50 0 41 0 68 0 0 88 83 91 15 0 0 0 86 0 0 0 0 0 0 7 97 0 0 86 0 0 9 20 0 0 0 84 76 99 92 89 0 0 47 0 0 0 30 0 0 0 47 0 23 46 79 0 25 55 93 0 75 14 10 49 63 56 0 95 15 77 80 18 0 26 59 
30 0 10 0 76 0 0 0 67 0 55 0 0 0 56 44 96 80 27 0 0 89 18 0 0 0 4 0 0 41 0 59 10 0 99 17 0 0 0 35 47 0 10 0 23 45 10 0 0 81 69 0 0 17 87 0 0 78 0 0 0 0 0 46 68 99 0 4 0 87 48 0 0 0 0 0 34 44 48 0 0 94 0 30 70 0 0 0 97 22 0 45 0 0 0 62 0 32 16 0 
0 0 0 56 0 0 51 0 0 49 22 66 0 15 25 0 0 27 88 45 0 76 0 82 0 0 67 0 0 0 0 6 85 0 32 0 0 0 0 0 35 35 64 0 0 0 0 59 0 52 1 0 0 97 0 22 38 30 35 41 42 0 0 75 9 0 78 0 0 0 77 0 6 74 0 1 7 0 0 0 0 0 0 98 0 0 0 64 20 0 0 43 26 0 14 0 13 0 34 0 
0 0 89 47 0 0 0 97 0 0 0 0 0 0 49 81 20 89 23 97 62 81 0 0 45 98 0 0 68 0 0 28 0 97 0 0 0 0 62 30 87 0 20 84 80 0 1 91 0 21 63 99 21 37 4 0 0 61 41 79 0 0 96 0 0 43 5 89 0 15 23 87 80 0 0 0 33 56 0 0 0 80 0 86 0 0 91 0 0 59 85 0 0 88 94 4 0 60 0 74 
0 0 90 0 64 0 96 0 0 21 0 0 47 0 10 0 98 89 0 0 67 73 95 0 90 61 0 0 89 0 0 44 0 0 85 31 7 0 0 0 0 95 44 0 86 0 31 5 0 1 36 0 73 11 15 0 0 0 0 97 30 0 0 57 40 18 0 0 0 0 41 0 0 0 0 8 0 25 41 0 0 0 0 4 0 10 0 73 0 0 0 0 0 9 0 0 0 0 90 0 
29 0 0 72 66 11 3 41 0 63 79 0 56 0 0 51 0 8 0 41 0 94 0 0 0 71 39 0 0 68 0 59 0 0 0 0 13 42 83 10 72 22 0 99 90 0 76 0 0 75 0 0 0 0 0 28 51 0 69 64 86 45 0 97 41 42 51 0 38 0 72 0 83 53 20 0 2 0 0 46 0 0 0 25 36 78 36 0 0 0 63 48 0 0 19 76 70 16 27 0 
90 0 31 0 0 0 37 57 74 57 0 0 0 75 20 0 9 38 0 98 39 0 64 0 0 0 34 84 0 0 0 53 0 14 74 0 23 97 56 0 52 0 0 0 0 75 79 0 88 0 67 53 0 0 0 48 91 58 89 0 0 0 59 10 0 0 93 50 0 31 4 7 0 0 0 0 0 0 0 0 30 0 58 5 4 18 0 0 0 0 80 0 0 0 0 0 32 21 78 27 
51 64 60 0 69 97 0 74 0 64 91 67 0 0 0 65 0 0 0 38 0 32 67 34 0 0 0 0 57 0 84 0 0 81 86 0 0 91 26 59 0 0 0 83 8 55 0 0 38 0 0 0 13 0 0 28 21 58 92 42 29 95 27 40 34 52 0 0 18 58 12 0 0 61 0 55 0 13 41 0 0 0 69 30 62 0 65 65 23 34 0 0 83 27 0 0 0 62 14 0 
6 0 0 3 0 0 93 0 0 0 0 95 0 57 0 0 0 0 0 0 69 58 0 0 20 0 14 0 94 22 71 27 0 0 44 54 0 0 46 0 0 68 0 69 0 44 0 11 53 92 24 0 36 83 0 72 0 6 48 26 0 0 0 27 36 0 0 68 53 19 0 86 0 55 52 14 0 0 0 43 0 26 89 76 0 15 12 0 93 3 86 7 41 59 98 90 0 44 48 0 
84 0 40 0 0 0 10 0 97 0 57 0 32 0 27 0 0 50 0 0 13 0 0 0 83 33 56 19 71 1 88 0 0 67 73 62 86 0 80 0 0 0 95 0 22 0 0 0 78 0 83 97 0 47 94 0 71 49 0 8 0 0 0 31 0 0 61 93 94 34 0 26 53 0 0 48 0 39 0 41 23 0 15 0 41 85 37 0 0 14 0 0 91 0 0 0 0 0 84 51 
51 16 94 0 0 85 64 0 82 0 0 64 0 73 15 61 0 13 0 0 92 45 72 0 29 0 47 0 0 0 13 25 0 0 48 13 85 72 0 66 30 0 70 81 45 0 0 0 87 54 73 59 0 0 0 18 0 0 13 0 0 6 0 0 0 0 0 77 44 0 40 19 52 41 0 0 0 0 0 66 6 55 0 44 75 0 0 0 0 39 0 35 0 23 77 95 0 81 0 0 
1 22 0 36 0 0 1 0 0 0 0 0 0 11 42 0 0 0 0 74 95 22 55 81 18 0 35 0 2 47 0 97 0 8 0 0 0 0 0 0 99 0 22 15 49 91 29 0 0 33 0 13 0 99 11 0 0 0 0 19 76 0 0 2 0 0 0 92 0 0 97 34 0 0 52 19 0 56 0 63 0 31 0 34 22 0 78 72 5 56 0 0 0 0 0 0 42 0 0 25 
0 50 0 0 0 0 74 0 0 0 44 75 64 52 17 11 10 50 0 68 13 84 78 98 6 0 25 0 20 0 37 0 35 0 0 48 43 61 0 47 0 16 0 86 0 80 65 0 0 0 0 12 0 0 0 6 5 0 0 0 0 72 13 0 0 0 0 24 50 0 48 36 44 94 0 0 0 97 0 45 83 0 15 0 7 0 0 0 26 0 5 0 0 37 34 0 92 0 0 0 
22 0 40 79 40 15 9 71 0 0 66 0 0 0 56 3 37 0 0 0 64 0 0 1 82 0 57 0 30 59 78 32 0 75 0 51 0 0 0 31 0 46 49 0 0 0 72 0 0 0 78 0 0 0 3 0 90 2 46 0 0 66 0 0 0 20 79 0 0 35 83 29 91 46 13 0 30 0 0 0 66 0 0 8 62 0 8 0 67 8 0 73 78 54 0 0 3 0 72 18 
0 0 0 78 39 0 32 44 61 0 0 87 0 43 0 0 0 0 0 0 0 56 0 79 0 21 48 0 16 25 0 77 0 48 52 83 18 0 51 74 0 0 59 1 68 0 15 0 83 0 96 20 51 0 0 0 0 26 49 0 42 49 90 0 0 76 0 92 4 2 52 0 0 0 84 91 1 0 47 23 0 0 38 0 0 40 92 0 83 0 35 6 33 0 0 57 12 0 34 0 
0 93 27 14 56 0 14 0 0 0 0 0 63 0 0 72 0 0 0 88 0 0 16 0 0 80 0 42 4 19 0 0 80 0 0 13 0 24 65 39 0 8 0 95 89 0 0 0 0 0 70 0 0 0 0 65 18 73 0 0 0 32 36 0 0 16 65 22 0 0 14 0 0 0 43 59 0 0 76 0 0 0 11 5 93 0 68 45 0 99 26 87 76 0 42 0 0 6 23 79 
0 1 0 0 55 10 28 0 97 95 0 30 0 0 71 95 0 0 0 10 19 0 0 0 0 0 0 94 64 88 77 0 98 0 88 0 69 0 10 84 0 62 0 30 46 0 0 0 44 0 0 0 86 39 79 0 0 0 0 78 0 35 0 0 16 50 0 0 0 82 0 0 6 69 0 65 0 77 0 47 0 95 85 18 0 96 78 0 57 0 0 0 0 83 0 7 27 0 0 16 
12 0 4 0 51 19 41 65 0 79 39 82 36 0 97 40 93 0 0 0 0 67 49 0 0 0 8 79 29 30 0 0 0 62 0 0 78 0 0 33 0 71 3 66 0 0 10 0 26 0 0 0 29 0 60 75 27 4 0 48 36 97 55 0 27 0 23 8 30 0 0 0 0 53 87 15 96 0 37 15 0 5 0 0 0 88 6 0 90 0 43 0 48 0 72 86 0 53 0 0 
0 0 0 0 27 39 5 58 29 0 0 52 11 80 0 0 0 0 0 0 58 13 22 41 0 0 0 95 0 0 35 56 67 0 91 50 57 75 0 0 53 57 51 0 0 0 80 37 0 0 37 1 0 0 0 0 0 65 0 61 0 95 0 6 0 82 19 99 0 23 19 28 0 0 0 0 0 67 0 0 0 16 79 9 50 0 89 0 0 0 0 76 0 62 0 5 0 40 0 80 
0 69 93 0 0 76 0 30 32 0 0 0 16 17 51 0 80 71 90 1 0 0 67 49 36 0 0 0 0 72 0 29 5 0 0 33 0 0 54 0 0 4 0 0 25 0 0 28 97 0 0 68 0 20 46 55 51 79 0 0 73 0 0 90 0 14 73 54 11 20 0 0 0 0 33 0 0 57 0 59 32 97 0 0 0 3 50 24 14 54 49 17 3 64 0 28 83 0 0 0 
13 44 0 17 0 13 30 0 0 58 58 0 0 76 0 0 0 0 0 0 0 47 46 0 12 28 0 0 9 99 9 0 0 0 0 0 0 0 0 0 0 0 31 0 0 41 73 0 0 8 0 0 49 93 0 0 81 67 0 5 0 7 0 0 0 0 81 0 0 14 66 14 70 70 0 36 0 41 0 68 0 54 62 0 0 0 0 78 0 0 0 0 0 22 97 88 0 98 73 0 
36 4 0 88 0 60 0 29 73 66 50 24 0 86 4 0 1 70 82 63 78 0 0 0 0 86 32 0 0 0 73 0 0 10 0 51 0 0 0 86 0 0 15 0 77 0 22 0 0 64 75 29 63 31 2 51 0 0 62 0 97 0 17 0 36 0 54 15 0 0 73 67 0 5 0 36 74 0 62 0 0 81 13 0 74 0 0 0 95 8 0 0 79 0 0 0 66 0 0 57 
39 0 0 82 54 6 1 5 62 0 0 64 73 0 0 0 65 0 0 0 0 0 0 0 58 35 0 95 0 0 0 0 11 0 1 0 51 42 0 41 0 0 23 0 89 50 0 0 0 0 87 0 0 96 0 27 0 0 0 0 43 61 0 0 0 0 52 0 0 0 0 0 0 0 56 41 0 0 0 54 35 74 10 76 52 0 0 19 84 12 69 0 0 65 7 22 69 0 0 0 
0 0 0 67 13 13 0 0 90 70 14 0 35 97 0 0 95 0 85 0 0 0 0 0 37 0 0 83 5 0 3 0 56 0 22 0 88 0 31 53 0 60 60 65 51 0 0 0 0 35 88 0 72 2 14 94 0 50 23 48 0 9 0 0 0 0 2 0 25 84 44 0 0 0 31 18 0 44 0 0 19 36 0 11 0 0 45 56 0 39 54 0 0 0 0 58 0 0 63 0 
0 0 0 67 0 82 32 30 35 48 43 68 73 0 0 0 0 36 0 0 82 83 0 13 0 61 0 0 16 0 0 0 0 0 58 0 0 79 9 73 65 7 16 0 84 0 0 0 0 41 0 0 60 0 72 58 24 21 0 0 88 16 20 0 0 0 0 0 33 23 0 73 0 0 65 0 55 0 0 44 0 56 0 0 50 0 0 0 0 0 0 8 0 0 0 87 40 23 0 92 
41 0 0 0 0 0 0 0 0 0 0 0 0 51 0 93 0 0 13 0 0 19 53 92 0 0 43 6 33 98 88 0 97 0 67 61 32 99 26 13 40 0 0 0 59 96 0 45 0 0 94 45 0 9 0 47 51 21 62 40 84 0 23 0 0 32 0 22 0 77 55 73 50 0 20 0 47 0 33 0 0 0 8 53 93 28 14 0 53 57 64 0 0 0 0 0 0 56 0 0 
73 62 45 0 6 0 28 0 0 60 42 91 2 87 30 6 45 78 0 75 17 0 0 17 0 0 15 77 0 0 10 0 0 94 87 0 0 0 19 0 0 0 0 54 89 34 0 0 84 0 40 77 0 68 0 0 45 18 30 0 17 0 0 0 16 87 77 0 0 0 0 20 84 20 88 4 98 0 91 72 0 68 0 0 0 48 0 96 87 0 0 91 0 70 92 95 2 8 77 88 
0 14 90 0 61 88 18 70 79 0 37 5 0 0 72 0 50 0 53 0 0 88 4 0 20 68 93 0 85 49 38 45 0 0 0 0 84 59 0 0 0 0 67 64 0 21 0 43 79 0 0 0 57 0 0 51 0 84 76 0 0 50 81 44 0 0 63 0 25 0 0 60 0 84 0 0 0 0 47 19 0 0 63 0 58 0 22 51 0 0 52 99 99 0 0 0 0 0 0 0 
0 53 0 0 74 24 0 0 0 13 0 92 0 0 0 0 0 88 12 63 0 78 0 22 0 44 84 74 0 0 0 0 0 30 0 17 24 71 3 68 0 76 82 20 0 0 86 0 0 0 0 0 0 0 0 0 0 55 50 0 0 1 1 0 8 14 88 22 0 93 4 36 93 0 0 0 0 11 85 0 0 25 29 0 42 0 0 35 0 56 31 87 33 0 0 5 0 78 0 0 
0 0 0 0 25 59 0 0 38 57 0 92 51 86 0 0 0 2 0 0 0 0 34 22 0 0 48 0 73 34 9 0 36 8 0 0 0 46 39 40 0 22 0 25 46 21 10 70 41 66 43 0 79 99 40 36 0 0 73 42 0 0 55 37 36 87 14 71 0 0 40 4 0 0 0 0 0 26 77 55 0 40 67 0 30 64 83 69 0 0 0 51 49 0 0 10 23 96 0 0 
0 0 69 0 77 0 0 63 42 95 0 0 0 22 7 0 0 7 0 31 0 80 0 0 0 87 52 32 0 0 11 0 33 0 0 38 0 0 0 18 0 7 0 18 51 0 3 0 0 63 0 37 0 0 60 0 0 55 90 0 0 0 33 0 0 94 0 95 0 0 0 55 0 84 0 35 0 0 0 0 67 88 0 0 0 0 0 97 0 11 86 65 0 17 60 15 24 67 0 0 
99 31 0 0 89 55 0 92 85 29 59 0 0 0 56 83 0 22 0 40 21 0 97 95 0 89 8 31 0 75 0 0 88 0 0 0 50 0 75 0 32 0 57 0 0 39 0 67 0 0 0 7 45 66 52 0 0 10 88 70 30 4 0 70 0 42 75 0 0 7 76 44 49 0 0 0 0 17 0 0 0 23 9 32 0 0 0 0 20 9 0 21 0 0 0 0 0 0 80 0 
0 0 35 81 0 0 2 83 7 0 55 0 0 0 0 0 74 77 98 77 0 0 0 64 45 0 62 90 35 0 0 0 0 42 0 0 26 0 0 24 22 13 0 0 7 0 71 0 61 0 0 0 19 0 0 0 0 96 0 26 0 19 65 12 48 17 21 0 0 0 68 0 0 0 0 0 8 0 0 23 0 0 17 0 0 0 0 0 0 0 59 0 0 0 70 75 80 13 56 0 
26 2 0 0 0 0 17 0 69 0 87 0 59 0 53 80 0 85 0 0 0 0 0 0 8 62 35 0 0 0 0 0 41 68 0 0 0 30 0 0 0 77 0 63 86 0 55 31 0 67 0 47 0 36 53 0 85 0 0 64 0 40 0 98 58 64 0 0 0 0 0 89 21 0 32 18 90 57 9 0 50 55 72 1 0 0 0 1 0 43 11 54 0 14 0 49 0 0 0 2 
52 0 66 0 21 43 51 0 0 0 6 0 0 32 13 99 0 0 79 82 62 52 92 78 0 32 43 4 38 59 0 0 10 83 95 31 6 0 0 1 0 0 81 0 0 0 0 57 0 62 75 0 0 0 0 88 0 0 32 13 34 19 54 0 0 0 0 53 2 0 0 0 5 0 0 0 59 0 16 0 0 69 35 0 32 0 62 80 0 74 0 8 0 0 0 0 47 17 33 3 
0 0 0 0 0 83 0 70 0 31 0 0 31 61 0 51 57 50 0 0 53 0 0 0 0 0 92 66 99 0 0 19 40 72 0 0 0 59 0 0 65 0 0 0 6 27 0 0 40 0 0 0 0 0 0 92 0 46 0 0 0 33 0 0 0 0 41 14 4 57 88 42 5 0 71 0 51 27 50 0 91 0 32 86 0 0 86 59 0 63 0 85 38 0 0 0 0 0 78 44 
12 0 0 0 0 0 36 0 0 0 0 65 14 22 5 0 0 0 58 0 0 32 6 0 0 24 0 0 0 0 0 15 81 0 0 75 75 0 69 66 0 83 0 25 0 0 0 0 0 25 35 71 0 56 0 0 0 4 0 0 0 36 0 0 33 0 97 31 85 14 50 90 74 88 12 0 0 0 0 0 0 0 0 22 10 0 2 16 96 89 53 0 0 0 0 21 0 42 0 0 
0 86 0 79 26 63 24 41 55 0 42 0 84 0 0 49 0 0 0 40 0 0 0 0 40 57 72 1 34 0 25 88 0 0 0 0 0 21 95 0 83 24 0 0 24 0 9 0 0 0 60 0 27 77 50 10 51 0 17 0 0 78 0 76 0 47 0 42 0 66 0 43 0 70 0 0 0 52 0 0 0 0 60 66 71 0 50 74 0 49 92 0 34 0 0 33 26 22 44 72 
39 0 0 43 84 0 88 0 14 0 0 0 19 0 90 0 0 0 43 67 0 0 0 21 18 0 22 0 0 0 0 0 0 16 47 0 0 16 0 0 86 0 73 0 0 0 0 0 73 0 0 2 0 0 14 0 43 90 89 0 0 0 60 26 0 27 0 0 0 0 0 51 0 0 82 76 20 94 0 32 66 0 0 0 0 0 33 0 0 0 0 0 89 0 0 0 32 65 0 14 
15 0 0 0 94 52 77 0 95 70 95 73 0 0 0 40 54 0 0 91 97 50 49 9 93 7 0 45 0 32 82 0 0 0 44 0 65 0 40 90 33 0 56 73 20 0 53 92 0 0 94 0 87 62 48 0 0 0 2 0 86 0 0 0 42 0 52 0 0 6 69 42 0 0 65 0 24 0 0 0 30 0 5 85 38 58 0 0 85 0 28 83 66 0 80 0 0 14 23 0 
76 77 40 0 31 0 91 0 68 0 0 0 0 29 94 32 31 0 0 0 0 90 42 0 0 30 0 0 99 76 7 73 19 66 0 0 0 56 0 0 68 17 53 0 83 0 0 0 35 43 0 13 0 37 0 55 0 77 0 47 0 0 12 0 48 47 0 13 46 36 40 11 0 68 50 82 43 27 0 74 0 0 8 86 25 0 0 71 80 0 0 84 84 0 47 1 38 0 8 0 
99 53 0 83 0 0 53 17 0 0 0 31 63 9 0 17 79 12 20 64 10 65 45 32 0 0 90 26 68 37 90 0 14 0 97 0 79 0 16 0 0 89 1 66 57 0 63 0 0 96 54 0 0 87 0 1 75 12 96 0 3 83 43 0 0 54 0 0 80 0 0 79 23 0 0 0 0 53 0 43 0 52 0 0 79 26 69 40 45 0 0 0 64 65 26 0 36 57 0 0 
93 23 33 0 95 23 0 43 42 52 26 88 0 0 0 0 0 19 49 52 0 1 0 0 90 0 90 53 48 16 96 95 0 0 21 0 71 93 0 61 23 0 91 47 0 67 0 3 0 61 0 0 61 0 56 0 66 0 0 0 40 0 66 54 0 0 0 90 0 0 79 38 0 95 37 0 77 89 0 27 0 94 0 0 80 1 0 0 40 3 0 0 85 12 48 0 97 0 72 0 
0 19 0 96 6 0 0 0 0 0 0 0 93 66 0 65 0 0 93 1 57 96 41 71 54 22 0 0 45 0 0 11 89 68 11 0 0 47 95 0 0 68 0 54 34 16 0 0 0 0 2 0 0 0 26 0 0 41 0 55 0 7 54 99 0 27 0 18 0 56 21 59 69 56 0 91 9 53 32 0 42 0 32 0 23 90 90 0 20 0 87 52 33 81 99 0 0 0 0 44 
0 18 0 3 0 0 81 0 0 0 0 87 0 24 0 0 0 13 10 0 0 0 13 43 0 74 39 0 0 0 85 0 0 28 71 0 43 45 34 87 0 3 0 0 47 0 63 0 3 0 0 0 16 94 82 66 42 34 0 0 0 0 18 0 65 0 34 2 41 78 0 0 35 6 0 94 35 34 0 8 90 35 0 0 0 0 44 57 0 94 0 0 0 0 0 69 0 0 10 0 
31 45 0 0 0 0 38 9 94 0 71 71 0 29 86 0 0 0 0 57 0 30 77 31 0 0 64 0 3 40 65 0 0 12 70 77 0 0 18 0 75 88 0 86 0 1 0 81 22 12 81 0 0 0 85 0 82 50 4 0 0 0 0 0 0 9 0 50 0 37 0 0 30 55 0 0 95 93 77 43 0 0 89 0 67 81 0 14 0 0 88 0 69 0 54 0 89 91 0 0 
68 0 80 61 0 0 0 44 4 0 0 17 28 0 0 78 33 45 5 41 0 55 0 0 38 38 0 0 68 0 0 63 18 0 36 0 61 0 0 43 89 7 79 0 95 0 7 97 0 1 0 98 0 0 63 0 97 76 0 0 0 0 0 77 0 34 12 42 0 0 0 0 0 59 70 40 0 82 0 65 81 86 0 0 15 3 0 80 31 0 15 89 72 0 0 75 59 0 0 15 
0 0 0 0 0 0 72 0 0 0 0 32 80 36 0 0 62 0 14 69 87 16 0 61 30 0 0 0 0 0 24 0 0 99 93 0 17 0 98 0 3 17 0 0 62 0 0 0 43 48 0 33 15 0 0 0 0 0 0 58 88 0 0 9 49 81 58 4 37 0 76 72 57 97 45 13 65 0 0 0 26 24 0 0 0 0 21 75 85 0 0 0 0 0 48 19 0 89 0 0 
0 0 0 0 0 0 48 0 92 0 0 61 49 19 95 0 94 0 63 0 25 68 0 0 4 0 20 0 71 0 0 6 36 70 97 0 0 0 77 0 82 1 68 0 0 0 54 57 0 0 0 0 0 9 0 25 0 0 0 87 0 0 12 27 0 0 19 0 26 85 72 96 0 0 16 60 21 70 0 1 0 83 4 0 0 0 83 0 0 0 0 63 90 0 0 95 43 51 0 0 
0 0 43 88 0 57 0 78 0 66 40 0 0 0 0 25 0 49 0 7 54 0 88 0 91 0 21 0 0 0 0 0 8 0 52 0 54 78 84 53 0 0 38 0 82 52 0 0 22 22 0 43 27 65 0 0 0 83 0 0 0 0 23 0 0 0 0 70 0 8 24 0 0 0 80 0 40 48 9 75 21 0 0 80 80 97 0 88 0 0 63 29 87 52 82 38 89 0 8 0 
0 12 0 0 31 29 0 52 0 12 76 0 0 0 88 0 32 6 0 0 47 0 40 0 46 0 0 2 47 33 0 0 0 59 33 62 61 43 99 0 23 24 53 0 0 4 49 0 0 8 0 0 0 74 18 81 0 74 0 0 8 0 0 0 0 0 24 0 73 0 21 0 68 35 0 0 0 0 0 69 0 81 0 48 0 63 0 0 0 60 1 24 0 7 0 0 44 0 43 0 
65 0 0 3 46 0 54 0 0 0 32 78 0 0 0 0 7 68 18 0 0 0 75 0 0 0 0 19 90 0 0 0 0 0 0 63 0 0 0 81 68 0 0 48 0 6 0 0 91 0 0 0 0 72 94 0 0 0 0 0 0 0 0 0 4 6 4 0 9 66 44 0 39 0 56 0 40 0 0 10 68 0 0 19 0 0 15 98 45 55 46 0 0 61 0 0 0 59 0 42 
57 0 82 98 54 60 42 74 0 0 80 0 0 0 0 91 0 30 42 0 0 20 68 88 72 34 98 0 12 0 9 0 0 0 0 0 0 0 27 11 0 65 24 0 0 0 62 0 68 76 13 0 57 86 77 86 58 5 0 18 0 63 10 70 0 0 0 0 0 75 68 94 14 70 34 0 0 93 0 82 68 19 84 16 83 0 48 0 0 65 35 0 0 0 0 36 64 85 22 61 
81 2 0 0 27 0 3 95 0 0 0 0 81 0 0 0 17 0 47 91 56 7 0 0 0 46 0 62 4 0 72 0 83 29 37 0 49 0 0 0 0 43 73 88 21 73 0 97 23 0 9 37 94 0 0 89 32 19 0 0 27 65 0 0 0 79 0 0 0 0 0 72 0 0 77 0 0 0 53 8 66 37 99 38 54 53 0 0 34 40 50 98 13 0 78 0 0 4 0 2 
14 0 43 86 58 64 0 9 0 81 0 0 40 0 91 15 6 0 75 33 0 59 59 0 88 0 7 0 0 16 0 0 0 57 74 71 63 0 30 93 0 55 66 78 37 0 74 0 0 85 45 88 20 0 29 11 0 92 35 0 0 0 0 0 52 88 27 6 0 0 95 10 99 98 74 0 40 0 39 0 0 0 58 0 0 47 73 0 10 10 0 83 20 0 55 0 0 66 84 61 
26 75 0 27 37 0 0 23 58 12 21 0 68 0 80 81 0 73 0 0 0 0 0 0 0 1 0 18 0 0 0 55 4 0 0 6 89 0 0 0 0 0 0 0 96 75 5 0 48 0 75 27 27 56 59 49 70 36 0 0 2 0 28 0 0 0 64 0 0 38 50 0 0 1 0 59 0 0 34 30 98 0 67 71 0 0 50 31 0 0 33 0 0 38 0 48 29 0 0 21 
0 88 71 3 0 37 0 39 20 0 39 34 0 0 67 5 74 98 0 71 0 0 2 0 84 38 64 0 74 14 0 0 81 0 0 0 0 5 0 96 0 7 6 92 0 6 0 0 0 0 0 54 11 34 0 0 53 62 0 41 44 0 0 0 0 0 0 94 0 0 86 0 0 64 40 0 0 29 0 0 0 94 97 0 0 67 2 40 0 86 3 87 0 0 59 76 2 3 73 69 
57 69 0 67 65 4 0 0 0 49 0 0 0 0 0 0 5 0 13 82 47 84 82 8 0 0 49 81 97 77 40 53 91 0 69 0 33 0 0 0 3 92 50 0 0 90 98 60 0 0 11 30 0 0 0 78 85 34 0 15 56 92 88 0 70 0 0 0 7 76 69 55 0 0 52 49 7 48 29 0 99 0 78 0 39 0 95 15 0 12 0 0 96 0 9 0 37 0 0 0 
0 57 91 80 0 8 0 0 0 63 0 0 4 0 0 18 4 69 16 28 62 35 0 0 45 71 80 0 22 91 47 92 0 62 0 0 84 94 0 0 39 14 0 84 83 0 0 84 17 7 0 37 11 0 77 75 6 0 8 91 0 94 42 0 0 39 0 1 0 29 32 0 0 6 0 0 0 0 0 0 0 88 20 0 38 0 0 98 23 0 65 9 99 56 13 79 0 0 11 0 
0 8 54 18 0 35 63 0 45 0 0 0 74 0 62 77 68 92 14 0 0 0 0 99 0 0 12 13 78 56 63 0 0 19 0 0 0 0 0 0 35 96 70 0 0 64 0 0 11 0 84 0 0 0 83 18 35 0 88 0 0 77 50 10 0 0 39 0 0 0 0 0 30 0 92 0 46 93 0 0 0 0 0 44 65 42 0 31 69 79 0 7 0 51 0 0 89 29 0 87 
0 0 0 44 0 67 53 6 0 0 55 0 0 28 35 0 74 14 14 0 52 0 73 0 0 0 0 0 0 0 30 30 0 0 0 0 40 0 0 28 8 0 0 53 26 0 39 77 48 15 0 89 0 0 0 41 0 0 42 27 0 0 78 99 74 0 0 0 0 0 0 0 0 0 0 0 31 0 0 0 26 0 71 0 90 0 0 30 0 0 0 7 69 0 0 93 2 0 0 0 
11 41 59 74 40 0 0 0 1 0 34 80 0 88 0 0 0 0 0 24 0 0 78 0 0 0 7 0 5 82 18 0 90 46 0 0 0 80 44 93 0 0 0 0 7 51 0 92 0 0 0 0 0 0 27 0 87 32 96 92 0 28 0 34 0 73 3 0 21 46 36 0 49 0 0 0 0 0 95 3 0 22 0 0 0 0 0 0 33 0 59 54 6 0 33 72 0 63 83 0 
0 0 27 0 0 71 83 79 84 18 20 0 26 0 0 0 0 82 0 82 0 93 93 0 49 0 65 69 83 0 0 22 83 0 34 24 38 94 94 29 0 0 0 87 97 77 0 0 19 87 0 20 45 0 0 76 0 0 86 77 44 11 12 0 42 72 54 0 0 61 0 81 0 86 0 0 0 0 0 87 0 87 65 88 0 71 52 0 59 80 0 0 14 0 10 0 0 91 0 0 
21 56 73 70 88 0 78 0 50 0 16 96 0 0 0 0 91 93 20 0 0 77 0 8 0 0 0 63 55 0 0 0 50 30 0 31 5 0 23 3 74 0 0 0 90 0 0 96 26 0 0 0 4 58 0 0 75 0 0 76 95 0 26 0 0 16 48 0 0 0 2 0 84 0 35 0 11 22 0 0 0 0 0 0 97 96 0 23 76 75 0 0 53 0 87 6 0 0 18 17 
58 20 8 0 8 73 94 0 0 0 0 0 0 0 24 69 0 0 0 0 0 0 33 42 0 19 0 0 90 0 52 0 96 86 0 0 53 0 0 15 99 0 0 82 37 0 0 75 0 0 96 34 82 0 0 0 0 0 0 31 0 0 0 0 0 29 90 0 51 0 0 38 0 0 0 0 0 26 0 92 53 0 0 95 57 17 0 0 27 0 0 58 0 0 81 82 0 46 30 5 
75 53 0 0 0 0 0 48 98 0 57 23 0 91 0 0 0 0 0 0 82 20 17 71 0 37 0 0 49 39 0 0 0 0 0 0 0 0 26 0 92 0 0 0 0 0 0 0 0 0 35 68 59 0 0 57 77 57 0 0 0 96 80 0 20 93 10 49 0 53 0 0 98 71 0 0 15 31 0 65 0 0 0 16 50 0 45 65 55 78 44 0 0 32 86 0 0 63 0 10 
0 37 50 76 59 0 20 6 0 0 45 0 22 56 57 0 0 55 0 0 37 60 0 65 1 61 0 76 89 58 93 0 0 58 0 40 66 0 18 0 0 0 0 57 18 98 25 0 1 0 0 0 45 0 38 71 0 0 0 44 0 63 62 89 6 0 4 0 18 0 68 0 0 45 0 0 14 66 31 0 0 81 56 94 19 0 91 0 0 67 84 0 0 0 47 0 0 0 0 0 
0 0 0 0 0 0 19 12 0 85 16 0 43 0 0 19 0 39 0 0 34 72 0 0 53 16 0 0 93 35 8 25 0 0 71 65 0 35 64 42 73 24 0 0 89 43 0 4 0 0 0 0 0 0 48 6 0 58 0 92 0 0 0 20 0 2 8 21 0 93 42 0 0 0 54 93 0 0 93 23 0 0 0 0 69 0 0 0 0 10 0 0 0 48 24 0 0 51 52 57 
68 0 0 0 60 90 11 18 87 87 39 0 65 24 0 64 40 0 66 0 0 0 12 0 14 0 44 51 0 0 0 0 0 25 34 83 39 79 39 0 37 0 0 88 0 0 0 69 0 95 65 52 0 0 0 0 50 0 0 0 0 88 0 0 94 0 61 8 82 0 9 65 28 0 0 0 98 20 14 0 0 0 0 0 0 93 0 0 21 0 0 0 0 0 67 31 60 4 64 0 
3 99 12 73 0 41 0 11 0 92 0 55 13 0 0 0 76 0 67 47 0 0 0 0 72 79 0 0 0 0 49 9 0 85 82 76 0 90 33 0 38 19 88 78 0 37 0 16 62 0 0 35 0 0 0 33 67 53 61 12 94 0 19 0 10 37 50 23 44 21 66 44 47 0 69 0 75 0 96 0 0 62 74 72 53 50 85 73 0 83 15 86 0 66 38 0 24 0 85 0 
0 2 65 11 93 47 3 0 0 0 22 0 71 85 37 55 92 39 86 0 0 85 68 0 98 63 23 0 39 2 0 0 0 49 39 25 16 15 0 0 0 0 49 30 0 0 0 75 0 0 0 0 85 0 0 0 45 0 12 62 0 1 94 0 90 0 0 90 41 0 47 0 0 30 0 0 0 66 0 3 0 0 0 23 87 0 0 8 62 96 19 0 64 0 0 46 92 12 17 17 
62 0 0 92 41 0 0 0 67 0 0 77 80 0 44 0 1 0 0 95 1 87 0 69 0 0 0 78 44 0 5 87 24 85 0 0 34 0 72 0 2 0 57 0 0 88 0 0 0 0 0 0 0 28 0 0 81 62 0 37 63 57 0 0 46 0 18 75 62 0 0 0 0 19 0 59 0 0 84 25 0 94 0 90 28 0 0 9 0 0 40 0 0 0 0 95 49 0 58 0 
72 76 88 41 98 0 0 0 75 32 0 24 28 0 6 90 93 79 41 38 0 0 65 0 85 61 77 0 80 11 81 0 0 0 0 0 52 28 60 0 0 0 77 23 43 31 63 31 26 0 22 0 88 17 63 0 8 53 28 0 0 0 10 0 77 81 62 0 36 11 13 3 0 0 0 0 32 0 0 0 0 4 60 4 0 51 89 0 0 0 2 0 5 0 0 0 98 0 0 0 
57 31 33 0 74 0 0 54 46 47 61 0 44 24 0 0 0 0 0 92 0 74 0 0 31 0 0 48 0 10 0 72 0 0 44 0 42 46 0 40 62 25 91 29 0 86 0 0 0 29 0 0 0 50 0 0 0 0 0 0 66 0 53 2 73 2 8 0 0 85 0 0 95 0 85 89 0 0 21 0 0 0 93 0 58 0 36 0 37 50 0 0 82 0 0 0 32 78 60 85 
50 0 0 0 0 35 70 70 8 95 98 45 0 5 23 0 0 94 0 0 27 23 44 11 29 0 52 84 0 0 91 35 72 40 56 66 0 90 89 0 79 0 69 15 0 0 42 9 12 0 0 79 0 0 65 0 78 0 0 0 14 0 35 0 68 29 0 36 87 85 0 55 16 2 48 96 20 54 50 91 0 96 29 12 48 0 0 0 19 0 0 11 25 0 0 0 24 64 0 0 
79 95 0 0 45 0 0 0 29 0 67 11 9 47 0 1 0 0 34 2 90 18 0 0 0 0 0 0 0 0 0 67 0 48 0 0 0 0 19 0 0 35 49 10 74 54 35 0 0 98 0 56 0 0 0 46 0 82 0 0 11 10 0 89 0 12 93 0 0 41 20 13 0 49 30 0 91 0 0 84 0 0 0 83 0 0 99 69 0 74 77 35 0 93 0 25 0 10 20 0 
0 0 0 0 65 0 0 32 84 12 99 48 0 0 0 0 82 36 0 14 0 0 0 15 0 67 0 0 0 24 6 0 44 0 0 0 10 0 0 0 0 0 26 0 67 0 0 55 15 0 75 0 30 61 0 98 61 78 0 0 0 0 0 0 0 1 0 70 0 70 55 70 0 27 45 0 40 8 0 0 0 80 0 0 21 0 0 25 89 0 0 45 0 67 88 0 0 0 0 97 
46 0 35 39 75 0 0 0 0 0 0 0 0 0 0 74 0 0 41 0 69 0 0 91 0 37 96 16 0 0 98 0 21 7 61 58 97 0 40 0 46 0 0 0 64 0 0 99 61 42 7 92 55 35 51 0 0 0 0 0 6 0 30 17 60 0 55 99 0 58 0 0 0 61 65 0 0 0 0 45 0 0 7 0 40 0 0 16 5 0 0 37 0 0 0 73 0 89 53 33 
0 0 0 94 0 0 3 0 63 77 63 0 0 0 6 0 0 0 0 0 16 0 91 1 0 23 82 0 0 74 0 0 77 0 0 0 45 62 74 80 0 40 0 0 41 0 0 0 0 0 41 0 0 59 57 0 26 35 0 0 69 58 32 0 0 0 0 4 61 0 0 0 0 0 88 0 0 0 36 0 0 99 0 0 0 18 0 70 0 54 58 62 6 0 68 69 0 0 0 0 
0 0 0 20 0 0 0 50 49 63 0 0 0 52 0 0 2 68 75 97 0 31 0 0 66 0 21 91 14 56 50 0 0 13 11 0 99 19 32 24 6 38 66 20 9 0 55 0 0 0 54 0 0 43 89 0 0 70 27 0 0 62 0 21 73 0 57 22 0 0 0 1 11 35 0 0 8 37 0 97 91 79 2 82 0 0 25 0 0 0 5 0 89 39 0 19 25 47 0 0 
0 77 0 0 0 77 0 72 3 0 41 0 51 0 0 0 31 0 2 0 0 0 0 0 0 0 78 78 9 0 50 0 48 0 72 0 79 83 13 58 0 0 0 0 0 11 79 0 84 0 0 91 7 0 0 22 43 0 0 38 0 0 0 0 76 34 78 54 0 8 71 0 0 71 39 0 90 68 0 0 79 0 97 36 6 0 0 0 93 0 0 0 0 53 1 0 0 0 0 0 
0 48 0 0 0 69 0 72 0 45 0 73 34 0 70 71 56 0 6 1 63 0 50 34 79 0 0 33 0 0 16 72 0 0 0 0 0 37 40 0 0 0 0 0 18 38 0 0 61 50 0 0 0 0 63 0 5 0 95 46 25 0 0 0 0 0 0 98 72 0 47 0 32 94 6 0 0 0 78 8 27 0 0 0 0 74 67 0 83 51 0 90 55 0 77 0 0 19 0 0 
0 0 0 0 0 57 0 0 0 24 70 22 82 0 0 35 6 0 0 0 0 11 0 0 17 0 58 0 0 22 33 0 0 95 33 68 48 0 66 49 13 45 0 55 37 0 0 0 0 0 11 40 0 0 14 52 43 0 50 0 0 37 39 56 0 0 14 0 0 0 0 0 12 81 0 80 0 91 38 0 0 36 0 0 89 64 0 0 0 0 0 50 0 17 39 42 0 1 55 0 
10 44 0 0 94 0 0 0 61 0 60 71 37 0 0 0 0 0 83 0 43 0 99 74 28 0 14 0 0 0 45 0 1 47 0 44 0 0 36 0 0 0 0 0 25 33 70 11 0 68 0 2 18 88 16 77 0 0 0 0 0 54 0 0 90 0 75 1 0 0 75 0 0 0 4 0 0 24 5 0 21 0 29 34 0 18 26 0 61 0 0 37 0 0 42 8 7 0 0 78 
0 36 0 0 0 85 0 96 35 0 15 0 0 15 0 83 47 75 0 39 0 0 95 0 4 0 52 33 0 0 72 0 57 0 0 58 0 54 0 0 91 80 0 0 52 0 80 38 25 0 10 0 0 55 57 0 0 0 0 0 83 0 0 70 0 73 54 0 40 59 53 0 0 71 53 0 0 0 0 66 6 0 58 28 0 0 83 12 5 12 0 3 58 74 0 99 0 79 70 0 
27 41 0 95 68 0 84 0 0 84 63 0 33 41 0 64 0 42 6 0 0 0 46 53 0 0 68 91 69 35 0 12 0 0 0 0 0 0 60 0 0 0 20 4 76 0 0 44 93 0 1 48 0 41 0 0 0 50 93 0 0 80 0 39 0 0 0 0 89 12 0 15 71 22 32 0 3 45 49 9 0 0 0 0 0 47 85 0 0 0 0 0 0 0 0 0 0 95 0 0 
52 0 82 0 77 0 0 68 0 75 27 13 28 0 0 0 93 87 66 0 0 0 32 0 45 0 54 0 8 84 54 6 40 0 0 0 64 22 5 25 80 0 94 0 0 0 0 0 0 0 10 0 0 47 0 0 33 14 85 0 0 92 59 0 0 31 0 0 0 0 16 25 72 53 8 7 0 38 0 0 0 50 21 3 0 0 29 0 87 19 0 48 0 14 0 0 67 0 53 50 
0 71 25 49 9 60 0 24 2 0 0 17 86 0 0 3 0 11 0 0 61 84 0 13 0 0 0 84 0 35 23 73 0 43 76 28 0 55 45 0 11 8 9 47 92 42 42 0 0 0 96 28 77 68 57 0 0 0 38 33 68 0 4 48 0 0 95 34 79 4 17 0 43 0 97 0 40 59 87 92 3 0 0 21 38 0 0 19 0 45 0 85 0 0 54 0 0 0 0 35 
0 0 0 0 0 58 0 49 0 0 74 0 6 74 0 15 0 39 0 83 27 0 55 0 61 48 0 12 0 74 78 4 0 96 2 65 0 6 0 95 95 88 28 78 14 0 0 0 0 0 9 0 66 0 83 0 46 59 30 0 0 87 0 0 0 76 60 0 0 0 0 0 0 0 0 0 35 32 75 93 36 91 0 81 0 30 0 0 0 0 19 95 46 0 0 0 42 0 0 85 
0 55 0 91 7 0 0 0 38 0 68 0 23 39 0 25 0 68 51 24 0 70 0 0 0 0 0 65 0 0 0 7 0 59 0 0 0 64 0 0 19 48 0 0 5 43 0 16 14 76 0 40 0 0 0 0 51 34 0 51 40 0 0 96 0 64 0 0 15 0 0 28 50 8 0 7 0 0 89 86 44 0 86 0 0 0 66 29 0 0 0 41 83 19 68 0 0 0 0 65 
32 0 21 18 0 0 0 44 0 14 66 0 0 46 29 17 1 0 0 0 0 32 0 14 38 0 75 0 0 79 0 86 0 66 54 0 0 53 0 81 0 79 18 0 0 56 0 0 0 23 28 0 0 84 0 0 0 83 0 45 99 0 0 0 30 0 0 87 45 17 97 85 77 97 0 0 0 0 0 0 0 37 54 11 26 0 18 43 65 0 42 33 0 61 0 48 0 1 2 95 
0 0 43 0 0 0 45 0 70 0 11 0 0 0 0 40 0 23 97 46 32 0 76 0 0 66 0 87 26 43 0 0 0 73 0 0 0 68 0 62 0 25 0 0 0 0 29 0 49 93 43 0 49 0 0 64 70 0 0 0 0 13 0 35 45 0 17 0 0 51 0 0 21 0 0 14 0 82 55 0 0 0 55 0 85 0 66 0 0 58 0 0 61 39 53 31 0 0 63 0 
10 0 48 0 62 0 0 0 0 74 0 0 0 0 0 0 69 2 28 0 0 0 23 89 68 10 0 32 9 0 60 93 0 47 48 68 4 0 0 66 0 0 81 0 56 0 0 42 0 48 0 53 85 91 92 0 0 60 0 69 0 45 0 35 0 87 35 0 28 0 0 21 57 0 0 0 0 0 42 0 74 0 34 0 88 95 24 9 0 88 0 85 0 39 7 87 0 0 0 30 
0 77 54 48 0 43 0 90 67 0 38 96 0 69 39 0 47 0 91 0 40 0 0 51 0 73 55 0 43 45 0 90 0 99 99 59 22 47 15 0 0 0 72 0 0 84 46 86 96 0 13 7 0 35 24 79 32 0 0 0 0 0 0 68 44 0 88 19 74 0 0 0 16 0 41 92 0 73 43 0 5 39 0 0 82 38 8 26 4 0 95 60 0 0 0 0 0 61 0 0 
