100
0 0 0 40 0 0 3 57 76 73 0 0 12 86 31 0 0 81 3 14 10 0 0 27 27 29 99 45 0 0 18 49 0 71 0 0 0 15 0 0 0 0 91 0 0 0 0 45 73 26 75 94 0 0 8 0 0 0 5 0 26 80 0 0 32 0 43 87 37 51 0 0 0 0 84 53 61 0 0 0 0 0 76 54 22 0 30 80 0 0 47 71 0 81 80 0 97 82 0 0 
88 0 0 61 0 41 0 0 0 75 61 0 28 21 66 38 46 99 0 33 0 92 0 0 0 91 0 49 97 39 18 85 79 0 0 0 98 13 81 88 0 10 0 5 82 52 0 0 80 11 0 0 10 69 95 15 21 95 46 0 37 17 0 0 56 0 76 0 0 0 0 0 93 0 85 0 39 95 0 76 0 6 59 43 51 0 0 0 0 78 0 86 0 0 59 10 0 0 9 9 
86 7 0 60 27 86 4 0 0 0 0 0 54 0 30 0 0 43 69 0 62 54 0 83 91 99 0 0 2 0 35 0 15 24 29 41 0 0 0 64 56 0 28 20 0 66 29 0 76 0 0 6 69 0 94 18 68 0 5 0 0 0 0 0 94 0 0 0 6 0 65 0 15 17 0 0 7 14 0 0 0 0 98 49 0 1 46 0 74 0 49 0 78 0 13 30 0 29 33 0 
0 0 0 0 12 64 5 0 80 90 0 7 39 59 69 45 0 0 0 0 0 0 0 88 0 0 95 83 30 75 0 0 50 80 95 0 1 0 56 0 0 0 0 0 0 50 3 1 84 0 38 0 45 31 59 41 59 31 18 0 0 0 67 0 0 0 48 74 15 99 98 99 97 0 0 0 23 99 62 72 87 76 0 0 0 33 0 93 32 0 0 71 82 0 0 28 71 0 51 7 
90 4 0 0 0 0 0 33 84 0 23 50 0 95 0 8 0 90 3 0 0 0 18 0 9 0 72 0 0 54 0 0 0 0 0 0 0 68 0 0 34 0 76 82 0 5 0 33 0 0 82 0 0 0 0 9 33 0 66 0 59 13 81 81 0 0 72 42 0 70 20 37 0 0 0 0 45 58 0 0 0 91 0 40 0 0 0 43 79 0 29 0 76 93 0 50 6 0 86 0 
97 0 0 0 64 0 96 38 0 9 33 0 52 0 87 68 0 30 0 54 0 78 0 61 0 0 13 44 91 0 0 7 0 32 26 18 32 46 0 0 44 0 0 0 0 0 21 99 0 56 0 28 61 0 36 47 0 5 64 0 27 0 0 95 0 52 0 0 0 74 0 46 0 13 35 12 0 81 31 0 0 0 43 49 28 85 58 0 0 84 9 15 0 0 33 13 62 96 0 0 
0 66 0 0 30 0 0 0 0 0 0 0 0 0 45 20 0 0 42 65 0 0 0 0 72 0 60 18 39 0 0 0 54 72 0 0 0 0 55 54 43 68 0 0 0 0 70 0 0 22 22 74 45 40 0 98 64 0 0 0 0 27 0 0 0 69 28 0 0 0 44 50 41 94 95 0 0 0 0 29 61 0 0 0 0 0 0 0 6 0 1 92 60 0 37 0 43 31 0 0 
0 34 82 99 0 0 26 0 77 0 0 0 43 59 0 40 41 32 0 25 0 0 0 50 0 80 0 1 0 82 25 24 31 0 0 0 0 44 46 0 0 0 0 25 97 0 0 72 0 0 0 0 0 0 51 0 83 0 0 79 74 66 0 51 82 0 0 0 0 0 58 2 59 97 0 0 4 60 0 13 53 0 69 17 0 0 13 0 80 0 46 48 52 90 0 40 0 0 0 58 
0 39 76 0 0 26 28 0 0 8 0 0 0 0 0 74 0 82 90 91 87 45 23 59 50 35 2 0 0 15 8 57 66 71 0 0 0 32 0 43 3 0 66 76 0 0 0 0 0 0 54 65 76 0 0 0 4 51 0 0 0 94 33 0 0 35 24 62 55 0 0 0 0 61 17 0 0 0 0 62 0 28 0 0 0 0 83 0 77 0 0 0 0 0 96 84 80 22 94 56 
0 0 10 0 99 0 38 94 0 0 0 0 84 0 85 0 0 0 0 0 49 0 0 0 0 13 26 0 91 17 89 0 0 0 28 45 0 43 0 13 14 0 0 0 0 0 0 0 0 89 0 0 0 0 26 24 0 0 0 42 0 0 0 84 35 0 10 11 0 0 0 0 0 17 86 0 66 0 0 0 1 3 0 0 0 0 90 0 0 0 0 94 39 67 0 51 56 0 43 58 
43 0 15 86 0 0 8 40 24 2 0 0 0 0 67 29 85 19 0 87 0 78 26 0 0 54 81 0 94 67 0 0 0 0 30 0 0 45 85 0 32 0 70 48 0 0 0 0 6 0 43 34 73 80 0 42 18 65 84 95 0 11 0 33 26 0 0 74 80 0 0 0 61 0 0 0 0 0 0 32 0 0 0 34 0 0 0 78 19 77 0 29 0 0 0 0 0 29 0 0 
58 5 9 0 0 50 25 57 90 39 89 0 0 0 0 0 2 19 0 71 95 0 91 0 29 56 0 32 10 65 91 22 54 12 85 0 43 0 45 0 0 0 0 0 21 0 0 0 0 50 0 77 0 64 38 0 0 0 68 0 0 24 0 0 13 88 0 88 0 0 0 0 84 0 0 82 0 0 0 46 85 0 66 37 47 0 77 21 16 0 0 0 59 99 36 23 6 0 0 0 
0 0 0 0 12 0 1 0 57 0 70 15 0 0 63 63 0 0 57 34 97 25 15 0 37 0 0 0 0 55 29 25 42 33 41 48 34 37 46 59 50 26 62 20 0 54 70 0 24 0 0 61 0 26 0 83 37 0 0 0 0 0 68 85 42 0 0 0 50 0 0 96 0 0 78 0 0 0 19 0 0 73 0 60 0 0 0 0 0 0 87 87 0 40 0 53 0 0 0 0 
0 0 41 0 0 6 61 0 81 3 65 40 30 0 54 0 0 2 0 0 0 2 0 75 0 25 0 0 23 45 46 0 0 64 70 51 0 98 0 0 0 7 40 37 0 0 0 15 96 37 95 0 0 0 0 0 53 38 0 46 49 0 0 65 75 0 15 0 84 67 0 62 20 0 0 0 7 57 0 53 0 0 0 86 56 81 0 0 92 0 67 0 0 0 0 0 88 0 0 27 
0 0 0 0 34 0 0 97 38 0 0 49 0 0 0 45 0 0 37 0 54 0 0 44 0 54 0 0 61 50 0 0 0 0 47 0 33 0 0 42 0 0 0 0 0 7 45 89 20 34 7 0 0 0 0 0 0 0 47 92 0 0 49 71 0 0 0 0 0 67 0 94 0 75 0 0 37 89 0 3 19 40 16 15 49 0 0 34 0 0 81 0 69 0 0 0 13 0 0 0 
89 0 81 0 0 0 0 0 0 12 0 60 0 59 0 0 0 0 85 0 0 76 88 44 0 55 0 0 0 56 27 0 10 0 32 0 89 76 0 47 89 0 0 0 20 0 60 0 0 61 0 15 75 55 59 10 0 0 64 0 4 25 76 0 43 52 21 64 0 0 24 32 0 0 67 99 16 0 0 38 0 0 40 0 35 0 51 93 0 38 28 74 51 0 0 0 80 50 37 30 
23 0 68 15 79 96 82 0 35 73 0 0 78 29 65 4 0 0 0 72 0 0 27 0 0 0 41 0 33 0 64 52 13 0 17 0 0 75 90 0 55 0 0 41 0 50 23 60 99 0 0 94 21 5 0 8 45 71 0 29 74 0 0 87 0 0 0 0 0 0 82 0 0 0 63 0 33 0 0 0 52 0 0 0 0 0 80 7 74 46 94 0 0 98 0 0 20 0 0 98 
0 0 0 77 0 0 7 0 0 19 0 0 81 0 22 52 9 0 30 0 95 0 24 0 0 0 89 0 0 71 0 50 59 53 41 0 97 0 0 95 1 15 0 4 70 82 85 83 60 0 0 0 0 58 45 5 0 0 0 0 17 64 67 0 0 80 0 0 0 52 50 0 0 0 0 50 16 0 40 0 68 14 0 0 11 92 38 22 4 63 0 0 0 92 94 0 0 0 0 0 
0 27 0 20 0 37 0 40 0 67 48 98 0 94 0 0 48 0 0 19 0 34 48 22 38 0 46 0 0 0 92 0 9 0 67 61 75 50 80 11 0 49 0 80 0 67 70 0 67 8 41 0 0 0 42 0 0 72 0 0 0 51 0 12 0 0 0 0 50 73 0 51 0 70 0 83 0 27 0 56 0 0 71 98 0 73 0 0 93 0 0 0 95 42 39 75 57 84 87 0 
0 0 39 27 5 0 0 0 0 4 0 0 0 73 43 28 0 22 0 0 64 24 55 0 0 74 65 0 0 35 27 0 29 0 53 0 65 7 72 0 10 0 56 0 0 0 15 0 0 55 68 33 63 0 0 57 0 0 20 0 99 86 91 70 0 91 4 0 59 0 94 67 0 90 97 88 0 0 0 39 0 0 0 0 60 90 0 0 0 0 78 81 49 0 0 89 97 58 0 41 
0 74 0 82 3 18 49 6 0 0 76 0 0 22 0 45 61 0 49 0 0 0 0 0 0 0 61 22 0 2 21 0 77 15 0 0 0 0 81 0 81 0 87 43 0 39 7 69 71 76 25 25 77 0 80 0 48 0 23 56 69 0 96 76 29 47 90 24 0 82 0 39 65 0 0 0 87 53 0 22 98 0 0 13 54 0 0 91 28 35 0 7 0 64 0 87 0 0 38 59 
48 0 0 28 74 0 37 95 0 19 0 68 0 0 19 0 61 93 0 0 9 0 82 69 0 66 0 83 0 0 0 61 69 21 24 0 97 47 33 27 24 0 44 74 74 0 0 0 0 33 44 0 62 0 0 23 76 13 0 28 87 0 0 0 89 17 40 12 0 0 0 95 0 7 0 18 38 0 0 24 0 58 43 0 11 0 47 0 50 0 0 2 79 0 50 0 81 0 0 0 
84 9 27 91 0 43 48 40 0 17 0 0 0 30 23 0 0 0 0 0 31 0 0 0 0 89 1 0 1 0 0 0 0 69 65 74 75 0 0 0 23 12 45 0 64 33 0 18 0 0 0 0 60 42 0 0 7 7 91 0 26 0 0 0 57 0 0 26 0 0 0 89 50 0 43 40 93 37 0 22 59 84 0 0 76 8 15 2 18 0 0 0 0 0 91 0 32 0 0 56 
0 50 0 0 17 0 58 0 0 16 38 66 15 0 0 0 38 41 0 7 34 0 51 0 0 17 95 0 0 46 0 89 0 0 0 25 0 18 0 0 0 31 43 75 0 50 0 72 0 0 73 0 0 0 86 99 0 0 0 0 61 32 18 0 0 0 0 0 0 5 0 0 0 0 0 0 22 0 58 41 0 19 9 0 94 11 0 0 17 36 5 0 0 10 0 14 94 76 93 28 
0 33 0 16 0 90 0 50 0 62 29 0 0 65 39 37 44 51 0 91 50 14 53 53 0 50 64 0 0 87 0 0 0 0 0 0 76 64 19 66 39 2 0 95 48 12 0 0 0 87 27 0 0 0 0 4 63 0 28 97 40 81 91 0 76 26 64 0 76 0 0 0 77 0 0 0 0 19 11 0 20 52 0 4 50 0 38 7 0 0 2 29 0 70 83 0 0 35 0 63 
0 0 0 12 5 74 5 0 0 0 0 0 92 0 0 0 29 10 99 0 50 0 0 0 0 0 0 50 0 63 94 0 0 41 84 77 99 0 50 0 29 53 11 70 0 0 88 0 0 0 0 0 0 81 51 76 0 0 0 32 44 0 0 15 0 57 55 0 0 0 0 46 36 0 56 23 0 88 0 0 20 0 23 47 0 13 0 0 0 90 51 74 62 0 0 98 4 46 0 38 
0 32 13 0 0 0 0 27 0 0 0 92 47 72 74 97 0 0 0 0 0 35 0 0 0 86 0 0 0 94 0 26 0 0 0 8 51 0 0 0 32 3 0 60 62 0 64 0 48 45 92 0 0 0 0 62 0 36 83 56 21 6 0 0 0 11 8 0 58 10 40 76 67 0 22 52 0 52 0 0 24 0 0 0 0 9 34 0 95 0 0 56 96 35 0 38 0 44 48 39 
0 0 46 0 38 0 0 0 2 8 79 0 64 33 64 12 71 44 86 91 0 0 14 86 38 0 43 0 0 0 0 27 63 29 0 84 0 0 77 0 0 0 0 99 41 38 34 0 54 21 33 0 0 0 0 0 31 62 0 0 49 45 16 99 19 0 0 0 32 4 54 93 0 0 5 0 58 9 0 33 88 98 10 0 0 50 49 0 82 0 0 16 9 0 46 0 0 6 0 85 
23 0 0 0 12 0 0 82 94 0 0 0 50 0 0 96 0 82 85 83 21 8 0 4 51 37 84 88 0 23 54 0 0 0 0 18 5 0 0 0 0 0 14 17 6 53 58 92 37 0 0 0 0 47 57 0 0 77 0 0 0 0 65 0 0 10 33 0 0 89 0 0 13 37 0 31 0 53 0 26 0 17 0 4 32 0 55 0 27 49 0 0 16 0 0 0 0 29 59 0 
96 0 34 0 0 96 37 0 0 0 0 0 0 0 0 0 95 0 10 0 0 65 20 0 0 0 0 10 0 0 0 47 0 15 25 96 0 5 26 0 58 0 24 40 99 0 0 0 0 0 83 0 30 0 69 3 86 28 89 0 0 0 0 0 0 0 0 75 66 0 0 78 91 92 39 42 0 0 0 86 13 84 0 0 0 0 0 70 0 70 92 27 10 0 0 50 0 15 0 10 
0 0 0 93 62 18 56 0 0 0 1 0 0 0 93 0 0 93 0 0 0 33 44 49 68 0 91 51 0 66 0 90 0 0 0 55 0 78 0 77 0 0 76 23 0 0 0 0 0 11 47 0 0 32 20 14 0 44 0 0 73 0 0 56 0 0 88 0 0 0 0 34 92 0 25 8 92 33 85 0 32 29 89 0 73 81 90 0 0 0 82 26 0 0 0 4 31 0 0 0 
0 0 16 95 71 0 91 0 0 65 3 0 0 41 85 22 0 0 34 46 45 0 26 0 18 40 0 0 5 0 0 0 7 0 0 82 51 0 0 0 74 55 0 79 0 36 38 29 20 0 81 28 45 28 0 23 0 30 46 0 98 0 0 0 38 72 22 0 0 0 0 0 44 0 0 54 46 0 54 0 0 0 0 44 0 0 0 0 78 31 0 20 92 24 0 0 0 0 85 68 
30 0 0 0 39 85 0 0 0 39 23 0 0 85 25 0 0 0 0 0 0 0 37 23 92 69 19 0 32 68 94 0 0 48 0 0 45 68 0 0 0 51 0 0 0 0 0 74 0 0 2 0 0 0 44 93 0 36 23 0 0 0 0 0 0 91 0 0 0 65 0 0 0 39 13 0 28 0 0 0 0 0 57 4 61 11 89 0 0 0 0 33 21 80 0 92 0 0 60 83 
0 36 0 0 16 0 0 46 0 34 43 0 0 0 34 83 7 0 1 67 0 0 0 62 16 0 73 0 83 0 15 68 0 0 99 37 13 0 37 0 78 54 0 15 8 27 18 0 9 47 0 14 0 28 0 75 0 0 0 0 8 56 0 87 0 0 84 7 53 73 10 14 0 0 0 92 0 0 21 64 0 66 63 0 0 0 0 31 99 0 49 0 72 0 0 0 63 9 19 86 
83 62 0 0 69 0 93 20 46 0 0 0 0 0 0 0 0 0 0 0 80 0 0 57 17 0 85 80 54 0 37 21 77 0 0 0 38 0 6 0 67 0 27 25 0 0 0 0 0 58 22 0 38 0 76 0 0 0 0 0 0 90 0 30 84 0 0 0 63 0 0 0 0 80 90 75 64 68 0 95 0 0 0 41 72 77 98 0 67 13 94 43 27 78 56 76 0 0 0 0 
75 97 0 10 62 0 69 40 38 0 90 20 0 0 13 69 99 18 0 51 40 85 0 0 96 0 0 0 0 0 0 0 98 0 39 0 0 0 39 56 16 0 47 0 0 85 69 88 0 0 0 0 0 0 0 55 43 0 0 86 1 81 0 88 51 33 59 99 0 0 0 0 0 23 88 90 0 0 0 0 0 0 36 0 16 37 0 0 0 67 0 0 65 0 79 12 0 84 2 40 
6 0 36 0 88 0 31 64 34 35 60 0 0 76 0 0 46 0 0 0 87 0 0 20 0 0 0 55 0 64 87 0 0 0 0 13 0 63 0 0 0 69 62 89 83 0 0 0 0 0 0 0 44 44 0 68 43 41 0 0 62 0 44 46 72 65 0 18 56 43 0 0 1 0 42 79 34 0 47 47 97 89 0 0 0 40 0 0 13 0 64 0 39 39 58 0 3 31 5 0 
0 0 13 34 0 0 98 0 0 0 0 47 0 0 54 0 0 62 0 0 41 0 61 0 0 70 98 94 89 0 0 73 0 9 78 92 0 0 3 0 51 8 5 35 92 12 0 6 81 0 99 0 78 21 32 35 92 99 0 22 0 82 0 0 94 40 0 96 39 0 90 94 24 0 0 29 5 71 86 38 4 88 52 0 0 85 0 0 0 53 0 0 0 0 0 0 0 0 62 0 
76 0 84 0 99 90 0 0 51 16 0 0 0 41 11 43 0 11 0 0 0 0 9 70 0 0 98 0 51 0 3 42 58 0 0 0 18 0 0 62 0 64 0 67 99 64 29 0 0 1 20 71 88 45 48 75 0 0 0 0 0 39 0 0 0 0 0 0 62 0 0 60 0 0 0 27 40 0 0 0 0 65 50 0 0 0 77 0 0 0 0 48 0 0 0 23 54 36 0 21 
80 0 0 59 89 25 0 91 0 0 29 85 0 23 0 0 43 0 0 52 88 0 38 32 0 13 68 96 57 6 0 86 90 90 83 0 18 69 0 0 98 0 46 48 0 11 30 0 10 0 11 23 0 0 0 18 0 61 46 0 0 10 39 0 0 0 96 96 0 12 0 0 0 0 11 0 0 9 0 75 0 74 57 0 0 20 20 0 0 0 7 0 17 0 33 0 16 0 39 38 
20 40 0 34 0 0 0 21 0 0 0 4 0 33 78 0 0 0 80 0 0 0 0 59 0 0 0 88 63 0 43 0 73 0 0 0 50 0 85 0 0 0 0 8 60 0 93 49 0 0 0 73 5 0 0 0 63 0 0 0 69 0 24 3 61 87 0 0 0 0 58 0 43 16 0 86 0 3 17 12 0 69 0 0 4 7 0 0 14 17 84 86 69 0 26 0 0 91 14 0 
64 0 68 59 76 47 0 88 26 33 55 42 0 0 30 71 79 0 0 15 51 80 0 0 0 0 0 44 93 81 95 0 0 0 24 52 0 0 0 69 92 0 0 2 17 82 67 72 45 0 24 36 14 0 71 0 0 0 0 30 13 9 72 0 0 36 94 0 0 0 21 26 64 0 62 65 0 20 0 29 37 0 4 40 0 0 96 83 0 0 0 0 0 0 0 0 0 92 0 79 
0 2 0 81 0 64 52 5 0 87 0 2 0 0 54 56 89 41 77 0 0 0 0 0 43 0 75 99 0 0 0 54 32 48 0 0 0 0 18 0 59 22 0 0 38 0 65 0 89 0 0 33 0 58 0 91 0 0 0 0 60 0 90 0 0 0 0 0 0 23 73 87 20 0 0 0 0 0 66 0 97 0 0 0 0 0 0 0 0 0 64 88 30 0 0 0 0 0 50 15 
11 0 0 8 0 94 50 0 0 73 0 77 0 0 52 91 0 0 0 44 0 0 82 0 0 0 0 0 0 0 0 0 11 0 0 30 0 0 0 0 0 0 53 0 29 0 5 73 0 88 36 8 25 0 0 42 0 0 0 0 62 47 73 0 85 12 9 4 0 61 13 28 0 10 0 83 76 0 0 14 31 0 0 47 0 0 0 0 0 70 44 0 0 0 5 0 84 67 1 90 
40 0 30 36 44 65 71 0 67 93 98 0 85 34 6 0 97 0 9 4 93 0 0 2 0 5 0 0 0 0 43 88 37 0 39 29 0 0 0 16 0 0 0 0 0 0 35 0 0 63 0 34 90 97 6 0 0 84 0 0 44 67 0 36 0 35 0 0 0 0 38 36 37 46 0 51 0 44 90 0 0 86 21 0 89 0 15 0 0 0 2 0 0 11 40 0 0 0 0 0 
13 0 0 0 0 17 33 6 20 86 8 66 0 50 0 8 0 0 0 88 0 50 0 0 0 82 49 0 0 52 49 0 73 0 85 0 94 0 0 0 17 0 41 48 82 0 0 86 36 46 0 38 0 50 0 76 0 56 94 31 0 0 0 0 0 17 98 0 18 0 92 29 44 16 61 13 0 0 0 16 0 90 0 49 0 93 99 16 0 62 84 42 0 0 0 0 0 0 19 0 
63 86 0 0 27 0 0 61 53 5 27 98 0 76 0 0 0 0 0 0 0 42 25 23 14 0 0 0 0 15 35 0 74 0 20 0 61 80 0 0 0 0 0 0 0 93 0 0 67 12 90 94 0 0 0 0 43 53 75 0 0 61 30 0 43 0 21 74 57 0 0 0 0 64 21 2 57 57 13 30 44 0 3 82 28 0 15 0 0 48 0 44 0 0 0 79 15 10 55 0 
0 80 88 0 0 0 73 0 82 6 56 50 3 0 0 44 0 0 63 13 0 96 0 0 50 35 78 8 0 89 45 0 0 24 58 0 6 0 60 47 0 0 57 0 99 0 20 0 0 0 0 79 40 0 0 59 24 0 0 0 86 0 31 0 0 70 0 0 12 53 6 0 74 54 65 33 0 42 65 0 33 81 0 86 0 0 0 0 6 0 0 0 24 0 0 45 0 89 0 0 
0 0 0 0 46 16 12 48 86 74 0 27 0 0 0 16 0 0 0 67 0 38 37 42 92 42 0 0 0 61 27 0 22 0 43 91 61 0 65 0 59 0 0 89 28 0 0 49 0 29 89 26 0 0 99 0 0 23 0 0 0 19 91 0 13 0 54 0 61 87 0 0 0 0 0 0 0 0 0 0 43 23 31 0 0 0 57 0 98 0 41 0 38 28 31 0 76 67 56 0 
0 0 57 33 58 0 0 13 23 0 25 0 8 0 0 0 57 61 0 0 0 0 64 49 0 33 0 0 69 17 0 89 32 0 0 37 27 83 0 77 65 16 94 0 0 0 0 44 0 0 95 0 96 80 0 0 9 40 42 50 0 0 0 0 44 0 1 50 47 0 0 53 18 53 46 59 18 0 60 0 90 0 0 43 59 46 0 0 19 68 95 89 0 0 99 13 39 22 55 97 
0 45 41 0 0 31 0 41 0 97 0 52 43 0 0 66 65 33 0 0 0 0 78 0 0 77 0 0 55 0 0 0 0 47 0 58 62 0 0 0 86 0 37 0 13 34 0 94 0 0 0 0 0 0 0 0 59 0 7 0 0 0 0 87 75 0 0 93 0 0 40 79 0 0 0 0 0 0 0 0 58 0 0 0 0 62 0 0 0 0 94 0 0 0 5 79 22 0 0 0 
0 59 0 12 78 0 0 54 0 13 0 0 0 46 23 0 0 63 62 0 0 8 35 61 52 82 2 91 63 49 18 0 94 0 35 91 91 99 0 0 0 0 0 0 0 0 0 0 0 65 36 0 15 6 0 93 95 56 0 77 19 0 8 0 0 87 0 48 28 0 0 0 50 77 86 45 63 0 89 82 60 78 0 31 83 42 4 43 26 0 41 34 0 0 35 23 0 86 2 48 
81 0 0 0 17 0 0 86 0 93 0 76 37 88 23 0 0 89 27 0 0 0 0 56 68 91 71 27 28 0 8 0 87 89 0 14 0 0 0 27 0 0 35 0 0 70 74 0 66 0 33 0 0 40 0 40 44 0 55 15 0 14 0 58 6 44 0 23 39 99 16 58 0 0 0 2 0 78 0 0 58 0 0 37 11 0 65 39 88 83 0 77 86 0 21 89 89 89 43 71 
68 0 83 0 20 66 0 79 90 13 0 0 0 37 12 0 0 0 13 32 41 44 0 36 66 0 4 99 0 19 0 0 59 0 61 35 0 0 0 24 21 80 0 81 0 0 69 71 85 0 20 0 0 0 0 25 0 1 0 0 0 0 21 15 0 0 0 60 0 0 0 0 0 0 79 15 0 12 39 0 61 0 0 0 22 0 0 0 13 0 0 0 26 64 18 77 0 0 0 94 
0 0 0 0 86 0 98 0 95 0 71 0 7 28 52 0 30 0 0 92 0 1 91 0 77 0 93 92 0 0 0 11 0 47 0 87 66 0 0 52 37 0 68 29 0 25 35 24 0 98 65 23 70 42 0 26 20 0 0 88 0 0 16 79 0 0 47 0 0 0 11 0 0 32 36 0 0 74 26 0 5 0 93 0 0 81 0 67 0 82 0 0 0 0 39 18 0 0 98 0 
34 0 0 0 0 0 0 22 34 0 0 23 0 32 50 0 0 0 46 0 58 0 29 0 0 0 0 35 44 0 0 0 0 0 16 0 0 0 0 0 47 60 0 0 29 0 93 0 65 90 67 0 0 0 0 0 37 65 29 13 0 0 0 0 0 0 0 92 0 0 36 66 14 0 47 2 0 22 84 44 69 0 0 0 5 64 0 0 14 0 76 0 0 0 34 11 2 0 0 0 
4 0 0 0 0 21 0 0 0 80 0 20 0 0 12 76 0 7 95 13 0 0 0 79 0 47 27 0 59 0 32 26 84 80 87 0 0 0 89 8 0 8 16 43 95 44 0 0 35 0 0 0 0 61 0 0 0 0 0 0 0 77 0 92 0 0 75 0 36 0 7 0 0 0 35 0 0 0 0 25 19 3 20 9 73 30 0 17 0 32 83 35 0 6 73 8 0 23 0 2 
85 0 25 0 98 0 57 20 0 26 0 34 65 0 35 25 0 52 0 22 53 0 0 52 10 81 0 0 0 0 0 0 0 16 64 16 0 0 78 0 57 83 15 32 0 0 0 93 0 0 91 0 91 0 2 0 22 0 88 0 52 56 0 0 0 0 14 0 5 79 0 0 35 73 0 47 0 0 0 7 0 0 55 88 7 96 38 0 0 0 0 0 43 0 0 54 0 0 71 91 
0 0 0 0 0 0 75 4 52 20 0 0 92 50 0 0 54 94 92 0 0 71 0 99 0 31 0 25 35 0 11 0 0 70 46 15 2 45 96 0 65 32 19 16 73 0 0 78 52 0 0 73 0 33 2 0 58 0 0 0 13 7 0 75 57 2 0 0 26 0 59 0 97 0 0 69 0 0 99 57 0 0 82 0 89 37 0 36 66 0 0 44 0 0 4 0 20 89 90 0 
79 80 67 83 25 21 37 0 23 0 0 58 87 0 0 98 0 87 91 22 0 0 48 59 0 0 0 58 62 31 88 31 60 7 1 0 54 0 92 66 37 0 16 69 37 0 77 76 7 0 48 0 0 5 0 0 12 66 77 0 0 0 0 1 5 0 62 60 96 0 57 6 93 0 29 0 18 0 0 0 33 0 41 54 6 14 39 31 0 0 0 0 0 0 35 0 52 45 6 0 
0 0 46 12 0 0 81 0 91 50 44 2 33 0 92 0 0 0 8 0 0 0 0 0 0 0 0 0 27 40 0 0 49 0 61 0 0 12 75 37 0 0 0 0 0 22 28 0 64 51 67 0 2 89 50 10 8 0 0 33 0 93 0 73 0 71 0 1 20 0 99 74 70 0 38 0 0 0 90 0 33 0 0 57 93 10 42 8 0 0 0 0 0 61 0 0 79 73 59 38 
0 0 61 97 0 68 0 0 0 52 0 0 63 61 53 0 94 0 0 0 56 72 27 0 0 26 0 0 47 53 58 89 22 0 0 0 73 0 0 0 7 0 23 0 0 45 0 66 0 27 32 89 0 48 30 65 0 0 0 2 0 0 0 0 88 0 0 0 3 19 0 53 31 28 0 50 0 52 0 0 32 45 0 30 40 0 27 0 66 0 0 28 11 74 0 0 0 0 0 0 
47 92 24 0 0 76 78 27 0 11 92 86 0 53 0 0 97 0 63 0 0 13 44 0 0 97 79 0 0 94 59 22 82 18 56 88 0 14 23 0 0 0 0 0 42 28 0 0 0 50 23 0 9 0 0 51 78 7 91 90 11 73 0 0 0 0 49 50 0 10 60 0 0 49 0 74 83 0 6 0 0 29 85 19 0 0 24 69 43 0 0 74 51 99 87 34 62 0 0 0 
60 55 97 67 0 0 78 0 33 0 0 12 0 0 0 13 0 81 0 0 0 79 25 70 93 0 82 0 84 93 0 83 44 0 0 0 0 43 79 37 0 65 42 67 0 81 77 92 55 39 0 28 0 0 0 48 0 29 0 0 0 70 89 0 0 19 43 0 0 0 0 0 77 85 95 53 92 0 0 69 98 91 0 61 91 0 0 0 0 0 0 35 75 36 0 89 0 0 82 73 
0 0 0 65 97 28 47 0 15 0 0 0 0 0 40 0 67 8 11 47 0 0 0 87 0 70 28 0 2 23 56 0 73 3 0 0 0 0 9 15 0 85 8 0 1 12 0 67 0 0 0 29 0 56 94 33 25 43 0 0 30 0 15 68 0 0 93 0 0 75 0 0 43 0 20 44 44 0 0 30 0 18 19 0 0 92 0 1 0 48 37 68 20 13 0 40 0 25 0 0 
90 51 72 52 46 0 0 75 0 4 59 0 98 75 24 0 58 0 39 0 0 0 67 82 0 0 0 29 0 7 71 0 0 94 19 0 0 0 3 53 0 0 74 0 0 0 94 0 92 72 30 0 0 64 63 95 42 87 0 70 0 75 80 0 71 0 1 55 46 0 53 77 0 0 0 0 47 0 0 10 0 0 28 23 0 0 40 0 11 10 0 32 7 80 15 37 0 0 84 72 
0 0 57 0 0 17 0 98 0 0 74 9 96 0 11 0 88 43 10 0 0 0 7 35 0 0 0 92 0 57 0 0 93 0 99 0 30 66 28 0 77 0 93 0 25 0 0 18 0 0 91 42 95 33 0 50 0 0 58 0 56 87 0 0 0 0 0 82 0 9 0 0 57 50 5 82 0 92 0 0 0 24 0 62 50 41 0 0 0 65 94 0 21 0 5 54 0 0 0 51 
0 99 57 0 0 78 63 91 0 0 0 0 41 22 99 0 60 29 26 59 0 0 0 35 27 15 94 97 46 0 28 76 99 0 87 0 0 0 86 0 4 62 27 0 41 53 0 96 97 0 0 0 0 0 85 0 28 59 84 0 0 42 0 51 61 0 0 0 0 0 37 0 0 71 69 52 0 60 87 86 64 0 52 0 0 0 0 97 13 8 47 0 0 0 0 0 0 0 0 12 
0 53 0 0 14 90 42 74 0 4 0 35 0 0 54 50 5 61 0 0 69 15 92 88 0 74 0 0 40 0 64 90 60 0 0 81 0 0 0 29 17 8 94 5 41 0 0 0 0 0 44 0 0 32 74 11 0 0 0 0 0 0 1 6 65 0 40 8 0 0 0 0 27 0 38 0 38 22 69 20 0 7 49 53 87 66 0 34 0 0 0 25 22 30 82 0 0 53 62 0 
0 73 77 0 0 0 11 52 5 3 34 64 19 0 0 50 14 0 0 28 0 25 63 0 97 76 0 0 0 94 13 66 0 0 11 80 0 91 80 0 54 24 0 0 4 33 81 0 0 45 68 3 0 38 93 42 11 0 25 49 1 0 0 66 0 38 0 82 67 0 0 0 31 85 80 0 0 0 81 0 0 0 0 0 0 17 46 0 0 0 0 57 30 0 0 0 64 0 0 47 
46 81 0 0 0 41 0 0 88 14 70 90 12 60 19 0 0 0 79 0 65 69 64 8 74 36 0 0 46 10 83 84 65 0 8 99 20 0 12 56 0 0 0 0 0 0 32 0 61 98 0 67 0 48 0 0 0 89 0 0 0 73 0 45 78 0 76 0 78 98 0 0 69 0 59 20 38 80 22 78 0 0 96 0 89 0 0 49 0 81 0 76 0 12 10 0 90 0 93 82 
83 99 20 0 0 0 0 0 78 74 46 31 0 0 0 0 77 47 0 0 0 0 0 43 41 0 0 0 74 0 0 55 47 0 19 81 34 0 0 96 69 0 0 0 0 0 86 18 78 0 0 28 0 69 50 0 35 28 70 0 0 0 92 58 10 0 7 26 85 50 50 0 62 0 0 0 0 0 0 72 0 0 0 0 70 0 31 0 0 0 27 81 53 0 10 65 0 18 82 0 
88 0 0 0 53 19 0 0 19 91 0 0 38 0 82 66 5 36 10 30 0 34 0 78 0 0 0 75 0 0 0 0 23 9 38 5 0 0 9 71 0 0 0 46 0 0 29 0 71 0 98 0 95 6 72 0 37 0 0 0 0 0 95 0 0 1 0 91 0 0 0 0 0 30 61 35 0 63 0 0 40 0 47 0 0 84 47 24 0 38 0 0 0 0 39 0 3 70 27 10 
94 97 0 80 59 0 0 0 0 0 82 92 61 64 0 52 40 96 0 0 72 0 87 35 79 3 61 41 0 0 14 2 0 35 0 0 89 27 94 70 0 1 84 0 0 0 0 0 28 0 52 0 68 94 0 3 12 0 57 24 31 0 0 0 43 41 0 0 83 0 93 9 0 0 0 97 85 76 0 0 81 65 0 0 24 5 84 26 0 0 0 0 94 0 0 50 0 83 42 0 
0 0 75 93 39 0 0 4 0 0 88 98 0 54 77 0 0 78 39 0 45 91 0 52 50 0 0 0 62 0 0 78 0 17 0 0 0 97 4 0 21 0 58 51 75 0 0 0 6 0 81 0 47 0 0 0 0 83 61 0 0 91 94 0 0 77 0 0 0 0 0 38 0 44 0 0 60 0 18 0 0 71 0 33 0 0 0 30 0 6 16 48 26 55 4 71 2 0 64 0 
0 79 18 77 55 0 1 23 82 47 53 0 46 53 4 0 86 0 0 0 89 0 0 31 82 0 0 36 0 0 0 0 38 0 0 0 0 0 0 60 0 0 44 0 0 0 0 0 91 0 63 0 0 0 60 0 20 0 0 37 26 0 0 0 0 37 0 0 10 95 0 32 0 0 26 0 0 0 62 90 14 0 84 93 0 59 84 0 50 0 0 80 0 35 14 79 0 59 0 0 
0 0 0 0 0 66 97 0 54 0 5 65 22 0 0 0 0 0 19 96 0 0 0 0 51 28 4 0 50 75 0 0 0 80 0 63 0 0 0 43 25 14 7 0 77 40 0 71 57 0 26 0 25 49 69 82 40 61 97 0 14 3 0 0 0 0 32 5 0 49 0 59 32 0 0 17 0 0 73 56 29 0 0 76 0 0 0 0 29 0 0 0 7 87 0 0 0 0 0 0 
64 0 0 0 0 0 97 0 71 70 54 91 18 0 0 81 85 85 0 51 0 39 0 14 0 0 0 0 0 87 0 18 39 90 0 59 53 0 20 0 0 0 94 51 0 31 0 0 12 6 7 44 0 0 0 0 28 55 71 28 92 0 12 37 95 51 0 0 0 48 0 60 0 0 3 19 67 0 0 0 0 0 90 0 17 0 0 31 26 0 88 0 43 59 0 0 24 92 21 0 
84 15 86 0 95 0 68 34 16 31 24 11 0 96 83 92 68 0 42 84 89 18 24 0 0 45 24 9 95 4 0 0 57 0 69 42 0 0 14 52 0 78 0 57 0 82 0 0 93 0 89 0 51 0 0 0 72 6 0 21 0 79 0 13 16 73 7 0 0 0 0 21 3 88 0 0 0 74 0 38 0 16 50 87 0 61 0 29 1 0 15 0 31 58 0 69 0 36 0 0 
65 0 2 0 73 42 0 0 0 41 0 0 35 0 0 0 10 17 0 0 0 0 0 0 86 59 21 0 0 0 5 46 68 0 0 57 0 0 20 0 0 0 91 0 71 0 0 46 62 86 25 0 97 6 32 0 0 0 0 48 82 9 89 0 0 0 62 0 0 66 0 0 15 63 13 0 0 97 0 0 0 93 0 0 77 88 57 71 6 0 65 82 30 23 0 25 0 19 80 0 
84 42 94 0 93 3 0 0 38 0 59 0 84 94 0 16 0 0 29 46 0 18 0 51 0 0 0 0 42 0 0 50 12 43 74 90 0 0 17 60 37 0 0 0 60 43 0 0 0 0 0 0 0 0 0 0 0 18 56 0 0 0 21 0 48 47 4 0 51 58 56 7 0 0 35 0 0 42 17 35 0 0 0 0 0 0 40 0 66 96 0 43 0 27 0 0 0 86 40 0 
69 0 75 0 0 63 2 4 0 0 31 11 0 17 0 16 44 0 51 39 6 0 0 0 0 87 69 0 0 0 0 99 45 0 37 99 0 0 0 0 0 37 71 39 0 0 51 0 0 65 20 0 64 33 22 26 0 56 31 32 72 0 0 0 0 84 0 7 0 20 53 96 23 0 0 58 23 72 0 0 39 0 82 6 22 86 0 17 59 83 99 0 67 64 0 0 62 65 97 8 
0 0 0 73 85 0 43 0 81 63 35 0 70 48 0 0 94 29 0 37 89 0 53 0 14 0 82 0 86 77 0 66 0 0 71 0 4 0 0 0 41 0 14 51 0 10 0 23 0 28 84 70 25 40 0 53 0 0 0 0 71 85 0 56 0 0 57 0 0 58 0 10 0 42 98 0 50 0 0 42 22 0 0 0 14 41 0 0 24 12 0 0 49 0 0 0 31 36 0 61 
0 0 0 17 0 0 56 0 75 41 0 0 0 0 0 45 39 74 0 85 0 32 34 43 0 0 38 78 0 47 91 0 0 14 0 31 86 54 44 81 87 0 33 0 50 0 0 0 70 0 65 0 0 74 67 14 0 0 69 0 0 0 0 0 91 0 0 52 0 28 30 39 34 86 0 0 0 33 0 16 41 0 17 0 0 74 37 0 0 0 34 88 0 27 97 9 0 0 0 0 
0 0 85 23 27 0 70 5 14 34 36 0 56 0 0 0 45 0 70 0 0 0 0 0 0 83 38 65 0 21 0 11 0 27 0 0 55 3 27 35 0 44 36 20 0 37 0 32 85 0 8 0 0 0 2 0 0 0 0 0 0 0 56 0 1 37 0 8 0 59 0 0 93 0 61 68 30 0 48 0 3 0 0 25 0 0 0 0 61 0 19 13 0 0 56 0 0 0 0 0 
34 33 0 0 55 0 69 43 84 75 90 52 42 0 49 33 51 0 0 0 29 69 0 0 66 0 0 0 72 63 0 25 0 19 0 0 0 0 83 0 0 80 27 81 55 0 26 54 97 0 0 0 82 75 0 0 0 0 0 0 0 1 55 58 0 72 0 9 0 0 25 78 0 0 73 0 23 69 0 0 63 0 0 0 38 0 0 0 0 0 24 0 40 82 0 45 20 84 62 0 
0 44 0 54 49 0 80 0 0 0 25 0 37 96 53 0 0 0 67 91 47 0 0 72 0 67 0 0 0 15 0 24 0 52 0 11 51 46 0 0 72 0 49 81 0 0 0 3 0 68 33 0 0 91 59 44 13 0 53 0 0 0 0 46 87 0 3 8 67 0 97 0 0 0 82 0 53 38 62 0 0 84 17 0 3 90 0 0 0 72 69 0 0 0 0 0 0 23 0 0 
0 40 24 0 0 51 34 37 97 40 0 0 6 17 0 0 0 0 47 28 0 48 0 57 0 27 19 18 70 0 72 34 23 0 29 2 97 77 41 8 51 0 47 38 58 0 69 81 32 7 9 0 0 28 0 80 0 91 0 0 0 34 0 70 0 82 66 0 0 91 0 98 0 0 0 76 29 0 0 0 96 0 98 60 75 54 67 0 41 29 0 42 59 21 0 0 0 34 61 88 
76 90 0 0 0 68 0 0 0 54 0 0 50 0 35 74 0 0 0 28 0 0 0 0 6 79 0 0 0 40 8 0 81 0 0 17 0 44 5 89 0 62 55 85 58 16 96 0 0 0 15 0 0 0 31 0 42 62 0 67 41 0 0 83 53 0 22 0 19 81 12 9 38 48 16 0 0 0 0 0 0 0 0 56 0 62 34 0 0 0 83 30 0 0 0 0 58 65 0 0 
64 0 94 58 69 0 59 47 31 53 0 10 10 31 83 0 0 0 21 88 0 78 1 0 21 0 20 4 0 0 39 0 60 37 0 0 72 0 13 47 0 19 30 0 33 0 0 21 78 0 25 68 0 25 0 75 0 98 52 53 59 18 86 6 0 0 0 0 1 96 0 24 0 44 0 89 16 99 72 10 0 0 0 59 59 26 0 0 11 0 0 86 0 49 28 0 0 0 0 9 
0 5 0 24 0 0 0 0 58 36 6 25 0 0 0 0 0 29 63 0 48 72 73 0 0 0 99 67 50 0 0 76 35 0 0 33 0 84 45 0 0 4 0 0 0 0 46 86 0 0 0 0 5 84 46 0 0 7 77 99 81 67 53 39 0 73 0 0 18 26 68 0 79 70 0 26 96 0 0 0 46 0 55 0 0 0 0 97 0 62 0 2 44 0 0 26 37 0 0 0 
0 0 17 0 50 0 0 0 95 0 0 43 0 69 24 0 14 5 68 0 0 0 15 94 0 0 0 0 25 0 0 0 0 4 0 5 13 65 0 69 0 87 0 19 9 0 0 56 46 0 27 0 0 96 6 34 0 19 0 74 30 0 0 0 0 0 77 73 0 0 0 0 71 3 0 0 15 57 22 0 0 5 18 0 0 90 59 0 0 0 0 0 0 0 0 0 92 85 0 0 
31 12 0 0 0 67 0 0 62 0 73 0 7 2 0 0 35 47 0 0 60 0 91 17 87 0 0 0 0 0 57 0 0 0 0 0 0 93 71 0 0 52 0 61 37 58 30 0 0 71 98 17 0 0 91 44 30 0 16 9 14 0 0 0 0 0 0 78 0 0 99 0 64 0 0 91 0 0 0 0 75 0 0 54 55 0 53 0 47 28 0 17 0 60 7 3 89 0 0 0 
0 12 20 10 0 40 4 0 25 0 9 0 0 61 84 76 0 0 0 42 0 88 9 0 0 27 0 93 69 88 35 0 0 67 0 29 0 58 68 22 20 63 57 18 0 83 4 59 0 61 69 3 36 0 39 87 0 63 35 24 0 0 0 0 0 0 36 60 0 64 0 86 78 46 0 0 0 0 0 0 0 0 39 0 73 0 58 0 6 0 86 99 0 0 14 6 18 51 0 27 
0 0 0 9 20 0 0 98 0 4 24 0 78 15 41 71 46 0 0 83 27 0 0 98 0 70 70 0 77 57 46 73 67 56 0 0 0 51 21 0 0 71 10 0 0 80 81 68 0 0 0 0 0 0 0 0 0 60 0 0 93 35 0 68 13 0 0 28 0 59 0 0 0 31 0 0 91 40 70 11 43 60 76 0 0 20 3 45 49 0 81 69 0 0 0 0 0 0 13 73 
36 0 0 0 0 0 24 0 0 0 71 0 0 81 52 95 45 10 0 0 0 31 53 0 62 0 0 53 62 0 0 37 0 41 0 0 61 9 0 61 13 62 91 69 81 30 0 0 13 0 0 0 0 0 0 0 0 0 65 51 26 59 0 0 0 0 0 66 34 10 54 0 31 0 0 0 75 60 0 0 5 95 39 0 22 0 42 73 51 31 0 6 0 0 10 0 26 48 0 94 
0 45 47 0 0 0 0 67 0 0 64 0 61 0 0 0 0 92 0 0 11 0 0 0 19 0 64 40 13 41 0 74 28 0 94 42 0 99 0 0 77 16 82 0 38 62 0 24 0 0 0 42 0 21 61 0 75 8 0 0 0 47 0 61 61 77 48 59 89 0 0 61 0 53 0 98 30 0 56 93 6 0 0 45 62 0 7 63 0 20 0 0 0 0 47 0 0 0 0 0 
0 62 0 3 85 0 0 93 0 78 0 94 9 31 28 0 32 44 0 0 66 82 89 0 0 0 0 0 0 0 67 26 33 0 91 0 0 78 0 11 0 0 29 0 69 66 0 0 0 0 7 0 0 81 43 16 0 86 0 0 0 64 50 32 0 43 90 21 0 60 93 0 0 0 9 0 33 0 0 0 0 0 0 38 83 0 0 0 0 58 47 0 38 0 55 0 22 0 0 82 
32 0 0 0 0 46 82 37 0 0 60 30 69 75 51 0 47 48 0 10 0 49 77 0 46 75 0 94 0 26 87 0 0 0 81 0 0 0 45 0 0 30 0 0 95 0 0 69 0 0 29 0 0 79 0 56 94 0 0 0 0 28 44 0 83 0 78 8 0 63 0 0 0 0 0 12 62 0 61 0 0 0 61 10 42 0 45 0 78 89 43 21 62 87 0 94 17 99 0 57 
35 0 83 0 86 99 75 0 0 0 37 53 3 0 91 0 0 77 58 0 0 11 0 0 0 0 0 0 8 0 53 0 0 0 70 0 59 49 0 0 78 0 0 0 82 19 3 91 88 0 4 0 0 0 19 62 0 0 32 42 0 15 76 0 13 0 0 0 40 0 0 79 0 6 91 9 48 2 16 18 3 0 0 19 95 8 40 0 9 0 48 70 22 0 0 0 37 0 0 0 
