100
0 35 0 0 0 0 0 89 3 0 0 0 0 0 26 0 25 25 32 0 5 0 4 0 0 0 0 0 0 0 0 0 0 0 78 0 0 0 0 13 0 0 0 0 0 0 0 0 0 71 0 0 0 0 88 0 51 0 97 0 0 0 0 0 0 0 0 84 0 0 0 0 0 0 0 73 0 0 0 69 50 0 0 0 0 83 0 23 93 0 0 93 0 0 0 0 29 88 0 0 
0 0 53 80 0 0 0 0 0 0 0 0 0 76 0 40 31 46 0 40 0 60 0 95 0 0 86 0 0 0 0 0 44 0 3 1 28 51 50 0 60 0 0 0 0 0 64 0 0 21 0 60 12 0 0 0 0 0 66 0 0 0 0 0 0 0 0 0 0 21 0 0 23 0 0 0 40 0 0 0 0 0 0 0 0 0 0 0 0 89 0 0 0 0 97 0 0 0 0 0 
0 0 0 6 55 4 56 0 0 0 0 0 0 88 98 0 19 0 0 0 0 0 53 0 0 12 0 0 49 26 0 0 0 67 0 0 4 34 0 0 0 25 0 0 12 0 0 0 0 0 0 0 0 0 0 35 0 88 0 0 95 0 0 35 0 0 91 0 0 68 0 0 34 0 0 0 0 30 0 0 0 0 0 0 0 0 30 0 0 97 0 0 43 91 28 0 0 0 68 0 
43 0 0 0 0 0 0 0 0 0 0 0 0 0 0 0 0 0 0 0 15 0 0 0 0 0 93 59 0 0 0 0 0 0 0 10 0 78 0 0 0 53 61 0 0 0 0 74 76 0 56 0 0 0 6 49 0 0 0 0 0 0 13 0 0 58 0 0 0 0 40 50 0 69 0 0 0 0 0 0 0 0 0 0 76 0 0 15 0 0 0 89 0 0 0 60 2 0 50 61 
0 0 0 0 0 0 9 0 0 0 0 0 0 0 0 0 0 0 0 45 58 13 0 0 0 0 89 0 0 56 0 0 0 0 56 0 2 0 0 0 0 0 0 82 49 0 0 0 0 30 27 0 0 0 0 97 81 0 13 0 0 0 57 40 0 83 79 0 0 6 40 0 0 0 0 0 0 0 0 0 0 0 79 0 0 0 0 26 0 0 0 0 0 0 0 0 0 0 0 0 
94 0 0 0 1 0 0 50 0 0 0 60 0 0 0 0 67 0 0 0 43 0 0 9 0 0 0 0 0 0 0 72 58 0 0 12 0 0 0 0 0 0 0 0 0 0 0 97 0 0 0 0 0 17 0 0 0 0 0 41 0 0 0 19 63 0 0 0 0 72 70 0 25 0 0 0 0 0 75 75 0 0 54 0 0 0 0 87 0 96 0 0 6 0 0 0 97 0 0 0 
0 0 0 0 0 96 0 0 0 10 0 0 0 0 0 0 0 0 44 0 48 0 0 66 9 0 0 85 12 0 0 0 0 0 0 81 88 0 0 0 0 42 0 39 0 0 0 0 23 0 0 0 69 45 0 25 67 0 0 0 75 0 0 0 30 0 0 77 0 0 0 0 0 24 0 0 0 58 0 0 0 16 14 15 0 0 0 63 70 0 0 6 94 0 0 0 0 0 65 55 
0 0 0 0 0 0 0 0 0 80 0 0 47 0 26 0 74 0 0 0 4 0 0 0 0 0 0 0 0 46 0 91 0 44 0 0 36 0 0 62 25 0 18 0 0 0 0 0 0 25 57 0 0 0 0 0 64 0 0 47 0 45 0 0 0 59 0 0 0 0 0 0 0 0 0 97 0 0 0 0 72 0 0 0 0 0 0 0 0 43 0 0 0 0 0 0 96 0 0 0 
0 0 0 0 0 70 0 0 0 0 0 0 0 0 0 0 29 0 0 91 0 0 0 50 0 0 0 5 29 0 0 0 0 0 0 0 0 0 0 0 0 0 0 0 0 0 0 0 0 0 49 0 0 85 0 0 71 92 0 0 0 0 0 0 33 0 0 43 0 0 94 0 0 18 70 0 0 0 75 0 0 0 0 0 0 0 0 0 67 0 0 0 47 0 78 0 0 0 0 0 
0 0 0 0 69 0 0 0 0 0 0 0 0 82 0 91 0 69 0 0 0 89 0 0 16 0 0 44 0 70 0 61 0 0 0 0 0 0 0 0 62 9 0 0 0 0 0 0 0 30 0 87 0 93 0 0 0 53 54 96 0 0 0 0 0 80 0 17 0 0 0 0 0 0 0 0 50 0 0 85 0 0 0 35 0 0 82 0 0 0 0 0 0 78 0 0 67 0 0 0 
0 0 0 0 0 0 0 0 0 59 0 0 0 0 0 0 0 0 48 45 20 0 66 0 0 0 0 0 0 0 0 0 0 0 0 0 24 0 0 0 67 0 0 0 0 0 0 26 43 0 0 15 0 16 0 0 0 0 0 0 87 0 4 0 0 41 85 0 0 0 0 19 0 0 0 0 59 78 17 0 43 0 0 63 0 0 0 0 0 44 0 0 0 75 0 47 0 16 0 0 
0 84 0 0 30 0 0 62 0 5 35 0 0 0 24 0 0 0 0 20 0 0 0 0 0 0 0 0 0 17 0 0 96 96 0 0 0 0 0 0 36 0 0 0 42 0 0 93 0 34 0 0 0 0 52 0 25 0 40 0 0 44 0 0 0 0 0 70 0 0 0 0 14 0 0 15 25 0 0 0 0 55 0 32 10 0 0 0 21 0 0 0 36 0 0 0 88 0 0 0 
51 57 95 0 35 0 42 0 4 0 0 0 0 0 0 0 0 0 0 21 0 38 32 0 0 0 0 61 80 0 0 0 0 96 44 0 53 0 0 0 0 5 47 0 0 0 0 0 21 0 0 0 0 0 0 0 0 0 52 0 64 0 0 0 0 0 0 81 0 0 70 0 0 0 0 0 74 0 8 0 0 0 5 95 0 0 0 0 0 0 36 0 45 0 0 0 0 0 53 0 
79 0 0 0 0 0 11 0 0 0 0 18 0 0 0 0 57 0 0 0 0 0 0 0 60 0 89 0 0 0 40 0 0 49 6 0 0 0 91 0 80 13 0 53 95 0 0 0 0 0 0 0 0 0 0 17 0 0 0 7 0 0 0 65 0 0 0 41 31 0 0 0 0 0 23 0 0 68 0 0 0 0 0 0 0 0 0 0 0 0 0 0 0 35 76 16 0 42 0 0 
0 41 0 39 5 0 93 0 0 98 0 0 0 33 0 0 0 0 30 0 0 77 0 0 0 0 45 0 87 23 0 0 0 0 0 9 0 0 0 0 0 0 0 0 0 0 78 48 0 0 92 0 43 98 29 0 0 68 45 8 0 0 0 40 0 91 89 0 0 36 0 0 0 84 0 19 0 0 0 0 0 0 0 0 0 0 0 91 0 0 0 0 0 0 94 0 0 0 91 0 
39 0 94 0 85 0 82 0 39 0 0 0 0 0 0 0 0 0 0 81 0 0 64 60 0 18 0 0 0 57 0 0 19 0 68 51 0 70 0 55 0 0 33 81 0 0 25 0 0 12 0 0 0 0 0 0 81 0 12 0 80 0 0 45 0 47 58 87 0 0 0 0 0 0 0 0 87 0 0 0 0 0 0 0 0 0 51 34 0 74 0 0 8 0 0 0 0 0 0 88 
0 0 0 0 44 0 3 0 0 6 89 0 3 0 85 0 0 0 0 0 61 0 28 0 0 0 65 0 0 81 0 75 0 0 0 0 0 1 0 0 0 92 0 72 0 0 0 0 99 0 0 0 42 70 0 0 0 71 0 0 57 0 56 0 0 0 74 0 0 0 6 0 32 0 0 0 0 0 0 0 0 0 0 0 43 72 0 0 44 0 74 0 0 0 0 0 0 0 0 0 
0 0 0 0 0 0 0 73 19 0 0 50 0 0 78 0 3 0 27 0 0 85 0 0 0 15 0 40 0 0 0 0 0 0 25 0 0 0 77 0 0 56 0 0 0 0 53 0 0 0 0 27 0 0 0 56 87 98 71 0 0 0 27 0 0 0 50 0 0 0 0 0 81 0 0 67 0 97 87 0 0 0 0 0 27 0 0 0 0 0 0 18 0 0 0 0 58 0 0 0 
0 0 0 0 0 83 0 0 11 0 0 84 21 0 0 0 0 0 0 0 80 92 0 34 0 0 0 0 0 52 0 0 0 0 0 0 0 0 0 0 0 0 0 0 0 1 0 0 13 0 0 0 66 43 23 50 0 0 0 2 0 0 0 0 78 0 0 0 0 0 32 0 27 14 0 64 0 34 69 0 58 28 0 12 0 62 74 12 0 0 52 0 0 0 45 65 0 0 0 0 
31 0 0 0 0 0 0 2 0 0 0 0 0 0 0 0 0 0 0 0 0 99 0 83 0 61 0 0 0 10 0 0 0 25 1 15 0 0 72 0 0 0 0 0 62 48 30 0 0 0 54 0 0 0 60 0 0 0 0 0 0 0 0 27 0 0 0 0 0 0 0 58 0 0 0 0 0 46 0 41 10 0 0 0 0 0 0 0 0 0 0 0 0 0 0 0 0 0 0 0 
0 77 0 0 0 0 0 0 0 0 0 32 0 0 38 0 0 0 0 40 0 0 0 0 0 0 95 0 0 0 0 0 0 0 0 0 0 0 63 0 0 0 0 26 0 0 0 0 84 0 0 0 0 0 0 0 0 0 73 0 36 0 28 0 89 12 0 0 0 0 45 0 0 0 0 0 0 0 0 0 0 0 0 0 11 13 59 0 98 9 0 0 0 0 0 0 96 0 0 0 
26 0 0 0 0 0 0 0 33 0 0 0 0 0 0 72 0 0 0 0 0 0 0 0 0 0 39 0 0 0 0 0 0 38 0 0 12 0 0 60 0 0 0 0 8 0 0 0 0 0 0 0 0 60 0 0 0 33 0 0 0 0 0 0 0 0 89 12 90 0 0 0 0 29 7 0 0 0 51 0 0 1 0 0 0 0 0 0 51 0 0 0 0 0 58 75 75 0 0 0 
0 28 0 15 0 0 44 0 0 0 0 65 0 0 36 0 0 49 0 0 0 0 0 0 0 0 0 17 0 0 0 0 0 3 0 0 99 0 0 0 0 0 77 0 0 95 0 0 0 0 0 0 0 0 0 92 0 0 16 0 0 39 0 0 0 0 0 0 4 0 0 76 0 0 0 0 0 0 0 0 0 0 0 0 0 0 0 0 25 0 0 0 0 35 0 0 45 0 0 0 
0 0 0 0 69 0 0 74 0 0 0 0 0 0 0 0 58 0 0 0 0 68 0 0 69 0 29 0 0 8 0 0 0 0 0 0 0 31 0 91 41 0 0 0 34 0 63 0 5 0 96 0 46 0 0 0 0 0 0 0 0 0 0 0 0 0 0 77 0 0 0 0 0 0 73 0 0 0 0 53 0 0 0 59 0 0 0 0 93 0 0 0 0 17 0 29 52 0 72 0 
28 0 83 0 0 0 0 0 0 0 58 0 63 0 0 0 0 68 0 0 72 0 35 0 0 0 0 0 0 0 61 0 45 0 39 0 0 49 0 0 0 0 0 0 0 0 37 0 96 0 9 0 0 0 2 0 0 0 0 46 0 0 7 0 0 0 0 0 65 17 0 0 0 0 96 24 86 0 0 0 0 0 0 0 0 0 0 0 0 0 0 99 63 0 0 0 20 0 0 40 
0 0 0 0 0 0 0 87 71 29 0 0 0 0 0 0 0 0 15 0 0 0 0 82 0 0 0 63 85 12 51 0 63 0 0 0 0 0 0 0 0 0 0 42 0 0 39 0 0 0 89 0 45 0 0 94 91 16 0 70 31 95 35 0 0 0 0 0 0 0 52 7 0 0 0 0 75 0 0 0 0 0 2 0 46 37 0 0 0 0 19 0 0 0 0 4 0 0 0 0 
45 0 0 0 0 0 97 0 35 0 0 0 0 0 0 0 0 0 0 18 0 0 0 0 0 41 0 40 0 0 0 0 0 0 7 0 99 0 88 82 93 50 48 0 0 0 0 0 0 0 0 0 43 0 94 0 4 0 0 8 0 0 1 0 18 0 0 0 21 0 46 0 0 40 0 0 0 0 5 98 10 92 73 0 0 0 0 0 0 0 5 95 0 0 90 0 0 0 0 0 
54 0 0 0 0 0 0 0 0 0 0 28 0 0 0 0 0 0 48 14 0 21 0 0 0 0 0 0 98 80 0 0 47 48 55 0 0 0 0 0 0 0 0 0 0 0 0 85 0 16 5 0 0 7 0 0 0 0 37 0 87 81 0 0 47 11 47 0 0 3 93 0 0 0 1 0 0 0 0 1 0 0 0 0 0 0 22 78 0 28 0 0 0 0 0 61 0 0 0 4 
97 64 0 71 76 0 0 56 0 0 63 0 0 97 0 33 0 0 0 0 0 0 0 94 0 0 0 0 0 0 0 0 5 0 0 0 67 0 0 0 0 0 0 0 95 0 35 0 1 30 0 0 0 0 0 0 0 97 30 0 0 0 67 0 0 0 86 94 0 0 56 75 0 0 0 0 0 1 41 0 0 0 0 0 0 0 0 0 0 0 5 0 0 81 62 0 0 0 0 0 
0 39 0 0 0 0 0 0 49 0 0 0 0 81 0 0 0 0 0 0 67 0 0 0 0 0 61 0 0 0 0 0 0 73 57 0 0 71 0 0 62 0 0 0 0 0 0 81 0 0 0 0 0 0 0 21 63 0 0 0 6 0 0 0 0 0 0 77 0 0 0 43 36 0 0 0 0 0 0 0 89 0 69 9 0 0 0 0 0 0 0 0 0 0 0 0 13 0 0 0 
73 0 0 0 41 17 0 0 0 0 59 0 23 0 0 88 0 66 0 40 0 0 93 0 0 0 17 0 0 0 0 0 0 71 85 0 0 0 5 76 0 0 40 0 0 0 0 0 61 0 0 0 0 20 0 0 0 0 4 0 64 0 0 14 0 39 0 0 0 63 0 26 8 63 33 61 0 0 0 0 0 0 0 0 58 0 0 0 0 12 0 0 0 97 0 0 0 0 0 0 
0 84 3 22 93 0 90 0 0 0 34 28 9 4 42 0 0 8 0 75 0 1 0 34 39 42 0 19 0 0 0 0 0 0 0 0 0 0 0 0 48 0 0 0 0 0 0 0 0 0 0 47 72 48 0 0 0 0 0 0 0 59 0 42 38 0 84 0 0 76 0 0 0 0 50 31 0 0 0 0 0 0 0 39 0 0 55 0 0 0 0 0 0 39 0 31 0 0 0 0 
0 0 0 0 0 0 0 0 0 11 0 0 0 0 0 0 0 0 0 0 35 90 75 17 0 0 0 0 0 0 96 0 0 0 61 0 6 0 0 0 0 0 0 0 41 0 92 0 0 0 39 0 0 0 0 81 0 26 0 90 0 0 0 39 0 0 0 0 44 0 0 0 75 0 0 31 0 0 0 38 0 0 0 83 0 0 5 0 84 0 0 0 93 0 2 0 0 0 0 0 
0 0 0 23 0 0 18 0 27 0 60 0 0 0 33 0 0 0 19 0 0 0 0 0 0 20 18 0 0 0 0 0 0 0 0 0 0 13 0 0 0 0 21 0 6 0 0 0 0 0 0 0 0 52 0 0 64 96 27 13 0 0 61 0 0 0 0 0 53 0 0 28 0 0 0 79 0 0 0 0 0 0 0 7 0 0 0 0 0 0 0 0 0 0 0 97 0 61 0 0 
0 0 76 0 0 0 0 0 0 0 0 0 0 0 0 0 0 0 0 0 96 0 0 0 0 0 0 0 0 0 0 0 0 79 0 0 47 0 58 0 65 0 0 33 0 0 11 0 0 0 85 0 0 0 0 0 95 0 0 0 0 0 0 0 0 0 0 0 83 0 0 0 0 0 4 0 0 18 87 0 0 0 0 0 0 0 0 0 0 23 0 0 0 0 0 0 0 0 10 0 
50 0 0 0 0 0 0 0 0 0 43 0 0 10 0 0 0 54 0 0 0 0 0 0 0 10 73 0 0 0 0 0 0 0 27 0 32 0 0 0 0 48 0 0 0 0 0 0 80 0 0 0 0 0 0 0 56 0 0 0 0 17 0 0 0 0 0 0 0 0 0 0 0 0 0 0 0 0 67 54 0 0 5 0 0 0 0 0 0 0 0 0 12 93 43 0 0 0 0 0 
0 0 0 0 0 0 0 0 0 0 0 0 0 0 0 84 0 64 95 0 0 0 0 0 0 0 0 36 0 70 0 0 0 0 0 0 0 0 0 0 0 0 0 0 0 0 0 0 12 0 3 0 27 0 0 0 0 0 6 0 0 39 0 0 0 0 72 0 0 0 0 0 0 56 79 13 0 37 0 0 52 51 0 93 0 0 12 0 0 0 0 0 0 0 0 74 0 0 43 71 
31 0 0 0 0 0 38 0 0 0 75 83 0 0 50 0 0 6 0 46 0 0 0 0 0 0 0 0 0 0 0 0 0 0 0 0 0 0 0 0 0 0 0 0 83 0 32 34 0 0 0 0 98 80 0 0 0 0 56 0 0 0 0 0 0 0 29 61 96 0 0 0 0 1 0 0 0 0 0 0 0 0 0 0 0 0 0 35 53 0 0 0 11 0 0 0 0 0 0 0 
14 0 0 94 68 72 0 29 0 0 0 9 71 0 0 32 0 0 0 0 0 19 32 0 47 0 0 0 0 0 0 0 95 2 0 0 0 0 0 0 0 6 70 0 60 0 0 0 0 0 0 0 0 0 0 0 0 0 0 92 0 0 0 0 0 0 0 0 0 0 0 0 99 0 31 0 0 0 0 0 63 0 0 75 0 40 0 0 0 0 0 0 0 0 0 0 0 87 0 0 
0 0 43 0 86 0 0 0 0 60 26 2 73 0 0 0 63 0 78 0 0 0 10 0 0 0 0 0 0 0 0 0 0 0 0 26 0 0 0 0 72 20 0 0 0 0 0 62 0 0 0 0 25 28 0 0 0 0 0 0 0 0 0 0 0 0 0 0 95 0 0 0 0 0 0 0 44 0 0 0 0 39 0 75 0 0 0 0 0 28 89 0 0 11 41 0 0 0 0 0 
21 0 0 0 0 0 0 0 0 0 0 0 0 0 94 0 66 25 0 0 0 0 0 0 0 0 0 0 0 0 0 0 0 0 0 0 97 47 0 0 0 0 95 0 0 0 42 0 0 0 0 20 0 91 0 0 41 0 0 0 0 93 64 26 74 78 43 0 0 0 31 0 24 90 16 0 64 31 6 0 0 0 0 0 0 0 0 0 43 0 0 0 5 0 0 55 0 0 0 17 
0 21 0 0 0 71 0 0 0 0 72 30 0 0 0 86 0 0 52 58 58 0 0 30 0 0 0 0 0 23 0 90 0 59 0 0 71 0 0 0 0 0 0 0 6 0 35 0 0 0 41 0 0 0 0 0 0 0 0 0 0 0 0 0 0 0 0 25 0 0 0 0 0 0 0 0 0 0 0 0 0 0 0 0 0 0 74 0 0 0 0 0 0 0 0 0 0 0 32 0 
0 0 0 0 0 0 0 0 26 0 0 0 0 0 0 0 0 0 90 0 0 0 0 0 0 41 0 61 0 0 0 0 0 0 69 37 25 0 0 0 0 31 0 0 0 0 0 0 0 0 0 0 0 89 0 78 14 0 0 0 0 75 0 0 22 0 91 78 0 76 0 0 0 0 0 0 19 0 0 0 0 0 0 0 0 81 0 0 0 0 0 0 0 0 0 61 0 65 55 9 
0 97 0 0 0 0 0 43 0 33 41 0 0 0 34 0 0 0 1 0 0 0 0 36 0 0 0 0 0 0 11 51 6 0 0 0 0 0 0 0 58 75 0 0 0 0 0 58 0 3 0 0 0 0 0 0 44 0 24 0 0 0 0 81 0 0 0 0 0 73 0 0 0 0 0 0 28 0 31 0 0 36 0 0 0 24 0 85 0 0 0 0 0 87 0 0 38 0 0 0 
10 35 0 6 0 36 0 47 0 39 0 0 0 0 0 26 0 0 0 0 0 0 0 0 0 82 0 66 0 0 0 0 0 0 0 0 0 0 0 0 0 0 0 0 0 0 0 0 0 0 0 0 0 0 30 0 0 0 0 0 0 83 0 0 0 0 0 0 0 0 48 0 0 0 0 0 0 46 0 0 0 0 0 0 0 0 0 0 0 0 0 0 0 0 0 92 0 0 22 0 
78 81 0 0 4 58 0 0 2 0 0 0 0 0 0 53 0 0 0 0 92 0 0 0 0 55 22 0 0 0 0 21 3 30 0 2 93 0 76 77 0 0 0 0 64 0 0 0 76 46 88 65 80 0 92 97 0 0 0 92 0 0 0 0 0 48 0 93 64 0 0 0 0 0 0 0 0 0 0 0 0 0 0 0 0 0 0 0 35 0 0 0 30 0 0 0 0 0 0 0 
0 0 3 0 0 1 0 56 0 0 0 0 0 0 0 0 0 0 83 0 39 0 26 0 0 0 55 17 0 0 0 0 0 0 0 0 0 0 30 0 0 0 0 0 85 97 0 0 58 0 47 0 0 0 0 0 55 62 50 0 44 0 0 0 0 0 24 0 0 0 93 0 0 0 0 0 0 0 44 0 0 95 78 85 21 19 99 0 0 0 0 0 49 0 0 0 0 0 50 0 
54 0 8 0 0 0 0 2 0 0 0 0 0 4 0 0 0 0 14 3 27 80 0 0 0 74 0 0 55 0 36 0 0 0 0 59 0 0 0 0 0 0 0 0 0 0 0 0 0 0 0 0 0 0 0 29 0 0 0 94 0 37 0 0 0 0 18 0 0 38 0 0 91 0 2 0 49 66 0 0 39 0 0 0 0 0 0 0 87 0 0 0 0 0 0 0 0 0 29 0 
0 0 35 0 0 0 0 0 65 61 0 0 0 0 0 0 0 21 0 0 0 0 26 0 0 40 0 0 0 0 0 0 0 0 0 0 0 93 99 0 0 0 0 0 60 0 0 65 0 0 0 0 0 0 32 0 0 0 0 0 0 0 0 90 82 0 0 84 0 0 0 51 0 64 15 0 0 40 0 0 0 0 0 0 0 0 79 0 0 0 0 47 0 69 0 0 0 0 0 0 
0 0 0 8 0 0 0 0 35 0 0 0 94 0 0 0 0 0 0 42 81 0 0 0 0 0 0 0 0 0 0 7 0 0 0 0 48 0 17 0 0 78 0 0 0 0 42 0 0 0 0 0 0 69 0 0 0 0 0 0 0 0 0 0 0 0 1 0 0 0 82 0 0 0 0 0 30 0 0 0 58 0 0 0 0 0 0 16 83 0 67 0 0 0 0 0 0 88 0 0 
18 40 43 0 0 59 0 0 0 0 0 8 8 0 0 80 0 0 0 0 0 88 0 0 0 0 0 0 0 76 0 0 0 0 0 0 0 0 31 0 13 0 0 60 0 0 0 6 12 9 0 0 0 0 0 0 0 0 0 0 0 0 0 0 0 0 0 0 0 0 0 0 1 69 0 0 0 47 0 80 31 0 0 0 0 0 0 0 0 0 43 0 0 0 0 0 0 0 93 0 
0 0 0 0 0 0 11 22 0 0 0 0 0 0 0 0 89 0 0 0 0 0 0 0 0 0 0 0 75 0 54 0 0 1 0 0 39 0 65 11 0 22 0 0 67 0 34 9 0 0 93 0 0 0 0 0 0 0 0 0 0 0 0 0 0 0 0 0 0 64 0 71 0 0 0 0 0 0 0 0 43 0 29 12 0 28 0 0 0 0 5 0 53 0 5 0 0 0 0 0 
48 0 68 0 61 0 0 0 41 0 0 0 0 0 0 0 0 0 0 0 97 0 0 0 0 0 0 89 0 0 15 0 0 0 0 87 0 0 0 0 23 47 0 0 0 0 0 0 94 71 0 0 0 50 0 16 15 0 0 11 0 5 0 0 0 0 0 0 90 0 0 0 71 64 2 0 0 0 0 0 0 0 19 0 0 0 0 9 0 0 0 0 0 0 70 0 95 7 0 20 
0 17 60 36 0 0 0 70 0 0 0 21 0 84 0 4 0 0 0 0 0 0 99 0 0 0 0 0 0 0 0 0 0 0 0 0 0 0 0 0 0 0 0 0 0 35 78 50 10 0 0 29 0 0 94 0 0 0 0 33 0 0 0 95 0 0 26 0 0 0 0 0 0 0 0 61 0 0 0 0 15 0 0 0 0 76 40 0 0 0 0 0 0 0 51 0 0 36 0 0 
0 0 91 0 0 25 0 64 0 0 0 0 0 0 0 0 0 46 0 0 0 92 95 0 0 0 0 26 45 0 0 79 0 78 0 0 0 18 0 0 0 0 0 0 0 0 0 16 0 0 0 14 48 0 0 58 0 0 0 0 0 0 0 0 0 0 0 0 0 64 0 0 0 0 0 0 0 0 0 0 57 0 76 0 73 0 33 0 0 0 0 0 0 24 0 0 0 0 0 22 
42 0 0 0 0 12 0 0 0 0 0 0 0 0 74 0 27 0 0 0 0 47 0 0 0 0 0 12 0 0 0 98 0 0 0 0 19 0 5 0 0 6 0 0 0 0 0 0 0 0 92 0 0 0 0 0 0 0 0 18 27 0 27 0 0 0 0 0 0 0 0 0 14 4 0 0 0 0 0 0 0 0 98 12 0 71 56 20 0 0 0 0 24 0 0 67 0 0 0 87 
0 0 0 38 0 0 0 0 0 74 15 0 22 0 0 0 0 0 80 0 69 0 0 46 0 0 0 71 0 0 70 0 0 0 0 0 0 0 0 0 0 3 0 0 73 40 0 24 0 39 40 6 0 0 0 0 0 0 0 0 0 0 0 0 0 0 0 0 0 81 0 77 54 84 45 0 0 0 36 0 0 7 0 0 0 0 44 98 48 51 0 0 32 0 0 0 49 0 0 0 
0 0 0 0 38 0 0 91 0 0 12 13 95 0 0 0 0 0 24 0 0 0 0 0 0 0 0 98 0 0 0 0 0 0 0 69 6 0 0 0 0 0 0 0 0 38 0 0 0 0 0 0 0 69 0 0 0 0 0 0 0 56 99 0 0 0 15 1 0 0 0 0 0 0 38 0 45 0 0 0 0 0 0 0 0 71 0 0 42 30 0 79 0 0 45 0 0 96 0 9 
0 0 25 0 0 0 0 0 0 0 39 0 0 0 0 0 0 0 0 4 0 0 0 0 28 0 75 0 0 56 0 0 76 0 99 0 0 0 51 0 0 0 0 0 77 0 0 0 0 0 0 0 0 34 0 59 75 0 0 0 26 36 0 0 0 74 0 0 0 0 0 0 0 0 0 0 0 0 52 0 0 95 0 0 0 51 0 0 0 0 57 0 0 0 0 18 78 0 0 0 
0 0 0 0 19 0 0 0 97 0 0 0 11 0 0 34 0 0 0 67 0 0 0 90 0 0 0 56 85 58 0 0 0 0 0 0 42 0 0 19 0 0 0 0 88 0 0 0 74 84 0 0 0 0 0 0 0 0 0 0 0 0 0 51 0 0 0 0 0 0 3 0 0 0 0 0 0 39 0 0 0 0 0 0 0 0 0 0 0 79 7 0 0 94 0 0 0 0 0 0 
0 0 0 0 0 0 0 0 0 0 0 41 0 0 0 0 0 0 0 0 0 0 9 0 0 0 0 0 0 0 0 0 0 0 12 5 0 0 0 0 0 0 0 38 88 81 0 0 52 2 0 27 0 97 93 0 0 0 0 0 0 0 3 0 0 0 0 0 99 0 44 0 0 0 0 0 0 0 90 0 49 0 0 0 0 58 0 0 0 0 0 0 0 32 0 0 0 0 0 0 
2 0 0 6 0 87 0 0 0 0 14 0 0 0 0 0 0 0 0 7 0 62 0 98 0 0 0 0 0 63 87 0 20 0 48 0 0 0 0 0 0 0 0 0 0 0 0 0 76 0 79 0 0 27 0 0 0 0 0 0 3 0 81 0 0 0 46 0 0 0 64 0 0 0 0 0 0 0 0 68 0 0 0 0 0 78 0 0 0 0 0 80 0 0 0 0 0 32 0 0 
0 74 0 0 0 0 0 0 0 0 0 0 0 0 0 92 0 0 0 48 0 0 17 0 0 0 0 25 0 52 97 0 0 0 0 0 0 79 84 0 0 90 56 0 0 0 0 0 0 0 0 0 45 0 7 0 0 0 6 41 0 0 0 0 0 3 0 0 0 0 0 0 0 0 0 0 0 0 0 0 88 0 0 75 0 0 53 0 14 0 13 0 0 24 0 57 80 75 0 0 
0 5 0 52 0 0 0 83 0 0 75 36 0 0 0 0 56 0 0 0 0 0 0 89 72 0 0 0 0 0 0 0 0 0 0 0 0 0 0 0 0 0 26 0 0 0 0 0 0 0 0 60 87 0 84 82 0 0 92 0 0 97 0 0 0 2 0 90 0 82 10 61 0 72 0 0 20 0 0 35 0 75 0 0 0 0 0 0 93 0 0 0 0 71 20 0 0 0 0 33 
0 0 0 0 67 0 0 0 0 18 0 0 0 1 0 73 59 0 0 0 0 92 0 0 84 49 0 0 0 0 0 0 0 58 0 73 0 52 0 0 0 0 0 0 0 6 0 0 0 0 37 12 86 0 0 0 37 0 0 0 0 23 0 94 0 0 0 0 0 0 0 0 89 0 46 86 0 76 0 0 0 0 0 0 58 0 0 0 0 0 71 0 0 0 0 0 0 0 0 0 
0 0 34 0 0 0 0 0 0 0 0 0 56 0 0 0 0 53 0 0 0 0 17 18 60 0 0 0 63 0 0 0 64 0 0 84 19 0 66 0 0 0 60 0 0 0 0 10 0 0 0 0 0 0 20 0 0 0 0 0 0 0 0 0 36 0 0 0 0 50 0 0 73 0 0 89 80 0 0 0 0 0 0 0 0 5 0 53 0 0 0 0 0 0 0 0 0 24 0 0 
0 87 0 0 0 0 0 0 0 41 0 0 0 42 0 0 0 0 20 0 0 0 0 0 0 58 99 0 0 0 86 0 0 0 72 88 0 0 34 55 0 0 0 64 0 45 0 0 0 0 8 0 0 0 0 51 0 0 0 61 20 0 0 0 0 0 0 66 0 0 0 10 0 0 0 0 0 0 67 0 0 86 0 0 0 0 82 44 0 0 69 0 0 55 0 0 0 0 0 0 
0 0 83 57 0 88 0 44 0 0 0 0 0 0 0 0 0 0 0 0 90 0 0 0 59 0 0 98 0 0 0 88 0 0 0 0 0 0 29 0 0 0 0 0 0 0 0 0 0 0 0 77 77 0 0 0 0 0 0 0 0 66 0 0 0 0 0 0 94 0 0 31 0 51 0 0 52 0 0 0 0 0 0 0 0 0 0 0 0 0 0 0 27 0 0 0 0 0 61 0 
0 0 0 5 0 0 0 0 63 0 79 0 5 0 0 9 45 0 0 79 0 0 0 80 0 0 0 33 0 0 43 51 0 0 0 55 67 0 0 0 0 2 0 96 0 0 0 0 0 0 0 10 0 0 22 0 0 0 86 0 0 0 0 55 0 0 12 0 0 0 0 0 27 0 34 14 0 91 0 91 0 0 0 40 0 0 0 0 0 47 56 0 0 0 0 87 0 0 47 0 
0 0 0 0 0 0 0 37 0 0 63 0 0 0 0 16 0 0 0 21 92 0 0 0 0 9 0 0 0 0 0 0 0 31 61 34 28 0 0 0 0 0 0 0 0 0 0 0 0 0 0 0 0 0 0 69 0 54 13 65 90 0 0 0 53 0 0 0 0 0 0 0 0 88 88 0 0 0 0 12 0 0 0 60 0 0 0 51 76 35 26 44 0 0 0 0 49 65 44 0 
0 85 0 0 0 0 0 80 0 7 0 71 0 15 0 0 0 0 0 67 0 74 34 0 78 0 0 0 0 5 0 18 0 0 0 0 79 78 0 98 0 65 7 0 0 0 0 36 65 0 0 0 0 0 0 58 89 0 0 0 0 0 0 0 0 76 0 0 93 0 0 0 0 0 13 0 0 38 0 0 46 0 25 91 0 0 0 0 0 52 0 0 0 0 0 0 0 0 0 0 
0 0 0 0 2 51 0 19 0 0 0 0 64 88 0 0 0 0 72 0 51 0 0 0 0 0 0 0 0 0 0 0 20 0 0 81 0 0 0 0 0 66 4 65 0 0 0 0 0 0 0 0 98 0 0 53 0 72 2 90 13 83 0 0 88 0 0 0 0 41 0 0 0 0 0 0 0 73 0 20 0 0 0 0 0 96 48 0 12 0 47 0 0 0 0 0 0 0 0 5 
96 0 0 0 0 0 69 0 0 0 0 0 0 32 30 40 0 0 0 0 0 0 29 0 45 49 0 0 0 0 0 28 0 0 91 0 0 0 0 0 0 53 0 49 37 90 0 0 0 0 0 0 0 94 0 0 0 0 23 0 0 15 0 0 0 0 0 0 0 0 96 0 0 0 22 0 0 0 0 0 0 35 19 0 0 62 0 0 0 0 0 0 0 0 0 0 0 0 0 0 
7 0 0 0 0 0 0 0 0 0 24 0 0 0 0 88 0 64 0 0 21 0 0 0 8 86 0 57 76 25 0 18 22 0 0 0 0 0 0 48 0 78 13 0 24 0 0 42 0 82 0 13 0 43 0 0 0 52 0 73 0 0 57 0 7 66 0 0 67 0 37 15 0 0 0 73 0 0 0 64 0 0 7 0 85 0 0 0 0 0 57 0 0 0 5 50 0 0 74 38 
0 0 0 93 41 23 25 0 0 20 0 96 0 0 0 0 32 0 0 0 0 0 42 0 0 97 0 0 0 34 0 0 21 0 0 0 0 39 0 94 0 35 0 0 0 0 0 0 0 45 0 0 0 0 0 0 0 0 0 0 0 0 0 0 0 87 13 0 0 0 0 0 0 0 0 0 0 0 0 0 89 0 0 0 0 0 57 0 0 0 25 0 0 40 0 0 0 0 0 0 
0 0 0 36 28 55 38 0 0 0 0 0 45 0 0 0 0 0 0 0 0 53 26 0 0 0 0 12 0 32 0 0 0 0 0 0 0 57 0 60 0 0 0 0 0 14 0 33 0 59 0 48 0 0 0 0 0 0 0 0 59 0 0 88 0 0 24 0 0 80 0 0 11 0 11 0 0 0 0 33 0 37 4 0 0 0 24 0 0 0 0 0 0 2 0 0 10 0 1 0 
24 0 0 0 0 40 26 0 0 0 0 0 0 75 0 0 0 12 76 0 73 0 0 0 0 0 0 1 0 0 0 0 0 40 99 0 0 0 0 0 0 0 0 0 0 0 0 0 0 0 0 94 42 28 0 0 65 0 0 0 0 0 0 0 70 0 0 0 0 44 0 0 0 27 30 14 0 27 0 0 0 0 0 0 0 0 61 0 0 72 0 0 98 0 0 0 0 65 0 0 
0 0 0 0 94 0 0 0 0 69 0 0 0 0 0 0 0 0 0 0 0 66 75 64 0 7 0 0 0 0 0 0 58 0 0 87 0 68 0 0 0 0 0 0 0 77 0 0 0 0 0 0 0 21 45 0 14 0 0 0 0 67 0 99 0 0 4 5 0 60 0 0 0 13 0 12 0 0 0 0 0 0 6 0 0 0 10 0 10 0 3 0 20 0 0 0 25 0 32 54 
0 0 94 0 37 0 0 0 0 0 0 71 0 0 0 83 79 0 0 0 0 0 0 0 0 0 0 0 0 0 0 0 9 0 0 0 0 16 11 25 0 0 0 0 0 0 0 0 0 0 18 55 0 55 68 0 0 0 0 99 0 0 0 0 0 0 0 90 48 0 0 0 75 0 0 0 0 17 0 0 0 0 0 0 0 53 0 0 87 0 0 0 85 38 0 0 65 54 0 0 
0 0 0 0 74 0 0 0 0 0 28 0 0 0 0 81 84 0 0 0 51 0 0 0 0 0 0 0 0 0 0 0 0 0 0 0 79 0 38 0 0 0 0 0 0 30 98 0 0 0 0 50 0 0 3 42 0 0 0 0 0 0 61 0 0 42 0 0 0 0 89 0 0 0 52 0 19 0 0 0 0 0 0 0 0 0 0 0 0 0 0 0 0 0 0 0 51 0 0 0 
0 90 0 0 0 0 0 0 20 61 0 0 97 39 93 42 0 0 0 0 0 0 0 0 0 46 0 44 78 0 0 0 0 0 0 69 0 23 0 9 0 0 86 0 37 0 0 0 0 0 0 0 0 0 0 0 6 0 0 0 0 0 0 0 0 0 0 72 18 0 0 45 14 6 0 0 0 2 0 0 0 0 0 0 0 0 0 8 0 0 0 38 0 0 49 0 0 0 0 65 
0 26 0 2 0 64 0 39 60 85 0 0 92 0 0 0 83 46 0 0 0 0 0 0 15 0 0 0 0 0 0 0 75 0 0 0 0 0 30 0 0 35 0 0 0 0 0 0 0 0 26 0 0 0 0 0 0 0 0 0 0 0 0 0 0 0 0 4 0 53 7 37 0 53 3 0 91 0 72 0 21 0 0 89 34 0 0 0 0 0 45 16 96 0 0 0 0 0 0 0 
0 0 0 39 0 0 0 0 0 86 0 0 0 86 0 0 36 0 0 0 0 0 0 88 0 0 0 13 0 0 59 0 64 0 0 0 0 0 0 0 0 20 0 0 3 24 0 0 87 45 0 0 0 29 0 0 0 0 0 44 80 0 0 0 0 55 0 0 0 0 0 0 0 0 0 0 92 0 0 0 17 0 0 72 0 0 57 0 81 0 39 14 0 0 0 62 9 11 0 0 
4 54 0 95 0 0 0 0 0 0 0 0 0 0 0 0 0 42 0 0 0 0 0 0 0 75 68 47 0 0 0 0 0 0 0 0 0 0 0 0 0 44 0 0 81 88 0 13 0 0 0 0 0 61 39 0 0 0 44 0 0 0 0 0 0 9 0 0 0 0 0 0 0 0 0 0 0 98 0 0 48 0 0 0 0 0 4 0 0 0 0 92 0 0 16 21 0 67 0 0 
11 0 0 0 0 95 44 13 56 0 0 0 49 0 0 0 0 0 0 0 0 0 0 90 0 0 0 0 0 85 0 39 0 0 1 0 20 63 15 16 0 65 86 0 0 0 0 0 99 22 0 0 32 1 0 33 93 30 0 89 0 0 0 97 0 0 55 0 30 0 0 0 62 0 0 0 0 0 8 30 0 0 0 0 0 0 0 0 0 0 0 0 90 0 0 52 0 0 94 0 
0 66 0 0 83 35 0 0 0 0 64 16 0 78 0 0 0 0 0 0 0 0 0 0 0 0 0 4 0 54 0 0 0 0 0 32 0 0 0 10 0 0 0 0 37 98 0 0 0 45 0 0 97 0 0 0 0 0 0 0 0 0 20 0 0 0 0 62 0 69 72 0 0 0 77 0 41 0 0 0 0 0 0 0 0 0 97 0 0 0 0 0 45 0 0 0 0 0 0 0 
0 0 0 0 35 0 61 54 0 0 0 13 0 0 44 0 0 5 0 0 0 0 0 64 0 0 22 0 69 2 0 0 0 0 0 0 0 0 0 64 46 0 20 62 26 0 0 0 0 42 0 0 60 0 0 0 0 0 0 0 0 0 0 3 0 0 0 33 31 0 0 0 0 62 0 0 0 0 0 0 62 46 0 0 0 0 0 0 64 0 0 0 20 0 16 0 54 0 0 0 
0 0 0 0 0 0 0 73 0 5 0 0 0 0 0 0 0 0 0 0 0 0 16 0 0 0 32 0 90 0 0 29 86 0 88 0 0 0 4 18 75 75 0 0 0 0 2 0 0 0 0 57 0 0 0 0 0 0 36 0 0 60 0 22 0 0 0 0 96 0 0 67 31 93 0 0 13 66 0 0 0 0 61 52 0 0 0 0 0 93 0 5 85 0 0 0 0 0 15 0 
0 64 0 0 29 0 0 27 0 0 0 0 0 0 15 13 0 0 0 0 0 0 0 0 34 0 0 55 0 25 62 0 0 0 0 0 91 0 10 10 0 0 0 0 0 0 49 0 0 0 72 26 70 0 51 0 0 0 0 0 0 0 0 0 0 95 0 0 0 0 0 0 0 48 30 0 0 0 0 0 0 0 0 0 46 69 0 6 0 0 32 0 0 0 0 0 0 0 0 0 
0 0 0 29 45 0 0 0 0 54 0 0 0 0 25 0 77 19 0 0 0 0 0 80 0 0 0 0 0 0 0 37 0 9 0 0 0 0 21 0 59 0 0 75 0 0 0 0 0 0 0 0 0 99 0 0 0 0 0 0 97 97 0 0 0 44 0 0 0 0 0 0 0 0 0 0 0 0 0 0 89 0 0 0 0 0 0 0 0 0 0 0 0 0 50 0 0 0 0 49 
0 0 30 0 22 31 0 0 0 46 87 0 0 23 32 18 0 0 0 23 0 0 0 0 45 0 0 42 0 0 0 28 0 0 0 0 0 96 0 0 0 6 0 0 0 0 71 0 0 0 0 0 0 43 0 88 80 0 0 0 0 94 0 0 0 0 0 18 0 0 71 0 19 0 0 0 0 0 0 0 29 0 0 53 0 6 58 0 0 40 0 0 0 75 0 0 0 96 0 0 
0 0 0 0 0 0 0 0 5 13 0 39 0 35 0 0 0 0 4 0 70 18 0 0 0 0 0 53 0 0 0 0 0 32 92 36 0 0 0 0 0 0 0 44 57 0 49 9 0 0 44 0 12 0 45 76 0 0 4 0 37 0 0 88 0 0 0 0 0 0 51 1 49 0 0 0 0 11 0 0 0 0 0 0 0 0 65 0 0 0 0 0 0 81 34 89 0 0 0 67 
0 0 0 0 0 0 0 5 0 86 0 0 0 0 0 0 0 23 0 0 56 95 0 0 0 53 0 40 5 6 0 0 0 37 0 0 50 0 0 55 0 0 0 0 0 0 0 67 0 93 0 0 0 0 91 0 0 0 68 0 0 45 0 0 0 0 0 0 0 0 0 0 0 77 88 0 0 0 0 0 0 0 76 0 0 0 0 0 0 0 0 0 0 0 53 0 0 0 17 0 
0 0 0 0 1 0 81 0 0 0 0 29 0 0 0 0 63 0 0 36 0 67 0 0 0 44 0 0 0 65 0 0 2 15 0 0 85 45 97 0 0 0 0 0 68 93 0 46 0 0 0 0 0 0 0 0 0 0 0 0 0 52 0 0 0 0 0 0 0 61 0 0 0 91 0 0 0 0 0 0 64 0 0 25 19 0 0 32 0 0 0 0 0 0 0 0 0 94 24 0 
0 0 0 0 40 0 0 0 0 26 0 20 0 0 0 0 0 0 0 0 0 0 0 0 95 0 0 0 0 0 0 54 0 12 7 0 99 22 0 0 72 0 37 0 0 0 0 0 0 0 0 0 0 0 0 50 0 0 93 69 42 0 0 0 21 0 49 0 0 52 3 0 0 0 0 0 91 0 0 0 0 0 0 0 0 0 0 0 0 0 0 0 0 0 0 0 61 85 0 0 
0 39 52 0 35 0 64 0 0 0 0 0 0 0 0 0 0 50 0 0 71 0 0 0 23 0 0 0 0 0 0 0 0 0 0 16 0 0 0 0 0 0 0 0 0 73 0 46 84 0 0 0 57 75 0 0 67 95 0 0 95 24 0 65 0 4 0 74 0 0 47 48 0 0 0 0 97 0 86 0 57 0 0 0 0 0 60 0 0 0 0 0 0 32 0 0 0 74 94 0 
0 0 78 0 0 0 0 0 0 0 0 0 0 0 0 89 56 0 0 0 0 0 0 0 0 0 0 75 0 0 0 39 0 0 0 24 0 0 0 0 0 0 0 0 0 0 0 59 0 0 79 0 0 0 22 39 0 0 0 0 0 0 0 10 24 53 0 0 50 0 0 0 0 0 0 0 82 0 0 0 0 82 0 0 0 0 0 0 0 0 0 0 0 0 0 0 0 97 0 0 
0 0 0 0 2 95 0 59 28 0 0 79 0 0 77 24 0 0 0 97 0 0 50 0 0 28 0 0 0 0 79 0 28 0 0 0 1 0 0 0 93 0 0 80 15 0 0 81 0 0 0 0 0 0 66 0 0 0 36 97 0 0 0 56 0 0 0 24 0 0 0 0 18 0 0 87 0 0 0 96 0 0 0 0 15 0 0 90 0 39 0 47 0 0 0 0 0 0 31 0 
49 17 0 0 84 0 0 0 0 0 0 0 0 22 0 0 92 0 0 0 38 0 0 0 0 0 0 0 3 31 9 0 34 98 0 0 0 0 9 3 37 0 0 0 0 0 0 0 0 0 0 83 94 0 0 0 0 0 0 0 0 0 0 0 4 0 94 0 0 0 86 0 0 0 23 0 0 0 0 63 0 0 0 0 0 0 60 0 0 0 0 0 0 0 0 0 0 0 0 0 
82 0 84 0 38 0 0 0 0 57 0 0 0 57 0 0 95 0 0 0 38 0 0 0 0 0 86 0 0 0 92 96 39 64 0 0 0 0 0 0 0 0 0 0 0 0 0 0 0 44 43 0 0 0 0 0 0 0 0 0 4 49 13 0 0 0 73 60 0 0 11 0 0 0 0 0 0 0 66 0 0 0 14 0 0 58 0 0 0 0 0 0 0 0 0 0 0 0 49 0 
