100
0 0 0 0 80 0 0 0 12 69 70 96 0 75 0 22 0 69 58 15 0 62 62 28 0 18 0 0 13 85 54 0 78 51 0 16 0 77 57 0 72 61 0 0 40 17 0 0 79 0 40 17 17 99 0 0 65 51 0 0 64 0 0 30 42 0 0 0 0 0 43 83 13 28 23 0 0 77 89 2 27 0 0 0 69 31 0 89 4 6 71 75 0 48 2 0 93 0 4 0 
98 0 0 98 78 97 0 26 87 62 77 80 0 0 88 0 0 27 0 0 0 0 29 0 72 0 8 73 12 0 0 0 0 76 0 86 0 1 42 0 21 0 68 6 50 0 0 0 8 28 24 8 0 61 27 50 33 45 0 34 64 0 0 25 0 71 14 0 0 0 24 22 44 9 42 61 5 0 63 13 0 0 0 0 6 0 0 14 0 0 0 52 3 0 51 91 76 0 54 63 
86 90 0 61 0 0 95 8 76 75 0 0 0 0 0 0 64 63 98 43 85 0 81 0 96 1 45 35 94 85 0 0 32 80 38 59 77 0 0 38 62 7 0 84 17 0 68 0 0 45 87 16 0 69 9 89 65 77 51 0 97 0 79 0 55 0 0 0 80 84 32 66 0 79 0 25 0 82 69 0 45 0 90 0 0 0 71 0 45 0 2 0 0 11 0 0 86 98 96 94 
97 0 0 0 70 15 0 57 0 0 0 0 0 0 61 0 40 40 32 44 38 0 0 0 0 65 0 6 0 22 0 50 0 46 37 15 27 93 41 85 34 0 41 66 0 63 0 0 34 0 0 73 88 0 22 0 0 0 0 37 26 0 59 35 0 57 92 0 64 42 35 0 0 0 80 12 0 10 57 0 91 25 88 7 0 37 0 0 0 99 0 75 0 0 1 0 54 0 0 32 
0 0 60 0 0 71 0 53 0 50 61 0 0 0 0 68 38 0 53 98 57 47 80 0 0 0 22 85 0 4 0 91 13 78 68 0 0 0 0 33 38 0 51 59 0 56 73 26 35 13 52 0 0 0 0 0 67 38 0 0 19 39 73 0 17 8 25 0 0 0 68 46 0 2 35 0 44 0 25 64 33 8 0 92 0 0 99 93 0 0 0 35 0 49 34 99 0 53 9 46 
68 0 37 0 0 0 0 19 0 0 0 0 0 67 55 8 0 0 0 36 31 36 0 80 42 77 58 68 26 0 69 0 76 78 0 70 48 0 69 45 29 0 98 51 0 38 0 0 19 70 0 41 79 0 0 52 16 45 0 54 0 0 0 0 5 0 17 68 0 0 0 0 81 25 0 34 33 0 0 54 57 33 60 0 87 0 0 0 75 80 0 0 0 0 0 91 22 0 0 0 
56 63 0 17 29 13 0 9 0 38 56 0 11 0 0 39 0 57 42 4 58 0 0 78 90 61 0 43 0 0 16 0 5 0 0 0 81 0 0 0 0 0 75 96 2 79 0 5 92 0 0 0 11 0 22 0 0 76 0 95 0 24 13 58 0 74 68 2 81 86 0 0 19 26 47 94 0 0 0 76 68 3 0 0 0 0 0 0 0 0 0 27 83 27 86 77 8 0 0 0 
5 0 0 0 0 0 0 0 0 0 0 18 0 0 0 0 68 0 73 2 36 14 95 58 89 29 0 84 0 0 81 0 0 37 55 0 0 17 0 0 0 0 0 0 84 0 0 71 71 0 0 6 46 0 81 62 13 0 0 63 66 76 0 99 0 49 18 0 23 0 0 0 41 17 64 0 0 17 0 0 30 68 62 25 0 0 0 0 0 81 67 29 38 60 0 0 54 73 23 14 
0 0 0 72 64 31 90 45 0 0 0 23 46 68 52 29 12 0 0 0 0 0 77 0 39 26 0 92 0 0 68 0 74 21 0 0 0 0 29 19 0 84 0 59 0 25 0 6 0 0 65 37 41 86 0 0 48 93 0 17 87 0 29 61 72 46 85 23 86 14 0 0 20 5 0 0 33 10 0 0 0 0 13 52 69 29 36 0 0 0 0 41 0 0 36 2 80 0 0 66 
0 0 0 58 0 95 0 36 10 0 0 0 52 0 60 0 79 91 12 0 0 0 0 0 0 87 66 0 0 0 13 95 19 46 10 0 59 8 0 55 0 0 0 0 42 94 0 0 0 0 64 0 30 74 0 0 0 0 74 0 69 0 0 69 68 29 2 14 0 25 69 0 70 0 4 78 0 92 23 42 45 22 85 0 74 98 56 30 6 0 0 49 45 65 41 0 0 0 0 0 
0 0 28 86 0 98 0 89 30 81 0 8 0 14 0 41 14 26 74 56 0 0 89 41 0 27 0 0 24 67 0 0 0 93 93 0 84 0 11 18 0 32 82 0 0 0 0 0 0 20 0 59 3 0 3 97 0 82 92 70 0 92 0 0 41 99 9 46 0 0 8 0 71 0 0 13 17 0 0 0 0 0 56 19 0 99 74 0 97 0 0 62 0 7 13 62 54 0 0 95 
0 0 98 13 87 91 12 0 0 85 0 0 0 0 94 51 0 87 0 0 38 18 85 59 28 54 61 0 0 5 0 0 0 0 0 45 0 69 9 81 0 0 0 0 0 49 0 0 36 0 0 0 14 27 96 0 9 0 0 0 31 27 0 0 29 12 0 0 67 0 0 45 0 95 0 0 88 8 0 0 28 0 0 48 42 0 98 82 30 23 1 76 71 83 0 0 24 0 0 0 
92 37 46 49 70 2 0 50 0 0 89 49 0 98 0 84 67 83 52 0 72 0 57 72 0 2 0 0 0 16 87 75 62 73 0 0 0 74 0 0 0 0 0 0 0 4 42 6 25 52 0 5 1 0 0 16 16 49 31 0 56 0 0 0 0 10 0 0 97 0 69 44 13 12 43 0 54 53 45 7 33 9 21 80 0 30 0 77 11 19 0 93 8 0 0 0 5 0 49 19 
0 48 24 96 66 0 25 31 0 26 0 59 0 0 87 0 98 0 32 0 0 70 0 59 99 0 26 71 0 0 59 0 0 0 0 0 85 0 72 0 0 0 78 0 0 44 97 43 94 69 0 33 54 30 10 53 35 0 0 0 0 34 0 0 5 0 55 0 0 27 0 58 45 0 69 41 94 22 0 42 18 26 0 0 31 0 99 0 0 65 0 27 92 89 0 0 0 0 0 35 
28 0 27 0 50 0 69 77 0 0 26 0 15 0 0 0 0 12 0 0 55 0 93 78 0 73 0 0 72 23 0 0 0 0 17 36 1 0 75 4 0 0 53 0 27 25 0 2 13 0 0 41 0 0 0 59 0 0 54 70 0 19 0 0 84 51 58 0 0 0 96 0 31 86 4 87 0 0 18 0 40 24 60 0 59 0 32 17 0 0 0 17 0 26 64 0 0 10 27 0 
0 31 91 64 0 0 0 40 0 80 0 0 0 53 46 0 0 0 0 0 50 0 52 0 47 0 98 0 0 0 77 0 0 0 0 0 0 0 47 0 0 0 0 37 71 76 0 5 58 0 13 0 0 82 34 7 0 0 0 75 0 0 0 0 24 14 0 26 0 12 0 99 8 0 32 0 37 0 0 0 44 4 20 28 0 2 0 0 0 0 67 99 17 0 51 0 50 77 34 97 
2 29 0 0 0 79 95 0 0 0 0 31 0 0 14 26 0 0 28 36 22 76 11 0 99 86 43 98 55 0 0 44 88 0 0 17 25 0 0 0 10 0 0 56 0 0 0 0 0 74 0 56 48 10 0 0 0 76 0 38 82 74 77 13 74 58 0 91 62 64 56 0 90 0 28 0 41 0 0 84 0 8 58 67 0 56 86 89 87 0 10 69 34 71 0 0 0 0 82 75 
0 0 0 0 57 64 0 65 23 0 0 0 0 62 0 91 68 0 0 29 0 0 0 0 47 87 0 3 0 0 0 54 0 0 20 0 0 0 82 9 0 72 69 0 59 85 0 13 0 25 0 98 0 0 0 23 0 0 39 37 0 0 0 83 0 0 27 8 0 0 12 46 0 31 3 35 0 0 0 0 0 19 74 72 46 0 8 51 0 73 0 40 72 85 0 0 77 3 7 11 
0 22 0 0 0 67 0 0 1 0 0 29 0 0 22 68 0 23 0 0 0 0 0 57 4 0 28 32 99 10 0 41 41 0 11 5 80 64 32 0 5 0 18 0 85 0 27 68 0 0 73 0 0 27 0 0 69 0 0 92 0 0 0 0 0 66 0 19 0 44 0 0 0 4 3 0 0 78 0 2 95 53 45 0 63 0 0 93 0 98 0 70 73 0 0 9 0 0 30 13 
0 17 0 0 0 0 0 0 97 98 0 28 52 15 1 42 0 0 10 0 0 1 63 26 0 9 61 0 0 0 21 0 42 0 0 83 49 0 84 0 68 0 46 12 0 94 0 0 0 0 39 0 0 77 0 87 0 0 56 0 55 33 0 99 44 88 0 31 0 80 0 0 0 27 30 85 0 57 0 0 14 50 35 22 0 0 0 0 47 78 0 73 88 18 0 0 0 0 0 0 
44 40 0 0 0 0 0 0 8 92 54 0 0 57 0 0 0 66 34 64 0 52 0 0 40 0 19 0 0 66 0 56 24 17 92 0 0 0 49 46 58 56 0 37 35 66 67 99 38 0 0 0 0 0 0 76 5 0 57 61 25 0 0 0 0 39 0 0 0 56 23 0 0 0 99 19 0 47 62 0 0 0 0 96 0 24 74 84 94 0 0 48 36 63 47 6 0 9 71 0 
0 40 22 19 0 0 71 0 84 37 24 0 96 0 76 62 0 14 92 0 0 0 0 87 85 50 0 87 46 0 23 0 5 0 0 0 76 0 50 0 0 0 14 57 74 4 0 59 0 0 86 0 0 61 0 0 0 38 0 46 13 55 0 0 47 0 0 59 0 36 0 15 15 0 0 0 33 0 0 0 77 45 0 0 0 0 62 75 0 0 43 0 0 0 45 0 0 0 6 0 
0 0 0 79 0 49 78 0 0 11 0 0 0 95 0 0 0 23 86 0 89 42 0 20 18 75 0 18 87 0 46 0 51 0 0 53 17 0 0 7 0 0 0 99 34 88 35 0 21 47 0 73 0 35 39 85 10 0 0 85 14 0 8 98 7 0 82 0 0 39 0 0 0 19 4 0 0 67 0 28 0 0 0 0 28 0 0 59 0 67 58 44 0 25 0 0 0 0 0 0 
0 24 96 14 16 0 0 0 32 91 0 0 0 0 0 6 3 41 0 0 43 0 0 0 0 0 71 0 42 0 35 0 70 28 14 0 0 0 55 0 64 0 2 0 40 22 0 0 0 0 7 0 61 0 17 0 48 0 1 0 6 24 0 0 37 93 0 0 0 6 58 33 47 0 48 51 98 9 60 0 80 0 0 0 0 0 23 0 81 18 89 0 63 20 51 30 0 20 17 1 
17 0 0 43 40 0 0 0 0 94 82 0 71 0 11 0 0 0 0 84 0 0 0 6 0 0 0 57 59 0 0 45 22 0 43 0 74 6 0 65 92 0 19 89 0 23 32 7 17 90 0 0 0 0 0 71 0 0 0 74 0 58 0 89 0 0 20 0 88 13 0 0 0 0 81 56 14 0 12 0 0 0 28 7 0 88 17 52 0 0 0 0 0 30 51 17 1 10 0 67 
0 10 0 0 15 0 0 0 0 0 0 0 0 57 0 95 0 0 20 0 81 0 0 43 73 0 44 8 0 0 39 50 26 19 0 69 37 0 89 0 39 50 20 0 7 88 0 0 99 0 56 44 0 0 69 0 25 7 0 81 44 38 0 0 21 25 76 52 17 0 0 0 0 85 1 13 26 0 0 0 73 94 36 1 0 0 0 0 0 56 18 0 0 30 53 81 58 76 12 69 
71 0 0 94 0 0 95 45 16 0 86 0 3 0 23 0 0 33 0 0 0 57 34 0 25 0 0 13 88 7 19 17 0 0 80 97 0 0 93 91 0 35 0 0 14 0 86 0 0 0 0 0 0 6 0 0 94 56 5 0 45 0 6 0 18 97 0 90 12 96 63 0 33 0 11 41 0 51 0 66 0 0 0 39 92 0 0 0 87 25 5 0 0 95 58 0 51 37 16 0 
97 0 0 0 0 0 0 0 0 15 11 89 57 0 21 80 0 0 0 47 78 0 0 81 0 0 0 0 0 0 0 0 48 17 77 0 94 75 93 53 0 34 0 24 88 54 0 0 75 0 0 57 0 53 0 0 0 18 6 0 26 0 61 0 0 70 27 66 3 77 80 8 0 24 0 0 0 0 27 0 0 67 2 0 44 75 0 0 17 0 99 0 0 90 58 20 23 23 0 0 
0 0 0 59 70 0 37 91 47 56 0 8 21 96 0 89 0 17 0 14 96 0 0 0 0 70 0 38 0 0 0 0 0 0 10 10 91 0 0 0 0 0 0 13 0 0 39 90 15 0 96 0 47 0 0 88 0 26 69 5 0 86 44 0 0 93 0 0 90 82 45 82 46 18 0 0 0 0 0 0 0 91 0 31 0 0 16 28 0 0 72 0 0 0 81 83 98 3 15 79 
0 87 0 0 0 93 13 57 84 65 0 0 0 23 0 83 40 79 0 81 0 96 48 69 53 95 0 6 59 0 3 0 0 0 13 18 0 0 8 30 3 79 46 2 0 0 0 0 64 56 47 13 38 0 42 36 85 58 84 0 0 67 1 45 0 23 0 78 0 0 0 0 55 3 8 15 21 45 63 0 0 87 0 65 32 0 30 0 9 0 31 42 72 91 0 0 49 99 0 0 
0 74 83 50 80 0 0 0 0 0 62 64 0 0 24 0 27 35 81 0 20 0 0 0 44 0 0 43 25 0 0 0 0 44 5 38 70 0 0 93 0 91 92 40 73 95 0 0 1 26 0 97 86 0 0 0 11 10 4 26 94 84 0 91 68 0 0 0 0 0 78 0 0 0 38 81 9 0 0 0 76 0 5 45 0 0 0 67 0 33 0 96 17 0 0 69 0 0 0 0 
74 42 2 0 0 4 17 83 62 0 51 47 0 77 90 71 0 0 0 37 0 71 91 43 0 0 0 54 54 12 16 0 72 0 55 0 15 0 78 0 90 0 0 84 0 74 0 0 0 0 12 12 96 0 0 83 3 20 54 95 0 69 0 0 0 0 36 79 28 0 0 81 77 10 37 4 0 61 93 30 30 0 0 68 0 0 37 9 0 0 0 67 0 0 70 86 18 25 96 41 
0 57 0 79 0 0 0 23 0 0 48 97 0 67 31 50 0 27 0 0 0 0 0 0 0 0 94 0 64 59 26 0 0 37 10 23 0 0 0 55 0 72 55 0 32 0 47 0 0 0 0 70 0 79 0 36 81 0 0 92 0 0 62 45 64 3 0 0 30 67 48 0 67 0 30 0 0 45 0 0 0 33 76 33 56 0 0 0 0 0 0 0 3 94 0 0 0 0 84 0 
0 0 0 0 0 0 45 0 0 0 0 97 0 74 21 99 25 68 39 50 0 62 61 0 87 0 74 0 49 11 0 95 0 0 0 0 0 0 22 12 60 4 15 0 0 15 7 0 34 51 0 49 16 85 86 0 0 0 0 0 33 84 0 0 96 15 0 0 0 0 0 79 4 0 69 84 0 80 0 0 0 83 90 97 36 28 53 63 67 41 0 99 0 0 30 3 0 40 0 0 
24 35 0 0 0 12 36 0 92 0 0 33 90 14 0 16 5 0 0 18 0 1 51 0 0 61 0 0 0 0 0 0 0 43 0 0 0 30 0 12 0 6 0 0 28 44 0 93 0 0 42 0 94 0 15 0 70 0 0 94 4 42 41 95 0 0 0 0 0 0 55 58 0 0 0 60 0 96 0 0 76 0 0 0 34 95 19 66 0 0 0 84 0 75 43 29 48 0 0 0 
0 0 0 0 34 0 30 38 17 98 12 0 5 6 0 67 0 17 0 0 58 7 0 47 79 0 0 93 0 0 0 52 0 45 5 0 56 66 38 0 0 0 0 80 1 0 18 0 0 63 62 52 0 35 19 0 75 0 0 2 98 68 51 38 17 78 16 7 0 13 0 49 0 8 75 11 0 13 0 0 94 29 92 35 39 87 0 16 0 0 0 94 15 26 0 1 93 97 54 64 
20 2 0 0 76 0 0 31 9 0 0 19 39 0 0 82 0 74 0 0 1 0 0 82 0 0 92 0 0 39 0 0 69 94 33 0 0 51 36 11 0 0 76 0 58 0 90 0 98 0 0 30 0 19 36 25 39 15 6 51 0 0 99 0 0 0 50 52 0 87 0 36 13 51 38 0 0 0 94 0 95 66 0 99 0 0 44 0 51 67 0 0 0 99 18 69 0 67 12 87 
0 0 53 0 61 23 29 0 30 0 65 0 0 81 17 41 75 57 0 7 38 84 92 11 0 15 95 0 70 44 47 52 6 63 0 0 0 0 2 0 0 0 9 0 0 0 86 99 62 13 0 0 0 31 60 85 0 84 0 0 0 0 0 0 65 68 0 4 0 8 0 2 95 0 41 0 0 0 75 0 89 35 44 22 71 35 0 11 65 0 37 0 52 0 0 0 6 0 0 0 
0 0 30 0 23 0 88 4 0 22 0 0 14 0 0 0 79 0 0 0 0 0 5 0 69 0 0 0 24 0 8 0 95 0 5 0 0 0 0 0 0 0 74 0 0 0 0 84 0 0 0 32 41 64 0 1 95 5 0 99 81 0 0 25 73 0 0 56 0 0 0 0 99 0 0 98 2 0 75 0 0 0 0 0 8 0 17 0 0 32 77 15 0 25 73 14 13 40 0 0 
33 13 0 0 0 0 72 40 0 0 0 0 15 42 0 90 8 0 31 80 0 78 0 63 0 98 0 0 43 0 0 82 0 0 0 94 0 65 87 0 0 36 66 0 0 84 0 53 82 93 73 0 95 0 97 14 0 78 13 0 78 0 0 19 0 95 86 76 43 0 17 97 0 0 0 0 12 70 0 80 0 20 51 0 0 0 0 32 14 44 0 89 0 0 0 0 0 20 0 0 
0 0 0 0 0 0 64 19 20 15 8 7 61 89 3 73 0 12 0 0 0 11 74 0 0 0 25 61 1 0 51 0 23 0 14 1 19 96 38 67 0 0 0 66 85 0 0 54 16 0 0 0 0 0 0 39 73 0 95 64 0 0 80 0 0 59 75 43 31 0 15 0 53 0 0 0 0 0 68 0 23 26 54 0 65 49 60 0 0 0 0 0 51 90 0 15 74 48 0 0 
0 37 0 22 65 78 77 94 0 35 0 18 24 35 6 99 86 0 81 56 0 3 15 67 7 0 0 0 62 0 0 87 0 0 0 73 38 48 42 0 54 0 82 74 85 0 33 65 42 42 76 0 61 3 13 57 0 2 46 0 33 4 39 73 15 0 98 0 0 90 0 0 0 0 0 0 0 0 73 0 0 68 0 9 0 0 14 0 0 71 43 69 0 0 56 59 71 0 65 26 
6 0 72 0 0 0 0 67 95 25 0 15 78 0 0 26 9 0 0 0 49 0 77 0 0 0 73 81 75 0 0 68 0 0 97 85 0 0 0 0 70 0 0 72 0 58 0 76 4 50 0 24 0 0 14 52 51 0 1 27 0 64 0 0 71 0 20 83 0 0 0 0 0 76 0 0 65 18 0 0 18 49 0 99 19 99 0 60 0 0 0 1 0 86 0 0 0 0 0 0 
72 0 0 0 0 0 0 97 0 15 90 64 41 19 2 0 0 95 44 0 0 0 0 15 0 61 73 0 0 0 0 0 73 80 80 0 7 3 24 60 0 0 0 0 46 28 55 64 0 14 0 0 0 0 0 41 0 0 0 39 0 0 89 31 86 0 0 0 0 30 44 99 84 56 0 55 0 27 0 0 80 0 0 0 1 0 0 71 0 0 0 90 0 82 0 84 0 27 77 0 
0 0 0 23 41 67 0 0 29 0 52 66 37 37 0 0 58 0 0 19 0 0 0 0 77 0 0 0 28 95 0 76 0 3 0 0 0 65 83 72 0 0 93 0 0 0 0 96 10 0 21 65 4 3 0 27 63 0 0 23 5 0 71 82 0 0 0 29 0 89 0 77 0 0 0 56 0 3 0 0 64 0 27 0 83 0 0 0 0 34 9 0 0 0 48 15 0 14 0 0 
0 1 3 0 0 0 0 81 0 0 24 0 0 0 0 0 87 0 81 0 0 0 0 0 0 0 66 0 19 68 0 0 25 0 0 67 65 2 45 0 52 99 0 0 46 0 0 18 72 42 0 0 30 20 0 0 0 91 17 4 99 74 91 87 0 0 53 0 2 0 0 70 28 0 0 44 48 0 0 0 99 0 75 0 46 27 98 0 71 52 0 70 62 2 96 0 13 26 0 0 
58 29 0 39 0 32 48 49 91 83 51 98 0 0 27 98 78 1 0 8 0 62 0 21 0 88 0 53 0 50 45 70 0 0 96 0 0 0 28 51 80 0 5 0 59 44 0 0 56 0 0 0 0 0 41 0 0 0 1 0 0 3 21 0 0 45 0 0 0 18 8 15 0 0 33 0 93 0 0 20 47 0 0 0 0 0 0 0 0 56 0 0 0 95 0 12 2 5 0 61 
91 4 79 40 0 47 0 0 0 50 22 3 0 0 0 0 39 0 0 10 0 0 9 71 0 56 92 12 0 42 50 44 68 30 0 31 34 0 0 0 0 0 0 0 0 0 98 0 38 23 48 13 0 0 23 94 0 29 0 0 0 0 0 9 16 35 27 30 0 0 73 48 0 56 0 43 0 0 0 0 0 35 30 0 98 59 0 50 3 32 0 0 6 0 45 63 68 0 34 0 
0 0 84 0 0 0 0 0 64 13 73 0 0 0 0 0 30 91 63 37 0 90 0 7 0 0 71 0 0 0 0 88 57 0 44 56 0 0 40 0 0 0 0 2 0 0 0 0 0 0 46 0 0 0 19 0 13 93 0 0 31 65 2 0 0 0 0 0 45 45 0 9 0 0 0 46 0 28 0 0 31 0 1 4 63 0 42 39 0 86 0 20 0 17 0 32 0 0 0 63 
85 0 0 24 0 0 70 93 89 6 0 73 0 0 11 66 0 0 25 39 30 98 0 47 0 69 43 39 94 0 0 45 29 0 6 0 79 0 26 0 90 0 0 0 62 0 61 0 35 0 0 0 63 47 29 45 48 64 71 87 24 0 36 0 0 0 62 58 47 0 0 83 15 0 0 0 0 24 20 0 44 81 96 0 0 22 71 0 0 0 45 0 44 71 29 90 35 67 0 0 
0 0 0 14 0 27 76 11 0 0 97 37 13 86 6 0 91 9 0 0 56 0 82 0 13 0 6 88 0 0 21 0 86 28 0 0 93 27 16 0 21 0 7 47 0 27 60 0 0 10 0 31 0 96 0 93 0 0 0 38 57 0 0 0 0 62 45 75 0 42 0 37 92 84 0 67 0 47 22 0 0 15 0 0 16 85 0 0 0 0 0 55 30 0 62 58 56 36 0 0 
0 0 0 0 97 0 30 0 0 13 0 67 0 0 0 84 0 0 94 63 18 2 0 12 74 0 48 0 22 0 0 0 0 0 12 0 0 43 0 36 78 89 0 21 0 75 33 0 69 59 0 0 0 0 82 10 42 99 17 26 83 0 0 0 68 29 0 0 28 45 0 0 48 0 94 0 0 0 0 40 82 4 0 89 0 0 8 68 0 32 0 0 47 76 59 56 0 62 0 77 
0 47 76 0 7 0 0 0 0 0 0 0 0 0 60 37 0 62 26 84 59 69 69 0 53 72 39 8 0 0 0 0 14 0 0 12 57 78 0 0 22 0 38 40 0 0 89 96 22 0 46 24 0 29 46 0 62 0 10 0 0 0 0 0 0 22 0 0 26 0 48 0 94 30 31 0 62 0 88 4 0 83 45 0 7 0 0 72 0 0 0 0 0 0 22 91 0 62 0 0 
0 0 0 59 80 82 45 69 0 0 75 0 31 0 71 0 0 45 0 0 1 0 0 50 5 50 0 0 96 7 73 76 0 0 95 0 0 0 0 38 20 0 40 84 0 0 15 85 65 0 0 25 0 0 60 36 99 0 0 0 13 0 37 87 0 0 0 0 0 0 0 0 0 0 29 76 0 0 0 80 11 3 0 0 0 4 0 93 89 0 0 0 0 0 0 0 0 9 89 0 
74 0 0 0 83 91 0 0 71 87 0 0 39 0 85 0 66 7 40 45 17 54 0 0 49 0 24 87 27 0 17 11 21 0 0 0 0 0 54 0 92 0 0 14 12 43 0 0 0 0 99 0 0 0 0 88 43 99 41 94 0 0 81 90 39 0 9 82 59 76 78 66 88 0 89 0 52 76 61 0 0 0 0 43 65 0 91 2 0 0 0 16 71 0 0 0 65 0 0 0 
75 0 0 74 72 0 94 0 64 66 0 8 0 0 0 0 70 0 91 0 0 29 0 96 0 78 43 80 0 0 58 0 0 4 65 45 0 0 0 0 0 0 0 0 0 10 92 0 8 0 0 0 54 0 0 0 0 23 20 0 78 86 0 63 0 69 0 0 79 0 0 23 90 55 0 0 75 80 95 0 0 29 18 0 42 0 0 0 1 12 1 0 0 0 49 0 0 0 0 0 
0 0 0 80 0 0 96 0 0 70 13 0 0 0 61 57 25 71 0 76 0 56 0 0 83 0 0 48 51 0 0 0 0 90 0 0 0 16 0 7 0 93 0 38 0 73 65 37 0 0 22 0 0 0 0 62 0 0 93 0 5 0 0 0 0 0 0 0 63 79 88 0 29 16 53 0 49 0 33 61 8 0 0 0 16 9 1 0 10 0 37 45 0 0 68 52 2 99 0 0 
0 0 0 26 0 0 0 51 0 65 0 68 0 95 12 28 0 88 57 71 48 0 38 68 36 0 0 0 0 0 0 0 60 89 21 45 0 0 0 0 9 0 98 63 43 0 40 0 0 0 72 0 21 50 0 0 84 0 0 85 25 69 80 70 0 0 0 44 56 0 0 0 0 0 56 33 73 0 45 86 0 0 7 5 82 0 0 0 0 74 60 67 0 58 0 0 0 0 0 0 
56 74 0 60 85 89 51 56 88 0 0 8 0 14 0 42 58 0 17 0 0 38 4 0 57 90 0 0 0 0 0 0 4 26 25 62 0 77 96 0 0 0 0 3 15 0 0 7 73 0 37 0 0 75 0 0 0 31 0 55 0 6 0 62 0 0 56 79 22 0 0 0 62 0 0 0 0 0 54 0 0 0 53 68 0 97 35 0 0 0 0 0 0 75 88 0 0 0 40 0 
11 0 16 0 50 0 0 0 0 6 0 98 76 78 0 0 0 0 0 61 0 0 0 72 0 0 51 54 0 25 0 0 0 96 0 0 0 59 0 64 0 51 0 0 0 0 8 9 86 0 0 0 58 36 0 67 92 0 0 0 0 79 15 0 31 44 0 0 0 0 46 0 91 38 75 0 88 0 0 0 24 30 88 0 0 0 40 14 0 54 86 82 0 99 0 0 10 0 0 0 
0 0 0 0 0 26 40 0 0 0 16 0 0 82 72 5 0 87 71 0 0 0 0 0 52 0 0 0 4 9 0 4 86 0 0 0 64 18 0 0 47 0 65 23 0 0 3 17 0 0 0 0 84 0 60 0 0 0 15 38 0 0 0 59 0 0 29 14 54 48 0 0 0 86 13 40 63 0 18 67 0 0 47 0 0 0 84 54 0 61 0 0 0 76 0 0 0 0 0 53 
58 95 6 34 0 72 0 0 47 90 0 0 38 0 0 85 0 47 7 0 35 0 70 0 0 0 2 30 0 0 0 0 41 0 0 0 94 49 50 43 64 0 0 58 89 0 0 90 0 48 15 51 71 38 2 0 81 0 0 0 3 0 17 0 40 58 0 0 78 0 20 49 56 41 0 68 0 99 29 0 0 44 11 60 87 0 0 0 54 17 62 8 14 0 46 99 0 55 0 24 
21 68 0 0 0 79 0 73 0 42 3 80 48 15 90 98 0 6 77 17 52 2 0 89 90 67 0 0 0 0 8 36 0 69 0 0 0 43 45 52 0 0 5 0 0 0 0 79 0 0 83 22 86 0 0 77 2 0 90 0 5 0 0 0 0 0 36 5 47 47 0 75 33 53 36 87 68 8 0 0 83 82 0 0 0 25 45 41 91 0 32 0 0 76 78 0 33 0 64 0 
0 0 45 0 15 85 0 0 0 0 69 59 83 43 40 66 0 0 92 0 50 24 0 69 0 97 92 35 56 0 0 88 0 25 0 0 74 28 0 0 60 0 28 0 0 0 48 0 55 19 87 75 93 0 0 0 73 0 0 23 0 26 13 0 93 30 39 79 64 78 0 50 0 60 96 0 0 49 13 59 55 17 99 0 91 0 1 86 16 53 62 0 0 0 47 42 0 0 0 87 
0 19 0 28 0 0 26 67 0 0 0 0 10 0 0 0 0 25 20 0 31 0 0 0 79 0 0 96 88 81 0 43 0 0 86 0 22 0 0 59 3 0 0 0 76 66 8 0 16 19 49 0 77 59 0 90 82 5 55 0 33 0 69 0 0 8 0 0 0 0 0 0 0 0 35 43 0 0 0 0 99 0 72 0 13 92 98 52 44 72 0 58 0 99 0 0 20 53 31 0 
7 0 26 0 0 40 0 0 0 0 0 0 0 15 0 0 0 23 0 0 0 79 70 0 77 0 0 0 0 0 72 12 0 0 16 0 72 0 18 0 0 39 67 57 86 16 0 0 1 69 0 0 0 10 83 0 39 71 52 0 61 0 21 0 0 0 91 0 0 0 45 0 0 0 0 0 0 0 0 0 0 0 16 38 86 33 88 0 0 27 8 0 0 74 0 0 12 6 85 83 
43 0 12 0 0 0 0 0 0 0 0 54 52 0 0 44 46 0 71 86 7 39 0 68 0 0 38 0 67 71 72 0 71 41 47 0 0 73 7 0 0 0 0 50 3 0 56 0 4 0 0 19 95 29 0 21 88 61 0 53 0 47 0 0 78 0 0 48 0 0 5 0 0 0 0 81 56 0 31 27 89 9 0 0 0 0 32 0 71 89 72 0 57 0 92 0 92 0 56 0 
33 73 61 97 28 0 0 62 0 0 0 57 25 40 61 0 0 0 0 0 75 0 18 3 53 0 0 0 70 0 41 0 52 42 60 0 0 0 0 0 0 47 0 42 0 95 51 0 14 0 0 57 37 45 0 6 72 0 0 11 0 51 0 0 63 9 0 0 0 0 0 20 0 0 0 0 0 0 0 89 0 14 0 27 42 84 37 67 87 0 0 0 0 3 40 0 0 28 0 51 
3 42 0 0 15 27 0 0 0 69 50 0 0 7 71 8 0 76 45 41 53 71 84 21 0 0 0 0 0 10 97 0 0 61 43 32 53 23 90 0 0 23 6 76 1 0 18 76 0 0 50 0 0 51 0 0 0 0 0 87 0 0 0 0 7 30 19 18 0 0 0 0 4 83 35 0 60 0 0 51 29 4 0 0 0 42 91 2 41 33 0 4 0 36 0 51 0 0 0 0 
32 47 0 0 55 16 0 44 0 0 7 4 12 0 87 0 0 33 0 0 0 0 0 0 0 85 0 0 0 97 26 88 0 17 31 0 0 0 88 5 95 0 92 0 0 71 0 77 0 72 0 0 55 54 0 36 0 13 61 4 0 35 0 0 68 74 22 83 4 0 0 43 0 0 35 6 68 0 0 98 0 0 30 26 2 0 0 0 0 53 0 66 0 46 0 0 0 0 0 28 
0 0 0 0 0 3 3 57 26 0 0 35 0 40 0 74 0 0 33 85 0 5 13 0 21 75 0 0 0 23 0 87 0 19 0 32 82 9 20 0 0 77 16 0 91 68 0 0 39 64 10 79 0 32 0 34 0 4 41 0 85 0 25 9 91 0 0 43 5 26 0 30 0 0 52 2 4 3 14 99 0 33 26 0 0 0 0 52 0 25 96 8 33 99 0 10 0 35 0 0 
0 0 0 97 0 37 28 73 8 18 75 0 0 0 57 0 14 0 75 35 60 0 86 0 1 43 93 0 0 53 81 0 50 0 0 0 0 0 71 0 26 44 5 0 0 0 0 0 0 0 0 74 38 37 0 0 18 73 38 18 86 0 0 0 51 78 91 0 39 0 0 0 36 0 0 0 0 81 21 73 16 0 0 0 0 0 0 24 0 0 0 0 0 0 0 36 34 0 0 7 
0 0 90 50 76 0 0 0 0 0 0 35 0 0 0 0 0 58 56 7 86 0 67 0 16 27 0 42 0 0 95 0 0 0 90 10 0 0 0 84 0 63 44 0 88 0 60 14 41 0 0 0 0 76 0 0 0 17 0 0 90 0 0 60 8 29 12 99 0 52 43 0 0 23 0 0 5 0 81 48 0 0 69 76 0 0 45 0 30 35 95 41 0 0 0 3 42 0 66 81 
0 0 0 93 0 0 0 0 0 15 40 0 0 40 0 56 3 0 0 0 54 95 0 38 73 0 58 0 0 0 54 0 90 60 90 0 0 91 28 97 36 22 0 0 25 84 19 0 57 27 0 86 0 45 79 0 0 98 81 0 0 0 0 0 32 5 7 66 0 21 76 59 0 0 87 0 57 0 0 0 3 0 0 0 12 92 67 0 0 9 0 0 0 0 0 97 49 0 0 99 
0 0 28 0 0 24 0 0 63 0 17 99 0 0 0 0 0 0 0 0 0 90 0 0 0 0 0 73 4 0 0 0 0 0 21 0 0 0 96 36 42 4 29 91 1 25 0 15 78 5 95 0 0 0 0 16 0 0 84 0 0 19 0 0 0 71 74 31 0 0 0 6 86 0 0 66 48 95 0 0 0 87 0 75 54 21 21 58 0 0 0 37 17 0 0 15 0 0 78 0 
80 0 0 0 27 0 0 69 12 0 0 52 38 0 0 82 14 0 6 0 0 75 30 0 0 0 0 3 37 0 0 0 5 0 0 0 78 42 0 46 23 44 8 0 0 0 36 0 0 26 0 75 90 0 37 11 88 0 66 67 0 0 0 36 0 20 0 75 6 0 0 77 24 80 0 0 88 0 0 27 0 0 84 9 89 15 0 0 0 0 3 0 0 0 0 0 0 44 0 0 
73 0 31 36 0 0 9 27 0 92 0 0 0 0 83 0 0 6 14 20 20 0 93 0 0 0 55 52 15 0 0 43 67 98 29 97 90 31 0 0 57 52 0 33 41 0 0 34 6 18 85 34 0 50 0 0 0 0 29 0 0 5 0 52 66 58 0 6 0 0 0 43 0 0 0 0 0 0 0 2 58 0 0 0 80 87 0 0 0 78 0 53 36 0 0 0 35 50 0 0 
0 45 0 0 91 90 79 0 0 0 82 0 0 0 18 63 81 27 0 0 0 15 0 0 12 55 0 7 86 0 29 0 0 0 0 0 57 47 22 0 41 4 0 0 0 44 83 56 0 0 0 85 95 52 0 0 16 90 97 27 15 0 0 0 2 83 17 2 42 74 0 0 42 78 0 93 55 0 27 54 0 82 0 28 0 64 0 0 0 0 93 0 61 0 46 0 0 0 0 58 
0 0 0 0 0 82 90 98 46 0 74 89 0 70 0 62 67 36 22 40 0 73 59 0 0 21 24 0 44 0 76 0 11 49 4 64 0 0 0 49 0 0 3 93 94 1 21 61 93 0 0 97 0 15 0 0 0 0 0 89 0 0 92 0 13 29 0 98 40 57 0 0 0 49 55 37 70 0 0 0 0 0 71 0 5 64 65 0 0 24 39 17 0 72 0 0 0 0 63 0 
0 0 75 86 0 0 0 43 58 0 93 23 0 0 69 65 0 17 0 18 68 87 0 13 32 65 0 72 88 94 4 0 11 78 58 44 27 72 11 0 77 65 27 73 53 6 0 23 8 36 1 0 0 0 77 65 0 0 48 34 0 22 47 0 60 98 0 0 0 0 0 0 0 72 97 0 0 0 13 0 0 0 82 0 0 48 0 0 68 8 53 0 39 0 90 0 0 0 84 0 
0 36 0 0 0 0 0 0 40 0 89 0 0 0 0 0 4 84 0 0 9 0 93 0 19 0 26 30 67 70 0 0 61 6 0 0 0 0 72 88 0 7 0 0 0 0 0 35 0 0 50 0 4 0 63 92 0 66 1 0 65 5 0 0 0 31 0 18 0 95 11 0 3 0 31 67 0 40 41 1 0 70 54 0 0 0 0 4 68 0 66 63 96 18 16 0 35 0 0 88 
29 52 33 0 0 0 0 0 91 0 58 25 0 0 0 0 0 0 0 0 50 0 79 19 66 0 89 0 0 0 30 15 0 0 44 0 0 0 23 0 0 0 0 9 23 11 77 0 57 0 0 0 0 0 17 0 5 77 6 0 74 0 0 0 41 60 0 0 0 37 0 76 60 49 0 15 22 0 11 71 0 0 0 65 0 22 0 96 73 55 0 0 40 0 0 0 0 0 0 0 
78 67 0 0 57 0 85 0 0 0 0 89 0 23 0 0 0 0 0 0 62 17 77 30 0 0 93 0 48 35 0 18 0 0 36 0 58 0 11 0 0 85 92 34 0 0 3 0 0 0 73 72 0 26 26 0 94 0 0 0 0 0 6 0 0 0 24 68 5 0 0 18 0 3 55 0 23 93 0 0 0 99 0 0 39 0 81 90 0 0 62 0 93 70 0 0 0 54 0 0 
19 30 3 0 0 3 22 0 0 13 0 0 0 66 34 0 0 0 7 0 0 89 47 64 0 0 0 74 0 0 0 0 0 0 73 0 0 0 50 60 57 0 0 73 97 94 31 81 0 51 18 0 1 2 0 92 16 0 0 56 11 0 31 53 42 0 65 0 72 0 30 18 0 38 0 0 91 0 99 77 87 0 4 0 41 0 0 0 0 78 82 0 0 18 0 26 37 0 94 93 
0 0 18 45 9 0 85 63 0 0 3 0 80 0 0 60 32 0 0 69 29 52 0 13 68 64 0 0 1 0 93 30 0 0 0 0 12 0 0 20 0 88 0 0 0 0 36 0 0 91 0 90 0 39 0 0 0 0 98 82 64 0 27 0 0 0 63 0 41 0 69 70 65 0 0 0 0 15 0 44 95 17 0 0 0 55 0 0 16 90 0 67 0 17 0 36 12 90 56 58 
0 19 91 0 86 5 84 85 0 0 0 38 0 64 58 0 0 61 98 55 0 39 29 34 0 35 7 0 31 94 75 95 51 0 0 0 38 0 24 64 0 60 0 51 60 0 42 0 58 0 0 4 26 0 33 44 0 31 0 89 67 39 0 46 0 0 89 0 0 93 48 27 81 0 0 0 0 0 0 0 12 0 65 86 0 0 46 89 85 41 0 0 38 8 54 38 8 22 0 0 
11 2 0 39 0 63 45 95 0 0 0 0 68 0 0 65 0 0 2 9 0 0 69 0 0 24 99 44 0 0 68 0 29 0 0 91 0 25 0 2 0 0 46 36 17 0 28 42 0 0 63 0 97 68 0 87 0 75 0 0 0 37 0 0 0 0 0 0 0 15 65 17 0 0 0 75 46 95 0 25 57 88 0 87 78 0 0 51 0 91 0 0 48 0 65 90 0 0 0 78 
0 0 28 44 0 77 33 33 61 0 49 0 0 72 0 49 0 0 0 21 0 0 0 45 0 89 25 95 0 82 0 0 90 0 0 0 68 0 17 0 58 95 0 0 84 28 70 0 0 43 63 0 0 0 0 28 90 68 5 0 0 63 0 0 0 47 21 0 0 59 0 0 23 58 0 73 34 3 96 96 0 0 0 94 7 0 0 0 50 0 0 0 0 45 91 29 14 99 99 93 
0 69 0 3 45 0 18 9 95 0 0 0 0 27 87 74 0 22 66 0 0 5 52 0 15 12 0 0 44 0 14 43 55 0 55 72 0 0 82 0 32 22 27 17 40 0 94 0 81 14 39 50 34 0 55 0 0 10 95 73 30 0 0 0 0 30 0 0 0 27 1 76 0 59 61 8 41 9 65 0 0 0 72 35 0 0 31 0 0 0 0 61 6 0 87 0 0 0 0 22 
0 24 29 0 95 0 68 0 19 3 2 0 0 0 42 12 56 0 0 0 56 88 0 0 4 0 0 39 20 50 0 64 4 0 7 41 0 95 0 0 11 0 51 60 0 0 0 0 0 83 27 0 16 40 41 0 47 0 45 0 0 0 39 0 0 0 0 95 0 0 0 20 0 0 98 63 0 80 0 0 67 0 90 0 0 0 0 15 20 0 0 0 4 7 96 51 0 23 0 63 
0 82 0 68 15 45 47 0 37 36 42 0 15 28 95 0 0 44 59 96 20 0 0 0 99 0 0 0 0 0 95 77 39 91 81 52 78 0 0 65 71 0 36 96 0 27 98 37 25 0 84 81 84 76 30 0 0 0 70 0 96 0 0 0 88 0 0 84 82 75 0 59 0 10 63 0 95 0 0 0 0 99 0 0 43 86 4 10 85 69 0 0 57 38 0 0 0 0 30 0 
0 0 29 0 0 18 0 0 0 0 0 0 0 0 0 0 0 0 0 0 0 73 0 13 23 12 56 15 86 0 0 0 3 0 0 0 37 30 0 0 33 0 0 0 88 0 86 71 0 14 0 45 4 69 0 93 0 0 18 0 17 0 24 68 0 61 65 35 0 0 0 88 0 71 0 59 0 82 0 44 0 51 26 85 0 15 44 18 0 50 57 0 0 65 52 0 0 0 66 0 
90 0 87 36 52 97 0 0 88 0 46 0 0 0 99 0 0 0 0 0 0 90 81 0 29 51 30 13 65 0 0 10 0 52 70 0 32 0 82 85 0 96 13 91 3 0 27 0 81 0 0 0 68 45 0 3 82 80 73 69 9 0 54 72 87 50 0 76 85 48 0 93 22 85 0 63 0 0 58 0 0 0 0 7 55 0 0 48 0 0 0 54 0 0 0 0 0 14 0 0 
0 8 0 62 0 35 0 0 17 0 0 0 50 0 0 78 0 0 75 0 0 82 0 0 0 0 0 0 61 0 12 72 0 75 0 0 0 15 0 6 0 89 0 0 7 0 0 84 0 0 8 0 98 56 88 92 85 0 0 0 0 51 0 15 0 0 65 0 0 0 0 22 78 16 87 30 20 48 0 90 0 80 0 0 0 0 96 0 41 0 0 0 93 0 62 44 0 22 17 0 
0 0 8 0 0 79 0 68 0 0 0 69 68 54 0 0 54 34 69 68 0 0 98 0 0 0 0 0 0 32 7 0 74 0 0 65 0 32 0 87 34 0 42 39 0 0 56 0 88 0 0 0 0 1 58 0 0 53 0 15 42 0 0 0 37 23 0 0 95 25 53 48 70 18 53 67 73 0 48 0 0 2 4 12 59 0 0 0 0 0 43 0 8 0 0 0 0 96 0 0 
33 0 20 46 0 0 0 2 0 4 0 67 31 38 52 62 99 78 0 14 0 15 87 0 0 0 21 0 0 87 0 0 68 0 0 0 0 97 0 59 0 0 44 0 0 27 0 0 0 0 0 0 0 41 94 26 0 29 86 48 53 0 67 0 49 53 92 66 0 67 0 0 0 0 0 13 39 13 9 74 34 42 20 0 0 0 0 0 50 0 13 54 21 0 52 0 0 0 3 36 
0 0 0 0 75 0 0 0 0 71 0 0 0 65 16 0 67 0 78 22 95 35 68 13 0 0 0 0 0 0 7 0 93 80 0 0 79 0 0 46 0 0 56 76 61 0 0 0 21 0 0 29 40 81 0 48 0 18 94 0 29 2 0 79 0 0 0 9 33 60 41 0 0 0 83 55 0 88 99 75 0 47 71 0 0 0 67 0 2 59 72 39 66 66 37 19 0 70 65 46 
28 51 0 93 0 54 64 0 72 48 61 54 20 8 0 0 85 0 91 83 0 3 78 0 0 0 0 0 0 0 13 0 29 0 92 0 0 8 0 0 0 42 46 0 0 0 0 25 11 0 0 0 0 0 73 34 0 20 63 98 51 0 22 69 0 0 1 0 77 12 0 12 27 89 49 0 0 52 1 97 73 94 0 55 0 0 24 0 99 0 9 30 0 0 0 61 0 0 26 0 
0 0 0 93 0 73 97 0 33 41 7 76 0 35 0 0 0 0 0 74 0 0 49 0 71 0 0 3 0 87 58 0 0 25 73 0 0 77 20 92 7 0 5 0 55 94 39 0 13 90 95 14 30 0 72 3 17 90 0 92 35 89 0 26 0 0 0 11 71 40 76 45 0 53 0 68 49 74 0 0 78 93 39 0 0 1 55 0 41 91 0 0 18 0 17 0 0 0 0 99 
35 0 0 0 0 8 56 0 0 97 0 1 0 0 73 0 0 0 0 41 39 35 34 0 0 0 90 37 0 27 27 0 33 69 84 0 0 75 99 50 46 0 33 14 8 54 0 90 0 40 20 0 48 21 62 19 17 6 95 28 0 0 49 0 42 0 34 0 91 0 79 0 0 0 60 30 19 0 44 12 0 43 96 0 0 88 0 0 0 0 17 47 54 12 9 0 0 53 0 0 
