100
0 18 0 0 0 0 0 68 47 0 72 20 26 92 0 0 0 6 1 41 52 0 0 85 19 0 56 15 0 0 15 0 0 0 0 29 28 0 0 24 0 0 16 0 0 58 0 34 65 0 33 0 0 0 44 79 0 28 0 0 0 0 0 49 42 70 79 64 52 0 43 0 65 0 0 0 0 0 66 0 27 0 0 64 57 0 38 0 58 51 16 79 0 41 27 0 75 75 0 0 
0 0 0 19 0 20 0 0 79 0 77 0 0 96 0 75 0 0 27 0 21 0 0 0 26 0 0 0 53 28 36 77 0 0 45 24 23 0 0 0 0 0 0 0 0 0 85 0 0 7 0 0 0 17 0 0 17 0 0 0 0 28 0 26 13 33 0 0 96 0 0 0 0 39 15 0 51 43 0 59 0 0 0 0 0 93 91 94 93 0 0 0 0 59 52 0 14 76 42 0 
94 19 0 0 88 23 56 35 0 33 46 32 89 0 56 0 0 24 17 64 0 14 0 0 0 60 0 0 75 83 0 13 80 0 0 95 32 62 59 0 44 56 9 0 0 41 0 5 0 15 82 50 8 0 29 0 50 24 59 86 0 73 33 49 0 56 94 0 0 14 15 0 0 0 0 39 59 62 97 42 0 64 93 0 0 71 9 75 0 0 0 38 84 0 0 55 0 0 61 0 
14 0 59 0 98 67 0 88 0 21 20 0 0 0 0 45 0 0 0 84 0 70 0 17 0 62 0 78 0 0 0 0 78 0 0 0 0 75 0 0 0 0 9 0 0 0 0 0 0 60 0 8 0 0 0 54 66 82 94 0 92 57 47 80 0 35 26 77 23 0 19 0 0 35 0 0 0 0 7 88 0 31 0 0 93 0 0 0 54 71 0 43 38 0 0 0 68 0 0 37 
81 21 0 0 0 0 29 74 60 0 0 30 6 0 0 0 41 19 96 76 52 99 16 0 99 32 0 70 0 59 0 0 0 2 0 85 0 0 67 37 68 21 46 30 82 0 60 87 27 0 17 42 81 60 0 0 7 81 0 0 0 42 0 12 2 67 22 0 47 0 0 0 61 44 0 73 6 0 0 0 0 0 3 0 12 18 26 0 0 0 0 68 0 17 25 52 0 0 94 38 
22 0 0 0 69 0 57 24 61 0 0 79 0 93 0 18 0 0 0 17 0 9 92 60 47 10 84 0 43 0 0 0 0 0 54 0 40 0 2 0 0 54 56 0 0 0 32 67 0 0 0 29 4 87 0 0 0 57 0 84 0 0 32 0 0 18 99 82 0 24 46 46 0 0 0 0 43 0 85 28 6 0 30 0 0 71 19 0 0 0 16 0 7 0 81 21 0 0 0 0 
77 97 0 67 0 0 0 0 50 0 94 0 15 30 15 7 63 17 55 66 15 0 90 0 0 0 0 62 4 0 32 58 62 36 0 0 0 93 50 0 84 0 91 0 0 68 0 0 0 0 0 75 0 16 0 98 0 0 21 55 32 98 49 88 34 60 0 0 0 24 0 7 34 23 0 75 93 45 65 0 0 12 36 0 0 0 16 0 30 0 0 0 0 0 0 35 82 39 62 86 
0 94 0 0 0 0 59 0 13 23 0 0 17 0 0 7 0 0 18 0 0 12 0 0 0 0 24 0 0 0 59 0 7 0 0 0 0 59 78 0 79 53 65 2 30 0 12 0 0 12 0 0 0 0 0 0 0 1 46 31 0 0 12 10 90 0 0 0 0 0 41 99 0 0 27 45 0 0 0 28 0 41 94 78 66 33 37 17 66 19 0 9 35 0 0 0 17 51 0 0 
0 0 34 27 0 0 0 0 0 50 0 0 0 0 0 0 0 63 0 0 3 0 86 0 2 73 52 0 0 0 18 0 96 47 0 72 0 79 31 0 0 86 51 0 0 0 0 0 0 0 0 0 0 0 0 95 32 56 0 28 0 0 0 10 0 68 0 90 8 0 62 0 74 0 0 11 0 0 0 86 0 58 0 0 93 0 26 46 21 88 58 22 53 55 0 28 0 14 76 0 
52 14 0 0 86 33 93 0 0 0 0 0 0 0 0 90 36 0 92 97 0 48 84 0 11 34 67 0 27 0 0 0 0 0 0 54 0 15 19 0 0 0 88 0 0 0 98 0 0 31 0 91 0 93 0 76 78 0 56 0 46 0 57 68 0 0 82 77 40 76 92 20 0 11 0 0 0 0 81 0 0 0 26 91 0 71 90 81 41 0 0 74 0 0 37 72 0 4 0 0 
0 0 0 0 72 47 0 95 44 35 0 0 79 0 0 0 0 0 25 55 0 0 0 90 0 0 0 3 39 0 39 0 0 95 56 0 0 0 0 0 0 56 56 0 13 13 85 88 49 46 33 1 53 0 0 25 27 0 10 41 0 0 0 0 0 57 12 68 0 0 23 59 0 0 0 21 71 0 0 0 33 60 0 21 29 95 0 24 0 18 56 90 0 88 19 0 0 0 0 34 
0 89 0 27 0 0 62 24 70 54 11 0 13 0 46 9 0 12 0 0 0 40 0 0 0 51 27 0 98 0 0 6 62 0 0 0 0 0 3 0 0 0 0 0 0 11 93 0 60 0 0 0 55 34 44 0 76 98 10 0 0 0 0 8 0 0 69 27 92 83 51 0 0 0 38 59 0 0 0 0 0 0 42 30 48 0 39 39 24 0 13 9 0 95 0 0 46 0 0 0 
0 95 0 2 0 78 0 0 96 62 0 0 0 0 28 97 29 37 55 24 84 93 0 0 25 37 0 0 98 36 23 0 0 58 58 0 0 26 9 0 60 0 10 0 99 0 73 89 0 5 38 43 79 40 0 0 27 3 71 0 50 0 0 25 16 0 93 29 0 0 79 0 11 0 65 0 36 7 0 14 20 92 0 28 99 15 67 54 82 0 0 24 0 0 0 30 0 59 76 43 
0 0 68 79 42 0 0 14 85 31 77 39 56 0 0 0 0 91 11 0 0 0 98 45 3 43 90 0 0 0 30 65 0 36 0 0 90 0 0 0 0 0 0 0 32 0 23 0 0 0 16 0 0 69 0 0 0 81 0 86 0 0 0 35 62 0 95 18 72 0 0 0 77 0 0 49 0 40 0 37 0 26 79 0 0 96 37 0 13 0 62 79 0 38 0 93 40 0 87 0 
11 68 0 79 41 95 0 67 43 7 51 0 0 87 0 25 4 69 0 24 0 0 77 34 39 57 0 83 39 0 81 2 8 94 0 0 0 0 0 0 0 18 0 90 0 0 0 87 87 85 58 4 75 0 0 0 0 45 34 71 0 0 0 56 38 0 97 0 0 5 0 0 83 0 0 0 0 39 0 0 61 37 65 0 11 59 21 0 0 0 31 0 0 50 52 12 75 5 0 0 
86 0 27 0 14 0 0 0 57 0 58 0 0 36 0 0 88 0 22 0 0 65 54 47 0 36 0 98 0 0 28 0 0 0 0 0 72 41 0 38 3 75 0 0 65 80 67 0 87 80 77 0 0 38 0 37 28 0 0 0 0 92 0 0 62 0 0 0 0 0 0 0 0 0 48 0 71 43 0 91 0 0 16 0 70 0 0 0 0 0 0 0 44 23 87 0 21 0 0 0 
22 49 21 70 0 90 0 37 96 0 8 69 0 6 0 0 0 92 0 70 0 0 0 26 0 0 0 14 0 0 0 98 0 0 44 0 50 0 1 63 59 57 83 13 0 87 0 76 62 80 0 47 17 0 12 0 45 0 0 31 49 67 10 0 79 0 16 9 0 0 15 0 88 65 0 23 0 78 92 0 21 0 40 93 0 62 0 94 0 23 78 0 35 10 74 34 0 11 0 70 
0 44 0 74 0 58 0 17 0 80 69 0 0 0 0 36 0 0 61 0 0 0 0 0 90 0 0 0 0 0 71 0 0 27 0 62 0 58 0 77 28 0 0 38 67 0 99 32 0 0 0 8 42 0 55 0 0 0 0 13 29 0 49 77 0 40 0 0 0 39 0 11 59 0 57 23 2 0 0 0 56 91 38 0 14 0 96 0 90 0 0 0 0 78 9 58 0 34 45 6 
0 0 0 92 0 86 0 0 66 0 0 29 0 0 65 0 40 0 0 0 36 0 0 0 69 0 0 6 0 31 72 0 89 0 97 79 27 95 79 11 56 43 0 43 0 57 0 99 0 37 0 44 5 55 0 0 83 0 21 55 24 0 0 0 0 0 0 0 50 86 30 86 0 50 0 0 0 69 0 0 0 0 5 0 0 86 18 0 0 7 47 0 14 0 0 22 0 93 31 0 
0 78 0 0 0 0 0 38 78 0 0 38 0 93 0 53 0 13 87 0 67 0 34 0 0 74 17 0 0 96 31 83 63 0 0 0 15 0 63 0 0 88 0 49 0 0 25 72 23 87 0 8 0 91 0 41 0 62 49 0 73 26 12 73 0 0 14 83 99 18 19 0 0 0 0 0 0 24 0 0 81 0 0 17 19 2 92 75 79 0 22 0 0 49 72 0 32 0 60 0 
0 0 80 57 0 22 0 79 0 34 50 3 0 87 38 93 62 49 0 0 0 0 53 68 0 29 4 0 30 96 99 9 66 54 0 38 47 7 54 0 0 0 0 67 11 33 75 1 0 0 0 52 0 84 12 0 0 0 0 0 51 0 0 0 0 0 0 91 86 0 7 40 2 25 0 0 0 40 64 99 57 58 0 29 0 0 0 58 49 15 26 85 0 0 88 0 0 67 25 0 
7 89 0 0 0 0 72 0 71 0 21 0 0 31 4 0 21 30 21 30 94 0 0 87 0 25 0 49 0 0 43 26 0 0 61 0 0 33 0 0 97 0 0 86 67 0 0 0 88 9 66 0 62 48 89 0 0 97 22 0 0 55 75 93 0 0 0 78 0 93 18 82 0 25 0 73 0 0 8 35 14 51 0 0 0 45 0 76 0 89 0 0 0 9 25 55 26 27 0 81 
12 46 28 73 0 0 0 16 0 0 31 30 53 0 0 0 18 56 29 0 0 28 0 1 0 0 39 0 21 0 3 0 0 65 30 0 64 0 0 0 91 9 18 0 57 38 0 0 0 0 12 0 0 15 35 0 13 80 19 64 46 35 0 0 0 0 0 0 0 20 21 89 59 65 0 45 0 92 25 72 0 32 0 0 0 71 0 65 0 79 97 61 0 11 0 0 57 0 40 0 
0 64 5 0 12 0 52 23 31 13 0 56 95 0 0 0 0 7 48 36 0 0 0 0 0 0 65 90 4 7 4 0 88 68 0 0 13 80 15 0 0 0 0 0 14 72 0 0 0 0 0 0 87 32 0 26 38 0 0 0 0 38 0 28 0 40 33 59 7 44 76 0 82 83 41 56 26 44 84 95 0 0 0 0 67 0 40 0 0 7 0 0 0 35 73 97 87 15 0 0 
0 0 80 20 0 0 59 20 0 0 98 27 0 0 0 89 71 0 0 34 28 60 54 11 0 97 22 0 0 0 0 0 0 46 13 64 66 0 0 0 45 0 46 56 0 0 17 56 0 33 0 0 47 0 99 57 91 0 39 92 0 0 0 0 0 37 34 0 53 0 45 94 0 54 0 43 18 87 90 88 0 0 84 0 2 0 0 0 16 61 0 0 4 0 0 0 0 0 6 0 
34 55 0 0 0 0 33 80 0 0 9 0 0 0 0 0 80 13 7 0 0 0 56 93 0 0 0 75 0 40 0 68 64 33 0 0 0 68 0 93 0 18 0 0 28 72 0 70 30 96 0 0 3 0 39 0 10 0 41 8 3 0 0 0 0 36 0 0 0 0 84 61 0 0 0 6 99 0 0 78 0 35 65 60 0 0 0 43 0 82 4 0 20 0 0 0 0 0 77 0 
0 7 93 69 27 0 37 0 0 0 88 0 57 0 10 87 41 69 92 0 0 61 0 0 0 89 0 70 0 13 68 0 54 10 90 0 25 0 0 0 0 0 94 0 24 69 10 0 0 44 0 0 0 98 0 62 0 0 0 0 72 82 0 85 0 49 0 30 0 78 0 2 97 59 0 0 8 32 89 18 95 0 0 0 54 0 0 0 93 0 0 0 76 0 95 26 95 96 0 69 
0 26 63 0 0 63 0 76 61 54 0 42 60 64 0 0 0 52 0 32 74 0 13 0 12 0 0 0 0 61 62 17 0 22 10 0 43 37 0 35 19 52 40 0 0 93 48 16 0 45 0 24 60 0 97 0 25 0 0 0 32 0 95 0 14 0 57 7 18 0 0 25 22 84 0 60 23 76 0 13 95 42 0 42 0 20 58 0 0 71 0 0 0 0 28 62 0 42 0 97 
76 0 0 53 81 0 0 32 57 0 0 0 0 83 0 27 80 34 24 6 0 76 0 0 45 95 55 59 0 92 23 39 0 0 0 81 94 33 0 22 0 68 56 0 0 85 39 54 0 0 59 6 0 0 51 19 0 0 0 98 0 0 71 0 0 75 0 94 33 0 90 79 58 95 94 7 79 94 0 0 18 39 42 0 57 0 2 54 0 47 0 0 0 21 0 0 93 51 0 84 
97 0 0 37 0 37 25 47 90 18 49 94 0 93 33 79 10 63 0 0 0 8 35 0 11 0 0 0 0 0 0 93 97 31 28 0 65 7 0 0 0 36 89 0 0 10 0 0 0 0 0 0 0 35 33 0 52 3 0 55 38 26 0 0 0 0 33 0 97 0 0 25 4 0 0 38 0 55 0 0 56 0 0 28 0 0 30 2 0 36 0 56 5 0 76 75 0 31 0 0 
0 0 66 96 25 39 0 0 0 92 0 26 0 0 0 0 2 0 0 0 0 0 0 0 42 39 0 0 0 22 0 24 83 6 0 82 87 0 53 41 0 0 0 0 35 26 0 55 83 89 95 0 0 0 0 48 0 46 0 31 80 55 0 62 0 62 54 0 0 0 0 0 76 0 57 0 33 45 75 13 31 0 43 0 60 69 43 0 96 0 0 0 62 16 1 11 99 0 0 0 
60 0 0 71 32 49 0 11 53 80 53 0 6 0 0 42 0 81 88 0 0 0 57 20 29 0 82 0 0 0 0 0 0 0 11 0 0 0 0 7 34 82 0 0 63 0 61 10 0 0 0 0 82 0 61 0 31 0 0 0 0 39 0 0 0 0 11 34 69 0 66 90 68 44 23 51 49 71 0 0 0 0 67 0 14 0 0 33 6 0 0 71 0 59 0 42 54 20 16 0 
23 19 0 0 45 46 0 0 0 68 50 0 23 11 0 76 71 11 0 0 0 73 2 0 52 0 0 72 6 0 0 11 0 42 0 5 0 77 60 0 0 0 0 87 2 0 93 0 0 38 0 0 0 19 0 61 35 0 40 0 77 0 31 87 81 43 0 69 84 0 82 0 50 18 0 0 0 27 0 0 15 0 98 54 27 0 0 0 0 0 0 29 0 10 0 0 58 0 95 57 
5 40 73 45 0 63 0 81 0 42 0 52 0 0 0 1 95 0 66 13 0 84 0 0 0 0 0 0 60 0 0 32 0 0 0 0 15 87 76 0 49 41 0 81 33 0 0 69 73 0 41 33 0 65 19 0 0 0 7 92 0 0 65 60 3 0 63 0 0 0 21 0 39 17 0 15 0 7 94 89 54 68 84 0 28 29 0 0 0 0 71 0 58 0 0 63 4 0 0 12 
94 0 23 17 77 0 87 73 1 69 0 48 0 14 99 58 0 26 0 26 69 0 0 16 0 9 0 0 28 0 60 0 32 28 0 0 0 59 11 69 36 0 0 16 13 74 69 0 93 95 1 0 0 0 0 46 0 0 0 0 35 56 66 30 0 9 53 59 0 0 66 0 0 0 10 0 0 0 99 0 5 0 0 78 0 75 0 78 64 16 0 25 0 0 58 0 95 24 38 0 
0 0 0 38 0 43 41 24 0 0 42 1 40 12 49 57 47 0 0 7 0 67 1 25 0 25 83 30 0 49 0 34 0 28 11 0 0 0 63 0 0 0 31 0 12 66 0 0 0 0 72 6 0 0 80 92 97 0 0 0 26 0 98 0 0 74 77 43 36 0 0 0 47 0 20 71 0 0 0 0 0 10 0 7 0 33 9 0 33 0 0 0 4 0 40 0 75 70 0 17 
0 0 0 15 93 0 79 73 87 91 73 83 77 0 37 0 0 54 0 0 0 57 0 0 0 85 0 0 0 0 0 95 46 0 27 85 0 0 23 0 0 0 0 0 0 0 62 42 0 32 0 99 0 0 85 78 0 40 89 58 72 46 43 0 84 0 0 67 0 0 0 0 0 28 5 11 69 40 0 49 0 25 88 1 0 11 48 0 51 19 2 0 25 0 7 21 40 0 0 0 
24 15 0 0 49 43 0 0 0 0 25 7 0 25 51 0 12 0 0 81 0 0 78 0 46 0 16 0 0 0 18 70 0 0 0 40 98 0 0 0 0 94 71 2 0 52 0 26 12 25 26 0 45 0 77 0 49 0 0 0 38 94 0 52 38 40 0 69 28 0 0 73 24 0 54 0 50 5 0 0 37 0 0 43 0 61 0 0 47 0 16 78 0 99 0 0 0 0 0 52 
90 57 0 56 0 0 0 0 0 0 25 0 0 49 38 4 0 62 0 0 0 17 26 0 11 54 59 48 22 64 0 53 0 0 0 0 0 40 0 0 0 0 66 0 11 52 42 0 65 0 0 63 0 0 33 19 66 0 54 97 0 0 85 0 0 42 37 30 71 24 0 0 17 0 0 0 0 0 3 0 56 0 1 0 0 0 89 43 0 62 34 91 0 24 0 0 0 0 0 0 
0 78 86 47 0 17 79 81 61 88 25 39 30 81 14 0 0 0 0 91 1 48 1 37 71 0 37 0 0 31 0 0 77 71 0 82 22 61 70 0 0 0 0 0 0 95 0 0 98 61 0 0 96 84 0 0 61 0 60 77 17 0 1 71 86 0 0 0 0 92 57 83 89 2 0 0 7 0 41 0 2 0 85 15 0 22 15 0 0 85 0 0 1 0 87 0 0 0 90 0 
94 10 0 96 0 62 0 0 21 82 19 9 0 87 1 0 0 0 0 9 90 0 0 58 0 28 50 0 16 39 72 0 98 0 0 30 80 79 25 65 0 64 44 91 0 41 0 0 0 0 37 98 79 34 0 90 0 36 0 17 82 63 0 35 65 41 0 0 12 25 74 0 0 91 0 43 99 44 56 55 12 0 32 0 0 0 0 0 9 0 0 0 20 0 0 0 89 90 28 0 
41 77 0 18 0 0 25 0 0 14 0 51 78 42 0 0 0 73 0 0 69 91 0 15 83 0 72 0 0 0 59 0 9 0 47 98 59 0 54 26 0 0 0 3 63 0 96 0 9 0 24 0 59 33 34 85 66 9 0 0 49 22 0 48 0 77 0 48 0 28 61 0 40 61 0 0 0 0 0 21 2 0 0 0 0 36 52 0 0 89 32 81 0 85 1 91 0 0 0 0 
0 1 0 0 0 0 0 0 0 0 0 99 0 65 19 5 0 11 84 61 38 69 0 2 0 99 0 0 0 0 31 96 75 65 60 0 74 0 0 16 0 64 0 42 0 0 0 29 0 0 0 0 0 59 0 0 0 0 5 0 0 0 0 70 0 8 0 0 36 0 4 0 0 0 9 99 0 0 0 0 0 0 77 85 0 0 0 0 9 49 17 0 0 48 52 70 83 88 0 0 
61 5 18 88 0 4 77 0 7 74 72 32 62 57 0 88 0 0 0 0 0 0 96 47 0 18 94 97 82 84 33 23 0 0 0 30 58 0 26 15 0 0 0 0 42 0 0 88 0 16 86 0 0 0 21 0 0 50 0 0 83 0 0 33 80 43 0 0 0 0 75 50 19 99 0 78 75 0 80 0 0 0 0 0 44 46 0 0 46 78 20 0 83 47 0 70 0 0 94 0 
98 26 33 46 0 91 94 0 10 48 0 36 0 0 69 0 96 0 77 11 0 0 0 0 14 0 0 20 19 51 0 0 0 0 0 0 25 10 0 37 7 0 99 0 0 67 57 0 29 52 84 88 67 7 85 33 56 80 0 46 0 42 0 0 0 0 49 0 0 0 0 62 0 31 0 0 0 79 48 72 25 61 24 0 0 27 65 0 0 50 0 39 93 0 0 67 22 57 57 45 
0 96 0 84 80 38 0 61 80 54 0 0 13 38 39 0 0 32 0 46 0 9 0 0 87 0 0 0 0 0 0 4 8 28 0 0 62 0 0 0 0 91 75 42 0 0 0 0 0 0 0 0 0 0 47 0 0 0 0 81 33 0 0 78 60 0 21 0 0 0 0 80 0 0 89 3 0 26 0 0 0 0 0 0 3 0 0 72 0 35 0 26 0 51 0 0 92 8 0 0 
9 0 89 14 0 0 53 0 57 0 0 0 0 0 33 0 99 0 19 0 0 79 42 92 0 95 0 0 0 92 90 0 0 24 0 44 0 33 0 1 31 0 91 36 0 92 0 67 84 3 60 33 43 0 0 20 94 0 0 0 58 91 0 47 11 80 72 0 0 0 46 0 0 0 45 11 0 17 1 0 61 53 0 0 0 0 47 0 0 34 50 57 39 0 0 51 0 0 31 0 
0 9 0 78 0 0 44 1 78 82 0 73 0 10 0 64 0 0 0 0 0 85 60 39 0 0 72 0 0 50 0 0 85 0 81 86 0 0 15 65 44 51 0 0 10 84 0 0 0 0 10 56 83 0 42 28 0 51 63 9 35 0 31 0 79 0 28 0 0 20 0 0 0 15 75 67 0 38 75 40 29 75 0 0 0 56 73 0 0 0 19 81 93 63 0 0 61 0 0 5 
0 69 28 69 0 59 62 31 95 76 0 0 46 3 0 0 0 9 24 0 8 0 75 69 21 0 79 16 91 67 0 54 22 0 0 19 37 0 0 0 6 0 71 44 0 14 0 49 0 64 0 0 34 0 74 86 0 71 33 6 0 19 0 24 92 0 82 36 25 0 0 0 0 0 12 0 0 25 56 47 52 0 0 0 69 31 55 0 20 0 82 0 76 0 36 29 0 0 0 18 
35 0 0 0 31 66 64 0 79 0 0 45 0 67 0 0 0 91 0 0 80 0 13 72 0 0 0 0 93 22 0 96 0 50 0 11 0 0 67 0 14 10 33 0 0 45 0 25 0 0 0 0 19 83 11 0 63 23 0 0 0 0 31 0 0 0 0 22 1 17 0 60 13 0 94 0 0 0 0 8 88 21 71 1 31 0 88 0 48 44 61 0 0 46 0 0 0 94 36 62 
0 3 0 84 0 35 10 20 10 62 0 32 0 0 0 0 7 79 92 78 4 0 0 66 44 78 56 84 0 67 0 47 71 0 0 0 56 0 8 24 0 0 22 0 0 37 0 0 51 48 0 32 65 97 55 0 69 0 0 0 0 69 0 0 0 98 0 10 0 0 76 0 0 78 86 0 0 0 0 0 69 0 0 0 0 0 0 70 0 87 0 3 0 0 90 19 0 0 7 0 
42 89 0 0 0 0 0 41 98 0 0 28 0 1 0 9 0 0 0 0 0 97 85 60 11 30 29 0 0 82 43 88 3 0 93 0 0 36 0 58 0 40 45 96 0 82 0 0 97 10 0 0 3 0 0 60 0 0 76 0 33 0 0 0 0 0 0 34 0 36 19 0 0 0 0 0 0 44 66 66 20 0 0 23 57 87 0 65 3 39 0 0 0 19 0 25 23 16 0 0 
36 82 0 39 0 0 91 17 72 90 0 0 0 43 0 51 0 0 0 22 75 0 38 0 0 0 14 0 1 98 98 0 11 46 5 70 33 0 41 0 0 0 7 93 0 62 0 0 0 0 0 0 0 0 0 0 23 18 52 68 37 0 53 0 60 25 83 0 0 0 0 75 0 94 0 0 26 0 0 8 0 0 0 0 0 71 52 12 0 67 0 89 36 0 0 25 35 0 10 0 
6 0 14 22 0 0 0 77 84 0 5 0 0 0 95 0 77 6 0 0 0 0 0 0 27 41 0 43 49 0 45 1 0 0 3 10 51 64 23 0 0 0 0 41 0 74 32 18 36 0 0 59 39 0 0 68 0 30 19 0 0 0 42 45 0 0 50 77 0 59 0 20 0 27 72 0 0 0 8 0 49 0 0 0 65 0 89 58 0 0 0 0 0 4 69 0 14 0 96 66 
0 70 0 94 47 65 89 45 46 38 63 0 70 15 56 67 0 0 4 87 0 0 0 85 0 0 74 0 0 0 10 0 9 0 88 0 0 0 0 90 36 0 58 0 0 0 47 0 0 0 0 61 42 54 0 34 30 0 63 62 0 41 0 14 0 4 0 0 38 61 0 44 0 0 0 34 0 68 98 0 50 0 0 0 11 71 31 0 91 76 0 0 45 0 38 0 99 92 0 61 
0 77 61 0 96 72 0 32 0 0 0 47 82 73 17 0 48 82 44 0 73 76 70 0 0 50 0 8 0 93 0 23 0 84 0 0 0 59 0 26 0 0 5 13 0 17 0 0 0 19 96 0 50 0 0 0 0 0 0 47 30 0 0 0 0 23 0 0 0 0 91 0 0 0 0 47 0 0 0 30 55 55 42 21 93 22 47 7 10 17 0 91 0 0 22 0 0 0 0 79 
71 0 0 0 0 30 13 44 0 0 0 0 0 22 85 0 0 30 0 91 36 71 0 0 0 0 90 0 44 0 37 0 0 90 62 0 44 0 0 0 99 0 56 16 0 88 0 83 41 0 0 61 0 26 0 81 0 0 0 0 41 99 20 0 0 28 0 0 0 44 95 0 49 0 0 32 0 1 0 0 0 47 26 63 0 86 99 0 95 46 98 30 0 0 0 0 29 0 0 0 
0 27 0 0 0 0 43 0 0 82 86 0 0 0 0 69 36 86 25 0 16 0 0 44 21 36 25 30 56 0 0 95 78 21 2 33 0 65 97 34 0 0 7 0 0 19 90 0 0 0 65 97 0 0 43 78 14 0 82 0 0 0 0 42 0 25 28 75 47 0 61 71 0 0 0 0 91 0 0 0 0 0 52 42 0 24 53 0 0 0 0 0 8 0 52 65 0 25 38 0 
89 98 0 0 15 97 0 0 8 0 0 0 0 56 0 16 32 57 0 0 85 0 0 39 0 0 90 71 33 67 88 17 0 0 1 16 0 31 0 0 15 99 0 40 19 24 5 0 0 34 29 0 0 0 0 49 32 0 0 27 3 0 0 0 24 12 0 0 0 25 0 99 87 96 0 0 0 0 30 0 0 94 79 71 49 0 85 0 0 0 60 5 0 91 32 0 0 15 0 44 
92 64 0 11 66 0 0 0 0 48 0 33 40 0 0 98 0 0 0 45 6 96 0 3 0 0 47 8 0 0 0 96 57 0 41 76 0 83 0 0 0 52 84 93 0 0 7 0 0 8 65 68 0 58 0 0 29 11 0 0 0 67 0 0 66 12 0 36 0 64 0 62 0 0 59 0 93 12 0 27 59 0 39 0 0 0 0 66 0 31 0 0 78 7 83 0 23 38 0 23 
87 95 7 0 58 77 0 25 87 0 54 40 0 96 3 57 0 0 0 0 0 3 0 60 74 0 0 0 33 0 0 84 0 68 0 0 0 0 32 0 0 0 13 0 61 0 0 0 23 27 17 0 0 95 13 0 0 63 0 94 0 1 0 0 16 51 6 19 0 0 96 0 88 0 0 0 13 0 0 93 0 96 0 55 81 0 0 8 0 22 4 90 0 0 0 0 0 0 0 73 
71 0 0 0 0 15 0 6 8 77 85 79 6 53 67 0 0 55 75 0 74 0 0 0 26 96 0 58 40 0 0 0 23 62 0 37 0 0 50 59 0 0 74 49 0 64 0 80 0 83 0 5 62 6 0 27 0 40 19 0 0 0 79 0 0 0 95 0 18 0 0 99 35 45 37 15 0 0 0 47 66 28 73 0 0 0 94 0 0 82 61 0 0 99 44 88 21 60 0 0 
51 74 0 0 7 0 0 0 95 0 48 16 99 69 17 7 0 0 58 0 52 0 62 55 10 90 49 0 0 79 23 13 0 0 0 0 0 22 0 0 24 46 40 91 96 81 63 0 89 0 19 56 0 0 21 13 0 32 82 14 64 0 0 0 0 77 43 73 0 0 14 0 17 6 70 0 0 0 17 80 0 65 61 0 0 61 0 21 79 53 0 0 0 85 53 45 6 0 0 45 
0 0 0 0 0 53 0 0 0 0 52 0 0 0 0 6 85 0 49 0 12 0 54 0 64 73 0 60 25 90 0 70 0 0 0 13 39 0 84 0 0 0 0 0 88 0 0 44 0 44 97 12 82 0 0 72 63 0 68 82 89 70 38 0 31 53 0 0 1 0 0 12 95 26 0 30 0 96 0 96 0 29 6 87 0 0 0 0 1 0 44 29 0 0 0 36 0 0 94 78 
0 0 96 36 0 53 0 0 71 84 75 60 0 0 0 0 0 61 30 95 83 30 16 61 5 77 90 0 29 77 70 65 0 0 61 72 0 0 66 0 0 78 64 0 3 0 0 0 0 13 90 94 0 87 8 98 1 18 0 0 0 86 89 0 0 26 0 0 0 8 16 0 71 0 10 34 23 0 0 10 0 0 0 21 99 93 31 43 20 0 0 19 13 0 70 0 4 99 16 93 
0 0 0 0 0 0 0 74 0 62 0 8 41 37 34 86 21 0 94 79 49 59 30 0 0 0 0 90 0 30 0 41 0 68 0 0 64 0 0 21 0 0 0 0 98 5 0 81 20 3 0 12 0 7 0 0 0 0 0 0 0 27 0 0 0 0 0 0 43 0 9 0 95 0 6 0 0 0 11 71 0 8 0 0 55 0 0 11 69 1 0 87 0 14 97 0 0 29 62 70 
0 51 0 0 0 0 86 16 1 0 0 0 0 0 0 34 0 97 89 0 34 49 56 0 0 27 46 0 46 0 0 0 31 0 0 0 67 69 0 54 10 61 46 69 0 0 0 0 0 70 68 42 0 0 3 74 40 0 24 49 0 0 0 98 28 70 0 65 50 0 0 1 0 0 0 67 0 0 53 48 0 0 33 0 67 0 43 64 0 40 0 0 0 85 19 0 32 89 66 0 
0 8 79 0 96 0 78 67 0 0 0 0 0 0 65 3 0 10 90 0 0 0 2 0 66 62 0 0 0 92 35 0 0 64 0 0 0 0 0 66 59 0 12 12 24 44 34 21 0 0 0 0 45 0 17 14 69 0 43 0 0 87 0 63 62 36 0 0 49 46 43 0 82 19 13 58 0 63 0 0 55 0 0 89 0 0 0 73 0 0 0 0 65 0 72 0 0 0 0 44 
0 0 86 0 0 85 62 66 0 0 2 0 72 0 60 49 19 47 0 0 0 64 30 0 0 36 54 0 0 0 1 0 0 82 81 0 29 0 0 58 0 59 0 30 44 50 39 98 0 0 10 5 50 91 0 68 32 0 79 93 35 0 62 0 72 0 0 0 0 0 85 75 0 0 2 0 0 10 0 0 0 0 0 0 0 42 0 58 72 36 0 0 0 4 40 64 0 43 0 83 
65 60 0 22 26 0 0 51 8 0 92 0 14 89 0 89 93 0 0 0 81 0 0 0 98 38 0 12 29 92 93 43 79 69 21 2 28 60 0 0 0 0 5 78 40 98 90 0 88 0 5 0 98 0 0 32 0 14 0 0 72 21 98 25 0 81 51 0 55 0 0 42 0 85 33 39 0 0 65 0 0 0 16 0 0 68 86 0 46 1 77 68 0 0 88 24 0 0 51 0 
0 40 0 0 2 0 43 0 0 0 0 0 0 39 32 73 0 77 0 0 0 0 0 0 0 0 89 74 0 50 55 0 0 0 0 91 59 56 27 0 0 0 0 0 84 40 0 2 86 25 0 0 5 75 22 0 0 0 21 68 0 38 0 73 0 0 26 0 0 10 0 31 0 11 54 0 0 95 54 0 0 24 65 37 0 0 0 0 49 0 0 4 79 34 80 60 47 81 0 29 
66 56 62 64 57 0 0 0 27 0 0 8 23 15 12 20 58 0 0 6 0 0 0 48 0 0 0 0 0 0 91 0 88 54 39 76 74 0 95 0 99 78 1 0 0 0 24 5 34 0 42 89 0 0 0 18 85 0 0 0 78 0 29 0 12 58 0 96 0 0 0 0 21 19 26 23 46 39 0 19 0 0 0 0 0 0 0 40 55 38 0 0 0 6 17 0 68 41 44 0 
0 61 30 50 0 87 0 9 0 91 8 66 0 0 0 68 0 0 26 57 0 8 0 0 39 52 0 0 0 0 0 0 0 0 68 0 83 0 0 0 70 0 48 0 43 63 3 31 92 0 86 39 36 25 48 33 0 8 0 10 0 0 0 0 0 0 40 0 17 19 82 0 0 93 0 0 0 0 0 80 0 0 0 0 56 58 92 0 17 57 47 73 0 50 0 33 0 33 49 0 
55 0 55 0 0 40 0 33 60 0 47 69 96 88 54 2 0 85 0 66 0 0 0 0 0 41 0 0 0 24 85 0 0 0 66 69 0 5 47 0 0 0 15 0 0 86 60 0 49 66 0 50 0 0 38 85 98 45 0 1 87 0 0 0 45 72 84 0 58 0 0 0 0 0 1 53 95 68 91 0 14 0 42 0 0 0 0 0 0 0 28 85 77 66 29 91 61 0 54 42 
90 0 80 61 72 6 70 0 24 52 72 0 0 53 51 0 35 0 20 95 6 3 36 0 6 92 52 23 0 59 0 0 79 27 0 0 0 0 54 76 97 62 0 52 35 0 0 0 0 0 0 71 73 0 65 10 95 34 56 0 27 0 0 87 0 0 81 0 0 0 0 0 19 0 0 45 28 0 15 0 0 0 0 0 48 6 0 0 46 31 1 0 36 0 0 0 0 0 49 0 
79 16 0 24 0 71 0 0 0 67 0 0 86 0 8 85 0 0 82 53 33 0 0 0 0 0 80 0 0 0 30 0 31 0 27 0 0 10 76 79 0 20 0 0 53 0 0 0 3 54 7 57 35 5 0 0 0 71 97 87 27 0 68 0 0 11 0 0 98 0 69 0 69 0 0 0 0 75 17 47 0 0 0 0 30 18 0 0 29 36 0 0 17 0 79 0 14 0 0 36 
47 0 0 42 0 0 0 66 40 59 0 58 0 10 36 0 64 0 27 65 66 11 96 0 0 0 0 0 0 33 0 0 95 48 12 68 0 0 45 0 0 47 58 0 74 76 98 91 33 79 65 14 0 19 80 17 9 0 68 0 0 8 12 16 0 33 44 64 37 55 40 0 64 0 0 40 0 51 47 0 24 0 78 4 2 0 38 0 0 0 62 0 0 0 0 18 6 95 0 0 
85 0 0 91 20 15 0 58 87 65 71 54 0 0 0 0 0 18 0 0 0 38 0 0 0 90 0 0 0 0 0 0 0 0 11 87 0 0 30 72 0 61 6 73 0 0 0 0 0 76 45 0 37 14 0 45 0 90 95 0 27 14 98 0 88 40 33 0 0 86 0 0 56 0 59 0 0 0 0 0 0 0 0 63 26 0 0 30 0 0 0 55 0 27 65 6 76 73 0 35 
0 91 0 0 73 0 0 60 32 0 35 71 2 24 44 81 0 70 65 88 0 0 0 0 0 31 0 22 7 94 0 89 88 0 0 35 25 55 0 0 0 9 74 0 0 54 0 0 0 54 25 0 73 0 0 88 34 66 0 72 43 62 0 78 43 0 0 21 96 0 0 14 89 0 0 0 0 7 0 76 68 12 0 86 48 0 21 95 25 0 0 81 58 0 24 7 16 0 0 88 
93 0 0 0 19 0 39 0 0 21 64 28 0 0 49 0 74 37 15 51 0 0 0 0 0 0 0 0 41 47 0 53 35 0 33 63 0 60 37 19 0 0 72 32 0 88 97 0 0 0 43 0 0 54 87 0 65 62 16 0 0 0 0 0 0 0 0 83 72 53 48 0 0 8 15 0 18 93 0 0 36 26 0 0 65 0 51 0 0 6 57 68 57 63 52 45 51 0 81 70 
0 26 81 38 29 0 86 1 62 29 0 32 0 39 0 93 0 0 46 0 0 0 78 83 75 29 0 0 0 0 0 40 0 0 0 98 31 0 0 0 0 0 72 8 0 32 0 0 0 0 0 0 10 0 0 0 11 54 7 0 15 0 36 96 49 41 80 0 36 8 17 53 79 0 70 36 0 64 0 0 0 0 45 87 0 12 0 0 0 3 70 87 0 0 72 55 3 94 0 0 
91 81 0 0 45 73 0 0 0 29 0 71 0 0 0 21 96 0 93 11 0 0 0 95 79 0 17 0 0 6 56 39 17 0 87 0 0 79 97 36 20 60 34 96 0 23 0 0 64 0 50 68 52 3 90 0 0 10 0 27 0 0 0 0 31 0 88 38 59 81 0 11 11 13 56 13 86 6 0 0 17 0 0 0 0 59 49 62 0 0 67 94 0 88 38 0 0 0 14 0 
75 4 0 20 0 0 0 0 55 0 57 0 97 0 0 0 0 0 0 26 42 43 10 37 0 0 4 13 0 49 0 0 0 0 96 51 0 25 0 0 0 24 0 33 0 78 52 26 90 0 30 98 53 85 47 0 0 0 0 0 36 0 0 0 59 99 0 93 45 0 0 61 82 0 13 37 0 84 60 44 0 91 0 0 58 0 97 15 81 67 0 20 68 0 0 0 0 5 0 0 
0 80 19 70 5 69 49 0 28 0 0 0 0 19 70 47 0 90 15 0 0 72 93 6 77 0 66 0 20 0 3 67 0 6 0 0 0 0 37 0 49 81 0 17 68 99 28 27 25 0 89 0 41 56 81 0 0 0 0 54 0 80 85 0 0 51 91 0 14 96 0 29 5 10 47 85 0 0 0 41 0 41 88 0 0 50 0 24 34 45 70 0 62 0 35 0 55 81 0 0 
0 47 86 0 0 78 64 0 0 93 0 0 0 90 0 0 60 0 34 0 76 23 38 0 0 59 0 90 0 34 0 0 0 0 29 25 57 16 86 73 85 60 13 0 49 0 48 50 0 0 65 0 41 0 0 0 12 69 0 54 0 15 16 50 0 0 0 88 25 80 51 21 0 11 0 0 0 0 0 0 48 13 0 9 0 86 40 26 0 0 0 0 40 0 7 37 0 70 42 88 
42 0 0 70 0 0 6 0 54 0 0 55 0 0 0 98 0 94 0 0 80 0 0 10 2 93 99 0 20 44 0 20 5 0 0 0 0 0 19 0 22 0 26 0 0 28 83 0 0 95 73 0 0 7 0 0 0 0 71 49 26 56 0 36 0 45 14 91 0 0 66 29 0 17 0 0 33 32 52 70 0 0 75 0 0 0 0 0 0 24 0 45 79 13 0 12 0 0 0 0 
0 0 0 11 0 0 0 0 0 0 71 0 0 0 0 80 60 0 0 0 7 84 93 0 72 87 29 0 0 0 0 34 89 1 14 0 0 19 0 0 89 0 2 85 0 44 0 0 0 0 6 50 0 0 0 0 0 0 0 54 2 0 11 50 0 20 0 57 56 0 37 70 0 80 10 62 0 86 0 0 91 0 0 38 0 18 0 84 85 0 31 58 0 10 0 0 0 0 0 0 
76 0 0 51 98 71 14 0 0 0 0 0 0 10 3 20 0 58 68 0 0 0 0 36 6 0 77 26 0 0 11 0 76 25 0 15 7 25 0 17 37 69 44 59 19 0 83 50 6 34 0 0 0 0 1 0 77 68 55 0 0 59 0 6 0 0 0 0 0 20 77 0 2 12 53 2 62 0 0 73 38 0 0 0 0 20 0 0 60 11 70 0 0 0 5 0 0 30 0 0 
0 0 37 0 38 50 0 0 0 0 17 0 0 0 38 39 97 0 47 0 0 38 25 49 0 51 0 27 97 57 0 0 86 18 0 0 0 0 42 97 0 98 0 0 16 38 38 8 0 0 83 0 8 40 0 0 0 14 29 24 81 92 0 0 0 0 30 35 0 0 0 0 0 59 0 0 21 8 0 36 90 96 0 0 7 19 0 0 0 38 40 0 88 5 12 0 0 91 0 74 
0 51 15 0 70 97 37 0 0 79 0 1 30 50 40 38 0 85 0 12 0 0 0 0 0 0 32 0 0 0 16 78 62 48 0 39 0 99 0 0 18 0 0 0 0 0 0 54 87 0 0 0 0 80 0 0 0 3 59 0 0 0 0 75 54 0 0 48 0 0 11 0 0 78 0 0 27 86 71 0 0 7 0 0 96 0 64 0 0 0 0 17 0 22 70 0 0 36 0 0 
0 3 14 88 1 0 49 18 0 8 0 0 56 0 0 82 0 60 0 0 0 32 0 25 37 0 96 51 19 26 45 53 97 0 90 54 0 0 0 30 89 0 0 0 23 36 0 0 0 0 76 75 82 44 67 45 0 8 0 33 0 0 87 0 13 40 91 48 74 0 17 10 0 0 0 83 0 8 58 0 0 0 35 0 94 35 0 0 0 50 0 0 20 38 0 0 0 29 25 27 
0 68 0 0 0 47 90 0 0 0 0 0 0 0 69 15 37 73 53 31 0 61 0 83 15 92 28 44 71 0 59 0 0 19 0 70 29 0 0 59 99 0 95 64 0 0 0 0 6 74 0 78 0 89 77 0 0 7 0 15 0 63 14 0 0 0 77 60 58 0 0 31 0 0 30 41 18 0 0 0 0 0 0 69 15 0 0 54 42 0 99 0 85 0 89 0 39 0 0 0 
77 66 0 0 70 0 54 0 0 44 5 96 63 14 95 0 0 41 0 7 36 35 85 78 0 0 0 26 57 0 0 27 91 0 48 0 0 82 5 0 0 5 26 0 0 19 0 0 0 23 95 67 0 87 0 22 23 0 8 0 64 73 94 49 0 13 14 0 68 9 0 92 66 0 0 0 14 54 0 0 51 6 0 0 0 0 99 16 0 93 0 0 0 13 0 30 0 0 0 0 
0 0 55 71 0 46 79 81 0 73 0 0 61 0 0 0 0 0 58 0 90 0 0 0 52 38 14 72 0 44 0 0 0 5 85 45 79 0 0 42 26 0 0 0 69 0 66 0 21 0 81 0 70 0 70 79 71 42 0 0 10 0 0 18 76 0 0 28 0 26 0 0 0 0 19 94 63 0 6 0 99 0 60 2 78 0 0 28 0 0 0 85 0 0 0 3 42 39 57 0 
0 0 2 44 0 0 1 29 7 0 0 89 33 11 0 0 0 0 9 0 0 0 18 0 81 49 0 0 77 0 0 13 27 81 0 0 0 71 25 0 78 0 0 77 90 83 90 94 0 40 0 95 84 0 0 0 92 0 0 0 50 0 0 33 0 0 0 0 0 0 0 0 84 0 82 0 17 0 0 0 0 0 10 0 0 52 30 0 0 0 53 0 14 8 0 0 75 0 0 0 
85 91 0 23 0 0 0 9 0 0 70 12 0 0 0 56 0 0 0 81 75 0 21 0 97 93 0 0 81 0 0 0 28 0 28 33 0 50 37 39 72 0 0 0 0 75 0 66 0 23 0 0 0 40 63 95 7 0 93 47 2 0 0 0 72 70 75 31 0 0 0 95 0 0 10 7 0 0 0 0 0 39 44 83 0 0 48 6 18 71 7 96 0 0 40 0 0 51 96 34 
0 0 22 0 36 11 0 0 87 19 72 0 44 0 0 0 3 13 63 0 1 0 0 0 31 77 0 15 0 7 0 0 0 0 0 0 0 22 60 87 0 61 0 53 0 0 27 0 77 56 11 0 0 0 0 52 0 61 90 0 44 0 0 12 0 66 0 98 51 70 0 0 68 0 35 0 0 0 0 0 0 70 47 0 42 94 95 43 32 18 94 0 5 0 0 43 0 0 0 0 
0 0 52 40 69 7 0 0 0 0 16 59 0 65 0 51 0 0 0 53 0 0 18 0 29 88 0 0 0 0 38 0 41 18 0 0 96 27 6 50 0 65 0 73 0 0 90 81 79 0 40 0 52 83 0 69 20 0 0 0 54 0 61 52 0 0 0 12 0 90 0 0 0 22 79 58 0 0 37 54 0 71 0 0 0 53 92 0 0 0 0 98 86 0 46 0 31 0 49 79 
98 0 0 88 0 32 0 28 0 82 54 86 0 0 23 35 2 0 0 0 0 3 0 60 0 0 9 32 67 99 53 0 0 41 0 45 66 67 65 0 0 56 94 0 0 6 0 13 30 0 0 39 0 0 64 18 86 0 35 14 58 18 47 0 0 0 0 53 8 0 37 0 0 0 0 75 55 83 83 0 63 0 42 44 0 8 34 82 4 25 0 48 27 0 80 0 87 0 0 37 
16 51 38 0 0 26 0 52 33 81 0 74 0 48 21 90 0 0 88 12 81 0 44 14 61 78 0 0 0 81 91 50 0 0 34 0 65 0 79 48 4 72 24 83 0 18 48 0 0 0 67 33 44 0 0 0 77 48 0 0 0 43 0 0 0 0 37 0 0 73 0 77 89 0 35 0 95 0 0 0 25 92 77 6 0 25 31 87 0 11 0 25 95 56 50 0 73 0 0 0 
