100
0 0 0 0 0 0 11 0 0 44 14 7 0 19 57 12 0 0 0 0 0 0 0 0 0 1 87 0 0 0 0 0 0 0 0 0 0 65 85 0 5 15 69 0 0 0 81 68 0 0 0 0 67 0 0 0 0 0 0 0 0 0 0 0 0 85 0 0 0 0 0 0 0 0 0 71 84 0 0 0 0 13 0 45 0 0 83 65 0 0 0 0 0 0 48 17 0 0 0 0 
38 0 0 0 0 0 98 19 54 3 0 44 0 0 0 0 0 0 0 0 0 0 69 0 0 0 0 0 0 0 43 0 0 0 0 0 0 0 0 0 0 0 0 16 0 0 0 0 38 0 0 0 87 0 0 21 0 0 0 30 0 0 0 0 88 0 97 0 0 81 0 0 0 0 7 0 0 0 0 34 0 0 0 0 10 0 0 0 0 0 0 0 0 75 33 0 6 84 0 0 
28 0 0 0 41 0 0 0 0 0 28 0 0 0 56 39 0 0 0 36 0 0 0 0 0 10 0 0 0 0 0 0 0 0 0 0 18 74 28 0 0 58 0 24 0 97 0 0 0 7 0 0 0 0 0 0 0 0 0 0 0 72 50 0 0 88 0 0 0 0 0 24 0 0 0 75 0 0 0 0 0 0 0 0 0 0 0 0 0 0 2 0 0 0 81 0 0 0 0 0 
66 43 86 0 26 59 0 0 0 0 0 67 0 0 0 0 71 57 0 0 27 0 0 0 90 0 0 0 0 91 95 25 0 0 71 0 0 0 0 0 0 53 0 0 0 0 0 0 0 0 0 2 0 16 0 0 0 0 0 0 0 0 0 98 0 0 97 0 0 0 0 0 0 39 0 0 0 0 0 0 0 0 0 77 0 0 0 0 0 0 0 0 0 0 0 0 77 0 0 0 
0 9 0 0 0 60 0 0 67 61 50 0 47 22 0 22 0 0 14 0 0 0 0 0 0 0 78 0 18 0 0 0 0 0 0 0 97 0 0 0 0 0 0 0 25 0 0 0 0 0 0 16 0 0 0 42 0 0 0 64 0 0 0 0 35 0 0 0 51 0 37 0 0 70 0 0 21 41 0 0 14 0 93 0 0 0 0 0 55 0 0 0 0 0 0 0 96 0 0 0 
74 0 36 0 0 0 79 0 0 0 0 0 0 0 0 0 26 0 0 49 13 0 0 0 0 0 0 72 0 16 0 0 0 64 0 0 63 0 36 80 60 60 0 94 98 0 0 0 0 82 0 0 0 0 0 0 0 0 0 67 0 83 93 47 0 74 0 28 0 36 0 0 0 14 0 68 0 0 46 0 0 0 0 0 0 0 0 0 0 0 0 23 78 0 0 0 0 83 0 0 
0 0 44 0 92 0 0 97 55 87 67 6 0 0 0 95 0 65 0 83 0 0 0 0 15 0 22 0 0 0 0 0 0 0 96 0 0 0 0 67 17 33 0 14 0 0 0 0 0 0 0 0 8 19 0 0 0 0 0 0 0 0 68 0 0 0 0 0 0 0 0 0 82 57 0 0 0 0 0 41 0 0 0 0 0 0 0 36 0 38 0 0 0 55 0 0 0 0 0 0 
87 0 54 0 22 12 0 0 0 83 0 0 0 0 61 0 0 0 6 0 68 0 0 45 0 26 0 0 0 0 82 0 0 0 0 88 0 46 0 0 0 0 17 0 0 0 0 0 62 0 0 0 0 0 0 0 51 0 0 0 0 0 0 0 0 0 0 0 0 0 0 0 34 57 0 82 0 0 0 69 0 0 61 0 29 0 0 0 0 0 0 0 0 21 86 81 85 0 0 0 
0 0 73 21 0 0 0 80 0 69 0 57 43 0 0 63 0 0 0 0 0 71 0 0 0 1 0 0 0 0 0 0 65 98 52 0 0 6 0 0 0 22 0 0 0 0 63 0 0 6 0 0 0 0 28 0 0 0 35 70 0 0 24 0 0 73 0 0 0 0 65 0 46 0 20 0 0 21 53 0 76 0 42 0 0 0 64 0 0 11 19 0 0 0 3 0 0 0 0 0 
0 0 83 0 0 40 0 0 0 0 0 0 0 0 68 0 0 0 0 0 0 0 58 36 0 0 0 0 0 0 66 0 0 27 0 0 92 0 0 0 0 80 0 91 0 0 26 94 93 0 0 0 0 43 0 0 0 0 0 0 0 0 0 0 0 0 0 0 0 28 0 0 0 0 0 0 0 0 0 0 0 54 0 0 0 0 0 0 0 0 0 0 0 0 0 0 0 0 94 0 
0 0 0 87 0 13 0 0 54 54 0 0 52 0 26 0 0 0 0 22 0 25 46 0 0 6 35 29 0 27 0 46 0 0 0 0 0 12 60 0 0 0 53 0 0 38 0 0 15 0 0 0 60 0 0 29 0 38 0 30 0 0 0 0 0 0 0 0 0 0 0 0 2 0 0 0 0 0 0 0 67 77 0 0 0 6 0 37 0 0 0 81 0 0 0 0 0 0 87 30 
0 0 0 0 0 0 0 0 0 70 0 0 84 0 16 0 0 45 0 85 17 0 0 0 93 0 9 71 4 0 34 0 0 0 0 0 0 0 0 88 0 0 0 0 50 0 0 0 0 0 17 67 0 0 0 0 19 0 71 0 0 0 0 0 0 16 0 0 0 0 0 0 0 0 67 0 83 0 11 0 0 0 51 5 0 0 0 0 0 0 0 0 0 0 32 0 0 0 16 0 
3 0 46 57 0 47 0 0 0 77 0 0 0 0 39 0 0 0 92 0 38 96 87 70 2 0 0 0 3 0 77 0 0 0 0 0 0 0 0 67 0 0 0 0 0 42 0 0 81 0 55 61 0 33 0 0 0 0 0 0 0 1 0 0 0 0 0 0 0 0 16 0 97 11 0 0 0 51 0 0 0 0 0 0 0 20 0 0 0 0 0 0 0 0 0 0 71 0 75 60 
0 0 0 13 0 0 0 7 0 35 0 0 86 0 0 0 0 46 7 0 63 0 0 63 0 53 0 0 0 0 0 0 0 46 0 39 63 0 14 69 0 30 0 0 0 0 10 14 0 0 9 0 0 0 0 0 0 0 62 78 85 75 41 0 92 0 0 0 0 0 0 61 0 0 0 95 0 0 80 0 0 60 0 0 0 40 0 0 0 0 0 0 0 0 33 0 0 0 0 0 
0 0 0 0 0 92 32 0 0 0 0 0 0 81 0 0 0 0 23 0 0 0 0 0 0 0 0 0 0 0 0 0 26 0 0 0 0 0 0 50 1 0 6 0 0 0 0 0 0 0 0 63 0 0 59 32 0 76 0 0 0 69 15 25 8 0 0 0 66 81 0 39 0 0 0 0 0 0 0 31 0 62 0 0 0 0 0 0 75 0 0 56 0 19 0 0 8 0 0 0 
0 0 0 0 0 12 0 0 0 36 0 0 0 93 35 0 95 0 53 0 0 66 0 0 0 0 0 0 0 0 0 0 0 37 0 0 0 0 0 65 0 0 0 0 0 0 0 0 7 0 0 0 0 0 0 0 0 32 0 0 0 6 0 0 0 0 0 0 14 5 0 0 97 25 0 0 93 99 0 0 0 1 0 84 0 0 0 0 0 92 0 0 0 93 0 0 0 8 0 84 
20 63 40 0 0 0 0 0 65 2 49 18 0 0 0 0 0 0 0 0 0 0 0 24 40 0 0 0 0 0 0 0 83 0 0 0 28 0 72 0 0 0 0 0 0 59 0 40 0 0 0 0 0 0 0 0 0 0 0 0 15 55 0 0 0 0 0 0 19 0 0 0 88 0 0 0 0 6 24 75 98 0 81 0 0 0 0 0 0 0 0 0 0 0 11 82 71 0 0 0 
0 18 0 0 63 0 0 0 0 0 0 0 90 0 0 0 0 0 33 0 0 0 81 7 0 0 0 0 0 0 15 55 0 71 0 0 0 0 75 0 0 0 82 45 0 83 0 0 0 0 0 0 0 0 4 0 0 0 30 0 51 0 89 0 0 0 34 0 0 71 0 0 0 0 0 1 74 13 0 0 0 0 0 0 0 0 28 0 0 0 0 0 0 0 0 0 0 0 0 0 
0 75 0 0 0 0 0 0 16 0 51 30 0 0 0 0 28 0 0 67 0 0 28 0 0 0 0 0 0 0 0 0 21 0 0 0 0 0 0 0 0 0 52 69 0 0 0 74 0 0 0 0 0 0 0 0 0 67 0 0 0 0 0 0 0 0 0 0 0 0 0 0 0 11 0 0 17 0 0 58 66 0 0 0 0 0 0 0 0 0 0 0 33 0 0 0 0 44 0 32 
0 0 0 0 81 0 0 0 6 15 0 0 0 95 0 0 9 82 0 0 0 0 0 0 0 21 0 54 89 0 0 14 0 99 0 0 0 6 0 0 95 0 0 0 0 67 0 0 0 41 0 72 0 13 0 0 0 0 0 0 0 0 0 0 61 0 0 0 0 0 0 0 0 0 45 0 18 17 0 96 0 77 5 0 25 19 81 0 0 0 0 0 0 1 78 0 0 0 0 0 
0 0 0 0 0 0 73 0 35 0 0 0 0 0 39 84 0 0 0 0 0 0 0 0 0 0 0 0 0 0 0 0 50 4 0 0 0 0 53 94 0 0 0 0 0 0 0 16 0 0 0 14 48 0 0 0 0 0 91 0 13 38 39 0 0 0 0 0 0 0 0 0 0 69 0 0 0 0 0 0 39 0 0 0 78 0 0 0 0 0 0 43 61 0 0 39 0 6 0 0 
17 0 0 46 0 64 0 0 0 0 0 0 0 0 0 0 7 15 0 0 0 0 0 0 0 14 0 0 0 5 0 0 0 67 0 0 31 0 0 0 0 0 0 25 0 0 0 0 0 0 0 0 0 0 0 0 0 0 43 0 41 0 4 0 0 0 0 0 0 0 0 76 0 0 0 0 0 3 42 40 0 51 0 0 0 0 0 0 0 71 0 0 0 0 0 0 0 0 66 0 
0 0 0 0 0 0 0 0 0 0 0 0 0 50 0 0 52 0 0 0 0 86 0 49 0 0 0 0 0 0 0 84 0 0 2 0 0 0 0 0 0 0 8 0 43 87 0 0 0 77 14 0 0 0 0 0 0 0 0 0 35 0 0 7 0 0 9 0 0 77 0 0 54 6 0 0 0 66 71 0 0 0 82 0 0 0 0 0 0 0 0 0 0 0 99 92 0 0 0 0 
0 97 16 0 0 27 15 0 72 0 0 99 0 0 0 0 0 0 82 0 0 0 0 0 0 0 0 0 0 0 0 0 0 0 0 0 72 67 0 0 0 0 0 0 42 0 0 0 0 0 0 13 0 0 81 0 91 0 0 8 0 0 0 0 0 0 24 0 65 74 0 0 0 0 0 0 39 0 96 0 0 14 0 0 0 0 0 0 0 43 0 24 0 0 0 0 0 0 0 0 
75 0 0 0 0 0 0 0 26 0 45 0 0 0 0 0 0 0 0 38 0 0 0 0 0 0 60 0 0 0 69 94 0 0 0 0 0 0 0 0 0 0 0 0 0 0 0 0 0 72 0 0 0 0 0 0 0 90 0 0 17 0 68 0 85 0 0 0 50 0 52 0 0 0 0 22 23 0 47 0 52 0 0 0 45 0 0 0 0 0 0 0 60 0 79 0 0 0 0 0 
0 0 0 25 0 0 33 0 0 0 0 0 0 0 66 0 0 0 43 0 0 0 11 0 0 0 44 17 17 0 0 0 0 0 74 0 0 0 0 0 0 0 0 0 0 0 98 84 0 0 0 0 0 67 0 44 0 0 26 69 8 0 0 0 0 73 0 0 34 31 0 44 0 0 0 53 84 0 50 0 0 72 0 99 0 0 0 54 0 39 0 0 0 40 0 0 0 5 0 0 
0 72 56 0 0 34 0 0 0 0 0 0 0 0 97 0 81 0 0 0 0 46 0 0 0 0 0 0 0 0 39 0 0 0 0 35 35 0 61 0 82 84 0 0 61 0 0 0 22 68 0 0 0 0 0 0 0 25 11 0 62 2 95 0 0 78 0 0 0 0 0 0 28 0 0 14 0 77 73 74 0 0 0 76 0 0 80 1 0 0 0 0 0 72 0 0 0 0 66 0 
0 0 30 0 0 0 78 0 0 0 0 0 10 0 0 0 17 77 0 0 0 0 39 82 14 0 0 0 35 0 0 94 0 0 0 0 0 73 0 6 10 0 0 0 0 0 0 0 0 55 74 14 0 0 0 39 0 0 72 0 0 85 90 46 0 23 34 70 0 0 0 0 0 0 67 0 0 0 54 0 0 0 0 0 0 0 0 27 0 0 0 0 0 33 0 28 0 0 38 0 
0 13 0 0 0 0 0 0 63 0 0 0 0 0 0 0 0 0 87 0 65 0 56 60 0 0 48 0 0 0 67 0 97 0 0 0 66 0 0 22 0 0 44 0 86 0 0 49 0 0 0 0 0 0 0 0 0 0 0 41 63 0 0 0 23 0 0 23 51 0 0 0 14 96 84 0 0 0 0 72 0 60 2 0 0 0 0 75 11 0 0 2 0 0 0 44 0 0 0 95 
33 0 1 0 0 0 60 0 85 0 0 0 45 0 0 0 12 0 96 0 25 0 83 0 92 65 0 0 0 0 0 7 0 0 0 0 66 22 69 0 90 0 0 0 0 7 0 0 7 3 0 0 0 0 0 0 85 47 0 55 0 0 51 0 0 45 0 63 0 0 0 0 0 26 0 0 67 0 0 0 0 0 76 59 0 0 0 0 0 0 0 0 0 0 0 0 93 94 0 0 
0 0 82 0 0 51 0 0 0 0 62 0 0 29 77 0 0 0 0 0 82 26 4 38 0 69 0 0 0 71 0 0 0 0 0 20 32 0 9 0 0 0 0 0 0 0 0 8 0 0 0 0 0 0 1 0 0 0 0 0 0 14 0 0 0 0 0 0 0 0 21 81 39 0 0 18 16 0 0 0 0 0 0 1 0 54 0 83 0 0 0 0 0 0 0 0 0 0 0 0 
0 51 0 0 93 0 0 0 0 0 0 0 72 0 60 0 0 0 0 0 0 22 0 0 0 0 0 0 0 0 38 0 0 0 83 0 0 0 11 0 39 0 94 0 0 0 0 0 35 0 0 0 0 66 96 0 0 0 39 0 0 0 0 0 0 80 23 0 0 0 22 0 0 0 0 0 0 0 0 41 31 0 0 0 0 24 0 0 0 97 0 0 60 0 0 0 29 22 0 0 
71 0 0 39 0 0 0 0 0 0 0 9 0 0 0 76 0 0 0 0 0 66 0 54 0 25 0 0 0 0 86 0 0 0 0 95 88 0 0 0 0 0 0 16 0 0 48 0 42 0 68 14 90 0 0 49 70 0 0 0 0 1 56 66 26 0 0 0 0 0 0 0 0 0 0 0 0 15 0 0 0 0 0 0 0 50 0 0 78 0 2 0 32 0 42 0 9 95 0 0 
0 2 95 18 0 0 0 0 0 0 0 0 21 0 0 0 0 0 35 0 0 0 0 0 0 0 0 0 0 0 19 0 0 0 22 0 24 26 0 0 15 0 0 0 0 0 0 0 0 0 0 0 22 0 0 0 0 0 0 0 0 20 0 0 0 0 0 0 0 28 0 33 0 94 0 80 35 89 0 0 0 0 0 0 0 0 0 0 0 0 30 0 0 0 89 0 0 0 0 0 
51 60 0 0 98 26 0 73 0 0 0 0 0 0 0 0 0 0 82 0 35 0 0 42 31 0 17 1 0 61 38 0 0 0 0 0 0 0 0 0 0 50 0 0 0 0 0 0 29 0 61 0 83 66 0 0 0 72 0 53 0 7 0 61 0 0 0 0 0 0 0 0 0 6 0 9 0 0 0 0 0 0 58 16 49 0 0 0 0 0 38 0 57 64 37 0 0 0 0 0 
0 83 82 67 16 28 0 0 20 0 63 0 73 0 72 0 0 77 0 78 88 46 0 0 3 0 0 7 0 0 0 0 0 34 0 0 0 8 0 0 28 0 88 0 0 47 0 0 40 62 0 0 0 0 0 21 0 0 86 0 0 0 0 0 89 0 0 0 0 0 0 0 0 49 60 0 23 0 88 0 0 52 54 0 15 0 0 0 34 59 85 0 0 36 0 8 0 0 70 65 
0 96 0 0 0 0 0 0 0 0 0 0 0 0 0 0 0 0 0 0 0 0 0 0 0 0 0 0 0 0 0 0 0 0 0 0 0 0 0 0 0 0 0 0 0 50 0 91 0 94 0 68 0 0 0 0 0 39 0 0 0 0 0 0 0 0 0 0 0 0 0 0 0 67 0 95 0 11 0 0 25 0 0 84 0 0 0 0 0 0 0 0 0 0 0 0 0 0 88 0 
0 0 0 0 0 0 15 0 0 71 0 0 0 0 61 0 0 0 24 0 0 1 0 0 0 54 0 0 20 0 60 0 0 0 0 0 0 0 8 0 62 33 0 2 56 0 0 0 0 0 0 0 0 10 0 0 24 0 0 0 0 0 14 93 0 0 85 68 0 0 0 0 10 98 0 0 0 0 67 0 0 0 0 0 0 8 0 0 0 0 18 23 0 0 0 0 0 0 0 0 
0 0 0 50 0 0 78 0 0 0 0 69 0 0 79 97 0 0 0 0 0 0 0 0 0 1 0 0 0 0 0 0 0 4 29 0 0 0 0 0 0 11 0 0 0 0 73 0 0 49 0 0 0 0 0 0 23 0 0 0 0 0 0 16 0 0 0 0 0 0 0 0 0 0 0 0 0 0 0 0 0 0 0 11 0 0 0 0 0 0 0 0 0 0 0 0 0 1 0 97 
79 40 0 0 0 0 0 0 76 45 0 0 0 0 0 0 33 0 28 6 0 84 0 0 0 94 12 0 0 0 47 9 0 0 80 0 0 85 0 0 29 0 0 51 39 51 30 0 0 3 0 0 0 0 0 2 0 0 0 64 75 0 0 0 94 0 0 0 31 0 0 0 0 0 90 0 0 0 0 0 0 39 76 93 0 0 16 0 74 0 0 0 0 0 0 40 0 68 21 57 
0 0 45 0 57 0 0 0 0 0 0 48 0 0 0 0 33 0 0 0 0 0 0 0 0 0 0 0 0 0 0 0 31 0 52 0 36 0 0 0 0 83 0 76 0 0 0 0 21 0 0 0 0 0 0 0 42 0 0 0 81 0 0 22 0 98 0 3 0 0 0 0 0 43 0 0 0 0 0 0 1 92 0 0 0 0 0 56 0 0 0 0 0 0 23 44 0 0 89 69 
0 0 0 0 0 0 0 43 0 0 0 27 58 0 0 89 65 0 0 0 0 0 97 0 26 0 0 0 33 0 28 0 0 92 0 0 10 0 0 57 0 0 0 52 0 0 0 0 0 0 0 0 0 0 0 93 0 0 0 19 0 0 0 0 0 0 0 0 0 0 0 53 0 4 0 96 0 0 0 0 0 25 0 15 0 0 0 0 0 0 0 0 0 19 0 64 33 0 1 0 
0 0 0 6 0 86 0 0 0 0 0 0 0 0 0 0 0 0 0 0 37 36 0 19 1 59 56 7 0 0 0 0 1 0 0 0 0 0 17 0 0 0 0 69 0 0 94 72 0 0 17 0 0 0 0 0 0 0 58 37 0 0 0 0 74 0 0 0 0 96 0 0 0 0 64 0 0 0 0 36 99 18 88 0 4 0 0 0 0 0 0 0 87 0 0 28 0 0 0 0 
38 0 0 0 35 0 0 0 0 0 0 0 37 0 25 64 0 0 0 0 95 0 0 44 0 7 0 0 0 0 0 0 0 0 0 0 68 0 0 0 0 0 0 0 0 0 0 0 0 55 10 0 0 0 0 84 0 0 0 49 0 0 0 0 0 0 0 0 0 13 74 59 0 23 0 49 0 0 0 0 0 0 0 0 23 0 0 0 20 0 94 0 0 0 0 0 0 0 0 0 
26 0 0 0 0 0 0 0 0 0 36 0 48 0 0 37 0 21 0 0 0 0 0 0 0 0 0 0 0 45 0 45 0 0 0 86 0 0 0 0 0 0 32 0 0 0 10 0 0 52 0 0 0 73 0 25 73 0 0 90 0 28 0 0 0 0 0 0 0 0 0 0 0 0 66 0 16 0 0 54 0 0 0 0 44 0 0 8 0 31 0 0 0 0 0 0 0 0 11 0 
0 51 0 0 0 43 0 0 64 97 0 42 0 0 72 0 0 0 9 0 60 0 0 0 0 93 0 51 50 0 87 0 0 0 0 0 0 0 0 0 61 93 43 0 0 0 0 0 0 0 42 45 0 77 0 0 77 96 60 0 0 0 43 0 0 0 83 0 0 0 0 90 26 0 0 53 0 0 49 0 0 0 0 0 0 0 0 0 0 0 0 0 0 0 0 0 0 0 47 0 
0 97 11 0 94 95 0 73 0 0 0 0 72 0 24 96 3 2 47 0 0 61 87 0 0 0 9 0 0 0 74 0 0 0 64 0 0 0 0 0 94 0 0 51 0 0 0 0 0 11 0 0 0 0 0 0 0 0 0 61 0 8 29 0 0 0 0 0 0 13 29 0 0 0 0 0 23 0 43 0 20 0 0 0 0 0 0 68 0 57 78 0 0 0 0 0 0 0 0 0 
0 0 0 0 21 0 2 0 6 0 0 0 0 0 0 0 0 0 0 3 0 41 0 12 0 0 0 0 0 0 0 65 0 82 55 0 0 93 0 0 0 0 0 26 0 0 0 0 0 0 0 0 0 83 17 0 0 0 0 0 0 0 0 58 0 0 56 0 0 77 0 0 34 0 18 64 14 0 0 0 59 0 0 98 0 56 0 97 56 0 4 52 0 0 0 0 0 0 0 0 
54 0 78 0 0 63 0 0 0 0 0 34 0 0 0 0 0 42 0 0 0 96 0 0 33 65 0 0 0 0 0 0 0 74 0 0 40 0 66 0 0 0 13 0 0 0 66 26 0 0 43 0 0 30 0 3 0 0 0 32 0 58 0 0 0 31 46 0 68 0 0 0 2 0 0 0 0 0 0 0 22 0 0 0 32 0 0 0 0 0 0 93 0 0 0 0 0 0 94 0 
0 0 0 0 0 0 0 0 0 4 0 5 0 0 0 0 0 0 0 0 23 0 0 0 0 0 0 0 93 0 0 52 98 0 0 0 0 30 0 0 0 25 77 0 0 61 0 0 0 0 0 5 0 0 0 0 0 0 0 91 0 0 0 0 0 0 0 6 0 78 0 0 0 0 0 0 76 0 0 0 48 0 70 19 46 0 0 0 0 0 89 0 0 0 0 0 59 0 13 0 
0 0 0 0 0 10 0 0 14 0 69 0 0 0 0 38 0 0 0 91 0 0 0 0 0 0 0 0 0 90 0 21 0 25 0 0 0 0 0 44 0 0 0 0 9 0 0 0 0 34 0 0 0 0 0 0 0 0 97 96 0 0 0 78 0 0 69 0 0 0 0 0 0 0 0 0 0 0 0 0 0 0 0 0 0 0 0 85 0 0 0 0 0 0 49 64 0 0 72 10 
0 0 0 0 0 94 59 0 47 1 0 0 0 0 0 0 6 18 52 0 0 0 8 0 0 0 17 0 0 4 28 0 0 0 0 0 0 0 0 0 76 0 0 82 0 0 0 35 0 0 0 0 0 0 0 0 0 0 0 0 0 46 0 36 61 0 67 0 30 0 0 0 0 0 20 0 0 73 0 0 0 0 0 69 0 0 0 0 0 0 0 0 21 0 0 0 0 0 0 0 
0 0 0 76 0 0 0 0 0 49 0 28 0 87 79 0 0 0 0 57 0 0 0 73 0 0 0 0 60 0 0 0 0 0 0 0 0 64 0 0 0 0 0 0 79 0 0 28 0 57 0 0 0 0 0 0 0 0 0 0 0 0 0 0 0 0 0 0 0 0 0 0 0 0 0 0 0 0 98 0 0 33 0 65 19 0 60 0 0 0 0 0 0 0 0 0 7 0 0 97 
0 0 0 0 0 0 0 63 0 0 0 25 0 0 0 0 0 0 0 0 0 0 0 0 0 0 41 88 37 0 0 0 0 3 0 0 0 0 0 0 0 0 0 3 0 0 0 0 0 18 0 51 0 0 0 0 0 0 0 0 0 0 0 0 0 89 0 0 0 99 0 0 47 0 0 0 33 60 97 0 0 0 84 0 0 0 0 42 42 0 0 0 0 0 0 95 12 0 0 64 
1 28 0 0 51 0 0 0 0 0 3 3 0 0 0 0 91 0 0 0 0 76 21 0 74 0 0 0 0 25 0 0 0 0 0 0 96 0 0 0 0 0 0 0 0 0 0 0 60 57 0 0 95 0 0 0 0 0 0 0 0 54 0 0 0 20 0 0 0 0 89 0 0 0 0 0 0 0 0 0 0 0 6 0 4 0 0 75 0 0 0 0 47 0 0 0 0 0 38 26 
0 0 0 0 0 18 30 45 60 0 0 0 90 0 0 0 33 0 0 0 0 16 0 85 0 0 33 0 0 0 75 0 0 31 0 0 0 0 0 0 62 0 0 0 0 65 0 20 0 72 0 0 0 0 0 0 5 0 42 0 5 0 0 0 0 0 0 0 0 0 0 0 0 0 0 0 0 0 0 29 61 0 0 0 97 0 0 0 0 0 0 0 58 0 0 24 0 29 0 54 
0 0 0 0 0 0 0 0 87 0 0 0 97 0 15 36 0 3 0 0 0 0 0 0 41 76 0 0 41 0 0 30 0 0 0 0 0 0 0 28 0 0 0 0 0 0 0 60 0 0 0 0 95 0 10 0 0 0 0 0 0 0 0 0 0 0 0 20 0 0 0 0 0 0 0 0 0 0 0 0 0 40 0 0 0 0 0 0 0 46 0 19 0 6 0 0 0 0 79 0 
0 0 0 70 0 0 0 0 0 0 0 0 0 0 0 0 0 46 0 0 0 6 0 0 0 74 0 0 0 0 61 11 32 58 0 0 0 0 0 0 66 0 0 0 0 0 0 0 0 19 0 0 47 0 26 0 0 0 0 0 86 0 18 0 47 0 0 87 0 0 0 0 0 0 0 0 0 0 0 71 0 0 0 35 0 1 0 0 0 0 85 76 0 0 49 0 0 83 0 0 
0 0 94 0 0 0 0 98 0 13 8 0 42 0 0 0 0 0 29 0 0 0 0 0 0 0 0 0 53 82 0 0 0 0 30 0 0 0 0 0 34 0 0 0 0 0 0 0 4 0 0 19 0 68 0 0 0 0 0 0 0 30 0 0 0 0 0 0 0 0 0 0 0 0 0 84 90 52 0 0 0 0 0 56 0 0 0 0 0 0 83 0 36 0 0 0 0 0 0 0 
20 0 0 0 0 0 0 0 0 0 0 0 0 0 34 37 0 0 0 0 0 89 0 0 0 0 0 0 0 0 0 0 0 89 0 0 0 0 0 0 0 0 0 0 0 0 0 0 0 0 0 0 34 56 32 0 0 0 62 0 0 0 46 0 0 0 59 58 0 5 0 0 0 0 0 0 94 0 0 25 0 0 0 0 0 35 0 0 29 0 0 0 0 0 43 0 0 0 75 0 
0 0 0 45 93 95 49 88 0 0 68 0 0 0 0 0 0 0 0 65 0 0 0 0 0 0 0 87 0 0 77 24 33 0 0 1 0 29 35 0 0 99 0 0 26 0 0 66 86 0 0 0 0 0 0 0 0 0 0 0 0 0 0 0 0 0 0 0 0 0 0 0 0 40 0 0 0 0 0 0 0 0 0 0 99 0 0 94 0 0 0 31 52 0 0 0 0 0 0 2 
91 0 0 5 0 0 0 0 88 96 0 0 0 0 0 0 0 0 55 0 0 50 0 0 0 74 0 0 55 0 0 0 0 0 0 93 0 84 0 0 0 0 0 0 0 0 0 0 0 0 0 0 29 0 0 0 0 21 0 0 77 0 0 0 0 0 0 0 0 70 0 0 78 0 38 0 0 0 0 0 0 0 28 0 0 0 97 0 0 19 0 0 1 0 0 88 0 0 0 74 
0 6 0 0 19 0 0 0 0 0 0 0 76 0 0 0 15 0 0 0 0 0 0 78 0 0 0 0 0 0 6 0 0 80 0 0 0 0 0 0 8 0 68 0 0 0 0 0 34 14 50 27 0 1 0 0 60 0 0 0 0 0 0 0 0 0 0 0 0 0 0 0 0 0 0 0 0 46 0 81 0 0 0 0 4 0 21 0 0 57 0 0 0 0 0 0 0 0 0 0 
0 13 0 0 28 0 0 0 38 24 0 0 0 86 0 0 8 45 0 0 64 11 0 0 0 0 17 0 0 0 95 0 0 0 0 38 0 0 0 0 0 0 0 98 0 0 55 0 60 48 0 0 13 64 0 90 0 0 35 0 0 0 0 0 0 0 17 68 0 21 0 0 0 0 0 0 0 36 11 0 6 3 0 0 0 0 22 0 85 0 0 0 29 20 0 0 0 50 49 0 
0 0 0 0 0 0 6 0 89 0 0 14 0 0 0 23 31 0 0 0 0 0 0 0 0 0 0 0 0 89 0 0 0 0 0 0 0 0 0 0 0 1 0 0 0 0 0 0 54 0 74 0 91 0 0 0 0 0 0 0 0 8 0 0 0 0 0 38 1 15 27 0 0 60 0 0 0 82 0 0 0 0 0 0 0 0 80 0 0 0 0 37 0 0 0 8 0 0 0 0 
0 0 0 57 0 0 51 25 0 0 0 0 0 0 0 0 0 0 0 0 0 0 0 90 81 0 0 0 0 0 77 0 78 0 31 48 0 44 96 0 0 82 0 0 43 52 0 0 0 0 0 0 0 0 0 85 50 0 3 0 0 13 67 72 0 0 0 0 57 0 0 0 0 0 0 62 0 92 0 0 12 0 0 0 0 0 0 0 0 0 0 0 0 0 0 0 0 0 50 0 
27 0 0 0 0 0 0 0 86 0 0 0 0 0 88 27 0 0 0 0 0 0 0 0 0 74 0 0 0 0 0 0 0 35 0 53 0 0 55 0 0 0 64 39 0 0 0 0 0 0 0 0 0 0 0 0 0 92 15 0 0 0 0 0 0 9 0 0 0 0 0 0 0 0 0 0 0 70 31 0 0 0 0 1 0 0 0 94 0 68 93 0 0 0 48 0 0 42 86 0 
0 0 89 0 15 0 72 22 0 0 0 38 96 0 54 0 0 0 0 0 0 0 0 0 36 0 0 0 0 0 74 0 0 36 60 0 0 0 90 0 0 0 5 0 0 0 0 0 0 0 0 30 64 16 29 0 0 0 0 0 0 0 7 0 0 0 0 0 0 0 0 85 0 0 0 0 0 26 0 0 95 0 0 0 0 5 42 0 0 32 67 0 0 0 0 0 0 0 0 0 
0 51 0 0 0 14 0 0 0 60 0 98 31 0 0 0 0 0 85 0 0 0 0 0 0 0 0 0 0 0 0 95 0 0 0 0 16 0 0 0 0 0 30 0 0 0 0 37 0 0 0 0 0 88 0 0 81 0 62 5 1 0 24 0 0 0 0 78 0 19 0 19 72 0 0 20 69 0 0 74 48 0 0 0 89 0 0 0 41 19 97 0 0 0 0 0 18 0 0 48 
0 0 0 95 81 0 0 0 0 0 0 0 0 93 0 0 0 0 0 31 0 17 0 0 61 0 0 0 0 68 0 0 0 0 60 73 28 47 0 0 0 18 0 0 0 0 0 0 0 0 0 49 45 0 64 60 0 42 0 0 0 0 48 0 0 0 0 48 0 0 16 0 0 0 0 0 0 0 96 0 45 88 24 0 58 0 0 15 54 7 30 0 0 21 0 0 0 0 85 0 
0 0 0 0 0 15 55 0 0 0 0 5 0 0 26 0 0 84 0 0 9 0 69 31 0 0 0 84 0 0 0 0 0 0 0 72 0 0 0 68 0 0 85 0 0 0 0 0 0 0 1 0 0 0 0 0 44 0 0 0 54 67 0 35 0 0 0 0 0 0 0 97 67 0 0 0 0 0 62 0 0 0 0 0 0 5 0 0 0 96 0 0 0 16 0 44 0 0 0 0 
0 0 0 67 0 0 0 0 86 0 0 79 0 0 0 72 45 0 31 0 0 0 74 0 0 0 0 0 0 0 0 0 0 0 0 24 0 32 0 62 0 0 87 0 41 0 0 0 89 18 46 41 96 0 0 4 0 0 0 38 0 0 0 23 0 0 29 0 0 0 0 0 0 0 0 0 0 0 0 0 56 0 0 0 0 0 0 0 0 0 0 0 0 79 0 0 0 0 0 0 
0 0 0 31 0 0 0 0 0 0 0 0 0 0 35 0 0 0 22 0 0 0 0 0 0 0 0 0 0 0 0 9 0 0 0 0 0 0 0 0 0 0 0 98 61 0 0 0 0 76 0 0 0 0 22 0 0 43 66 0 0 0 37 0 37 0 0 0 0 76 0 76 0 51 0 0 0 0 0 45 0 0 0 0 0 0 0 0 0 0 39 0 0 0 0 45 0 0 0 0 
83 0 0 0 0 0 0 0 0 0 34 62 0 0 0 0 0 0 0 56 0 0 0 57 22 0 0 0 0 0 0 0 18 0 0 0 0 0 0 0 0 0 81 0 0 0 0 29 0 0 0 0 0 0 12 46 79 5 86 0 0 0 0 0 0 67 0 0 0 50 0 51 0 0 0 47 0 26 0 0 0 82 68 0 78 0 0 74 0 0 0 9 0 0 0 0 0 0 0 0 
0 0 0 0 0 0 0 0 0 0 0 0 38 0 32 0 0 0 0 0 0 0 0 0 2 46 0 0 0 0 19 0 81 0 88 0 0 35 32 0 0 0 0 0 0 17 42 0 0 0 68 0 0 0 0 75 78 0 0 0 0 0 0 0 0 12 80 0 0 0 0 0 77 0 0 0 58 18 0 0 0 0 0 16 0 0 0 0 0 6 0 0 0 0 0 0 0 0 31 97 
0 65 0 0 0 0 99 0 0 0 10 0 0 0 2 0 0 0 0 46 0 66 0 0 0 0 0 0 0 37 0 73 98 0 0 0 0 95 0 0 0 0 0 0 92 0 0 0 0 0 0 0 84 51 0 0 0 0 0 0 0 0 43 0 0 0 25 36 0 0 0 0 0 0 52 0 0 0 0 0 57 0 0 58 0 0 0 61 0 0 0 0 0 0 92 43 0 0 83 0 
0 42 0 0 0 76 85 75 0 7 0 0 0 23 56 0 32 0 0 0 0 0 0 0 0 0 0 64 0 0 0 0 4 0 0 0 0 54 29 13 0 0 69 49 0 0 0 0 0 0 0 0 67 0 41 46 51 55 0 0 63 0 0 86 0 2 0 66 0 0 0 23 3 37 0 0 0 91 0 0 0 0 0 0 0 0 0 0 67 0 0 0 0 0 0 0 0 0 0 0 
0 0 0 0 0 0 0 0 0 78 17 0 0 29 45 0 0 0 0 0 0 0 0 0 0 0 0 0 80 0 4 0 0 0 0 0 0 50 0 76 0 0 0 0 82 0 0 0 1 52 0 0 88 0 0 0 0 0 0 0 0 19 0 0 0 0 0 0 0 22 0 8 0 0 0 0 0 0 0 36 0 0 0 0 0 0 0 0 0 0 11 0 0 0 0 0 0 0 0 0 
14 40 0 0 0 0 24 0 0 0 0 0 0 0 0 0 0 0 0 0 0 0 0 0 0 0 0 0 0 95 0 13 0 0 35 0 0 0 0 0 11 0 0 0 84 0 0 0 0 73 78 0 0 0 5 0 0 0 0 69 0 45 50 0 0 0 0 0 0 0 0 0 0 0 0 0 0 0 0 83 0 0 0 60 0 0 18 0 0 0 0 0 0 0 0 0 0 41 0 0 
40 0 0 68 35 0 0 0 83 0 99 0 0 0 0 0 0 0 0 0 0 0 65 0 27 10 0 95 0 0 0 0 0 0 12 33 0 0 0 45 60 95 0 0 0 93 95 93 0 9 0 94 0 0 5 0 39 0 0 0 18 0 0 0 52 0 0 0 0 0 1 52 0 0 93 0 0 0 0 0 0 0 0 0 0 0 0 87 0 82 0 0 0 0 0 0 95 84 0 0 
30 0 68 2 0 0 0 21 0 0 0 0 0 0 54 46 0 46 0 0 0 0 0 0 0 0 0 18 0 0 0 0 0 2 31 0 0 0 15 0 0 0 0 70 0 0 0 0 0 0 0 51 0 0 0 0 0 0 0 0 0 0 0 0 22 0 0 0 0 0 0 0 0 20 27 0 0 0 0 0 0 46 9 6 0 72 0 0 0 14 0 0 74 0 0 0 0 0 0 0 
0 37 60 89 37 0 0 0 29 0 0 53 8 0 0 0 92 0 47 0 4 0 80 0 0 0 0 0 0 0 56 79 0 98 57 0 0 0 0 0 0 0 0 41 56 0 0 0 0 1 0 59 0 0 0 40 0 0 0 0 0 1 0 0 0 0 0 0 0 0 0 42 0 0 0 0 12 43 0 34 0 0 0 69 0 75 0 0 0 0 10 0 64 0 16 85 0 0 0 0 
0 0 0 0 0 0 0 0 0 84 48 0 0 49 0 42 0 37 0 0 0 0 0 0 0 0 0 0 0 0 50 0 33 0 0 0 0 0 78 0 0 0 0 0 0 0 0 0 68 0 16 0 0 0 0 29 0 36 0 55 0 0 69 93 0 0 0 0 0 0 5 0 88 0 0 0 0 52 13 0 0 0 0 0 0 0 0 0 0 0 0 0 0 0 7 0 45 0 0 0 
0 0 0 0 0 0 99 55 0 0 81 0 78 0 0 0 49 60 0 94 0 0 64 20 11 0 0 78 0 0 0 0 0 0 0 45 0 78 0 0 0 0 0 74 86 67 0 0 0 0 0 0 0 67 32 0 0 0 0 0 0 2 0 0 0 0 0 18 63 0 0 85 0 0 0 0 0 0 0 0 0 0 0 0 0 0 0 0 0 67 53 0 0 0 0 0 0 80 89 44 
81 0 0 91 0 0 0 0 0 0 0 0 90 0 40 0 0 0 0 0 0 54 46 0 0 27 58 0 0 0 0 71 0 0 0 0 0 0 0 90 0 0 0 0 0 98 0 14 0 0 3 0 0 0 0 0 0 0 0 83 0 0 0 98 0 0 0 53 0 0 0 0 0 0 0 0 0 63 0 81 25 0 0 0 0 0 97 0 8 0 0 0 0 0 0 0 46 0 0 0 
0 0 0 0 12 67 0 0 67 0 0 61 0 0 0 43 0 0 16 0 0 0 0 0 18 0 0 29 0 0 0 0 0 24 0 0 0 0 0 56 61 94 60 0 0 0 0 0 0 75 0 0 45 0 0 73 0 0 1 0 0 30 0 0 0 0 0 0 0 70 0 0 0 59 0 0 0 0 45 70 0 0 0 58 91 0 4 29 0 0 54 31 0 0 0 0 0 0 0 0 
0 88 0 0 0 0 0 98 0 0 86 0 62 81 0 86 0 0 0 0 0 0 0 0 0 0 0 0 0 0 0 0 0 84 0 0 0 80 83 0 0 0 0 77 0 0 0 0 8 0 0 0 0 96 82 0 31 54 0 0 0 0 0 0 0 5 0 0 23 0 0 0 0 0 0 90 0 0 0 0 0 82 0 0 0 0 0 18 0 0 0 0 0 0 0 0 0 0 54 39 
0 0 87 88 0 18 0 0 62 0 0 0 0 0 32 0 91 0 33 0 55 0 21 0 49 0 0 0 0 68 0 0 0 15 0 0 0 0 0 0 0 0 0 0 0 0 0 0 0 52 0 0 68 0 0 0 0 0 0 0 0 94 0 0 0 0 0 0 0 0 93 0 0 0 0 0 70 0 0 0 0 62 0 0 0 0 0 0 79 0 5 0 62 0 0 0 0 0 64 0 
73 3 0 58 0 0 90 0 55 0 35 0 28 51 0 0 0 29 25 0 0 0 35 0 0 0 0 63 0 0 0 52 0 87 0 0 0 0 0 0 19 0 0 0 47 0 0 0 0 0 0 0 76 0 56 0 67 86 0 0 74 73 0 0 0 0 0 0 0 0 0 0 0 0 0 0 0 19 0 0 28 0 0 0 0 40 0 0 0 0 0 0 0 96 0 0 0 0 0 78 
0 0 98 0 70 0 0 0 0 0 0 0 0 93 0 0 0 0 0 0 0 0 0 0 0 0 18 0 83 0 7 0 0 0 0 0 0 40 90 0 0 0 93 0 0 0 0 0 0 0 0 33 97 39 68 46 0 0 91 0 0 0 0 0 29 0 0 0 0 0 0 0 0 66 0 0 0 73 0 0 0 9 77 0 0 85 0 63 13 0 0 0 0 0 0 0 90 0 0 0 
0 27 0 0 20 0 0 40 0 0 18 93 33 0 0 0 0 0 0 0 65 52 11 0 0 0 0 0 0 0 0 79 0 0 0 0 0 0 2 85 0 61 27 0 0 0 0 0 0 0 0 0 0 0 0 0 0 0 0 0 0 0 92 0 39 0 0 0 0 0 0 54 0 0 0 63 0 0 0 0 0 0 0 0 0 0 0 0 0 96 0 11 66 88 0 25 0 20 10 0 
0 24 32 0 0 0 0 25 0 0 0 52 0 0 0 10 24 0 0 0 0 90 0 0 0 0 0 0 0 0 0 0 0 0 59 0 0 0 0 27 33 43 0 0 87 38 0 0 0 91 0 0 13 0 78 0 0 0 49 0 0 0 0 0 0 0 24 65 0 0 63 0 0 0 89 0 40 0 79 0 0 30 0 0 71 0 0 0 55 0 0 0 0 0 0 51 0 0 86 0 
15 0 69 0 0 0 0 0 0 0 0 41 28 76 0 0 0 0 0 0 0 0 6 0 0 0 0 0 0 0 0 0 0 0 0 0 15 0 0 55 0 19 0 0 0 0 0 0 0 0 0 0 0 0 0 0 0 60 0 0 0 0 0 0 0 0 0 21 20 45 0 0 0 0 0 18 0 0 42 54 0 0 49 54 0 0 0 0 0 0 0 0 0 31 0 0 0 0 0 0 
0 0 0 0 71 61 0 0 42 92 0 67 25 0 0 0 23 0 0 0 94 0 88 0 38 0 0 0 0 0 0 46 0 79 0 0 0 0 0 0 0 0 0 55 0 0 3 0 0 63 0 0 0 44 52 0 0 10 0 27 0 0 0 0 0 0 35 17 0 0 0 0 0 0 0 70 98 0 0 75 80 50 0 0 0 29 24 0 0 0 0 0 0 0 98 0 89 85 0 82 
0 0 0 49 0 0 0 0 0 0 0 0 0 0 0 22 0 0 0 0 27 0 0 13 0 0 0 0 0 0 0 37 0 0 0 0 24 0 0 0 0 0 95 0 0 0 0 0 0 37 0 94 0 0 82 20 0 0 66 0 0 0 0 0 25 18 0 0 97 0 0 0 80 0 0 0 0 0 0 0 0 0 0 0 20 95 0 0 0 7 27 0 75 0 0 0 0 0 0 98 
0 0 0 68 0 24 0 0 0 0 0 0 0 45 15 0 0 0 0 85 0 0 0 32 46 0 6 0 0 0 0 0 35 0 0 0 74 0 23 0 0 0 0 0 0 0 0 0 0 58 0 0 12 0 0 0 0 79 0 76 0 0 0 0 0 0 66 15 62 79 0 0 0 12 0 0 0 67 0 7 46 0 76 0 0 0 28 94 0 0 0 0 74 43 0 0 4 0 0 0 
0 0 0 0 0 0 0 0 0 42 75 0 0 0 0 0 0 0 0 54 0 77 0 93 84 36 0 47 0 0 64 0 0 95 0 4 0 25 0 0 0 0 0 0 6 0 0 0 0 0 0 11 0 0 0 0 0 0 0 40 0 0 0 0 0 92 0 0 0 1 0 66 0 25 59 56 0 0 54 0 0 0 0 91 0 0 43 14 0 0 81 10 0 0 54 0 0 0 0 0 
0 0 94 97 55 0 1 0 0 0 0 0 10 3 0 0 51 10 0 70 0 32 0 0 0 0 0 40 33 0 0 0 0 0 0 65 10 0 0 0 12 46 0 42 13 0 45 0 0 0 0 0 0 0 84 0 31 0 99 0 84 61 0 0 79 0 0 0 0 0 0 0 0 99 77 0 0 43 0 0 0 0 0 0 18 0 0 9 0 0 0 0 0 0 0 0 42 0 11 66 
0 0 0 85 0 0 0 0 0 0 0 0 0 85 99 0 0 81 0 0 0 0 0 0 26 25 0 0 0 0 0 9 0 0 12 0 0 78 0 0 0 0 36 0 0 0 0 0 0 0 0 0 0 0 0 10 0 56 0 0 0 98 0 0 0 0 0 0 0 0 0 0 0 66 0 0 0 0 0 0 0 3 0 0 0 0 0 0 0 28 0 0 36 0 0 0 83 0 0 0 
45 0 17 0 55 4 0 0 0 0 0 10 0 0 0 0 14 0 0 55 0 0 0 0 0 0 0 80 0 0 98 0 0 24 0 0 3 0 0 0 0 0 0 0 0 0 51 0 0 0 0 0 0 0 0 0 49 0 0 31 0 0 91 25 0 0 0 0 0 0 0 33 6 87 0 0 0 0 0 0 0 0 90 0 8 24 0 0 0 0 60 0 0 0 0 0 50 0 67 0 
