30
0 17 0 0 0 0 0 11 0 84 0 0 0 0 0 0 0 0 22 0 86 0 13 40 0 26 0 0 0 72 
0 0 64 0 0 0 78 0 0 0 0 0 0 75 0 0 0 0 81 0 0 0 0 0 0 0 24 0 0 0 
0 0 0 0 0 0 10 0 0 0 0 94 18 0 0 29 0 0 92 0 29 0 0 0 0 0 11 0 0 0 
11 0 45 0 0 90 0 0 0 0 0 0 0 41 45 0 0 0 0 0 0 0 0 0 0 13 21 4 0 0 
0 65 0 40 0 0 0 0 0 0 0 0 75 32 0 0 56 0 0 0 59 72 17 0 17 0 0 0 0 0 
13 36 0 0 0 0 0 96 0 0 0 0 0 21 0 0 0 0 0 66 1 0 0 0 0 0 13 0 0 0 
97 0 0 0 0 0 0 0 0 0 24 0 0 0 0 0 0 0 0 0 0 0 0 0 0 68 0 0 0 0 
0 4 0 51 86 0 21 0 0 0 16 14 66 0 0 0 78 0 0 99 0 8 0 0 69 0 0 0 0 0 
60 34 85 0 19 17 0 0 0 0 0 0 0 0 76 25 83 0 0 0 98 0 73 37 0 43 0 96 0 0 
0 16 0 12 0 91 43 0 0 0 39 0 0 0 78 0 0 0 0 13 0 0 0 61 0 0 0 0 62 0 
0 0 0 0 91 70 0 0 0 0 0 0 0 0 0 0 54 29 87 0 0 0 0 0 0 0 0 53 0 0 
99 0 0 0 0 0 0 0 0 0 0 0 0 0 0 30 0 76 22 0 0 0 95 0 0 0 14 0 0 0 
0 0 0 0 0 0 18 0 61 80 0 81 0 9 0 0 17 0 54 0 0 32 0 0 0 0 0 0 0 50 
69 0 87 0 0 0 32 71 0 0 0 88 0 0 0 0 0 0 67 0 0 0 0 0 0 0 92 0 0 0 
0 0 0 0 0 0 0 0 0 0 0 0 0 0 0 65 0 0 0 0 14 35 14 0 0 0 0 0 0 68 
71 0 0 48 0 0 0 0 0 0 0 0 0 0 0 0 50 0 0 0 81 60 0 0 0 0 0 21 93 14 
0 0 0 20 0 0 0 0 0 0 0 0 0 85 0 0 0 0 0 75 0 0 1 0 0 82 0 0 34 0 
62 68 0 64 16 0 0 0 47 19 0 0 0 0 0 13 0 0 8 60 0 0 0 0 0 0 0 17 99 0 
0 0 0 0 0 0 0 0 0 0 0 0 0 0 0 45 0 0 0 0 0 0 77 0 0 0 0 77 73 14 
0 92 0 0 0 0 0 0 12 0 0 0 0 0 78 69 0 0 0 0 0 25 39 0 0 0 80 0 0 0 
0 0 0 16 0 0 9 33 0 0 0 31 0 74 0 0 0 0 0 88 0 0 0 0 49 0 0 0 0 0 
0 0 18 0 0 0 0 0 40 0 72 0 0 77 0 0 0 14 0 0 0 0 0 46 77 79 0 0 0 0 
0 0 0 0 0 60 0 0 0 85 0 0 0 0 0 0 0 0 0 0 0 0 0 35 0 0 0 0 0 17 
0 0 0 0 0 13 0 0 0 0 0 0 30 78 75 22 0 0 0 0 0 0 0 0 88 0 66 0 0 85 
0 0 0 24 0 24 4 0 0 0 0 0 67 33 76 0 0 0 0 0 0 0 40 0 0 0 0 0 0 76 
0 0 0 0 0 0 0 66 0 0 0 0 0 0 0 0 0 0 0 0 0 0 84 70 0 0 0 66 0 35 
0 0 0 0 0 0 71 0 43 0 0 0 0 0 36 0 0 24 0 0 0 0 0 0 0 0 0 0 0 0 
47 85 0 0 0 80 56 0 0 71 0 0 0 0 13 0 0 0 0 21 0 0 0 30 15 0 0 0 0 0 
0 0 0 0 0 0 0 0 55 0 53 39 0 0 0 0 0 0 0 0 0 0 0 48 64 0 0 0 0 54 
0 0 21 0 0 0 0 69 55 1 0 0 0 92 0 0 35 0 0 0 0 0 0 0 0 0 0 67 0 0 
