30
0 79 0 0 0 0 78 50 0 0 0 0 0 0 0 0 0 0 0 0 73 0 0 0 0 0 0 0 0 0 
0 0 51 0 0 0 0 0 0 60 0 71 0 0 0 87 0 68 0 3 0 0 0 0 0 0 0 0 0 29 
0 0 0 0 0 32 27 0 0 0 0 0 0 0 0 0 0 0 0 0 0 36 0 29 0 0 0 0 0 0 
88 0 0 0 69 0 0 0 91 0 0 0 0 0 75 0 0 0 0 0 0 40 0 0 0 0 0 0 0 0 
0 0 91 0 0 0 0 0 0 0 0 0 0 83 0 0 0 0 0 0 0 0 18 0 0 0 0 0 0 0 
0 0 0 0 0 0 0 0 0 0 0 0 58 0 0 0 0 0 0 0 0 0 0 0 0 0 0 0 0 0 
0 39 0 0 0 0 0 0 0 0 0 0 0 0 0 0 68 0 0 0 0 0 0 0 0 0 0 0 0 26 
0 0 0 0 2 0 38 0 0 0 0 0 47 0 30 0 0 0 0 0 0 0 0 0 0 0 0 30 0 0 
0 0 0 0 0 0 0 0 0 0 0 6 0 0 0 0 0 0 0 0 0 0 0 0 0 0 0 47 0 0 
0 0 0 11 0 0 0 0 0 0 0 0 0 0 0 0 0 0 0 0 0 0 0 0 0 0 0 0 0 74 
0 0 73 0 0 34 0 0 0 0 0 0 0 0 0 0 0 0 0 0 0 0 0 0 0 0 0 0 0 0 
0 0 0 0 0 0 98 0 0 0 0 0 0 0 0 0 0 0 0 0 0 0 0 0 0 0 0 89 0 0 
0 0 0 0 43 0 0 0 0 0 0 0 0 0 0 0 0 0 0 0 0 0 0 0 0 0 0 86 0 0 
0 0 0 0 0 68 0 0 0 92 0 0 0 0 0 0 0 0 0 0 0 0 0 0 0 0 0 0 54 0 
0 0 41 0 0 0 0 0 0 0 0 0 0 0 0 0 0 4 0 0 0 0 0 0 0 0 0 0 0 0 
0 0 0 0 0 0 0 0 0 0 0 0 0 57 0 0 0 0 0 0 0 0 0 0 0 0 0 0 0 0 
0 0 0 0 0 24 0 0 0 0 56 0 0 0 38 0 0 0 0 0 0 0 0 67 0 0 0 0 0 0 
0 0 0 0 0 0 0 79 0 0 0 0 0 0 0 0 0 0 0 0 0 0 0 0 0 0 0 0 0 0 
0 0 0 0 0 0 0 0 0 32 0 0 0 0 0 0 0 0 0 0 0 0 0 94 0 67 0 57 0 0 
0 0 0 0 0 0 0 0 0 0 0 97 0 54 0 0 0 0 0 0 0 0 0 0 79 0 0 0 0 0 
0 0 0 39 0 0 0 0 33 0 49 0 0 27 0 0 0 0 0 0 0 0 0 0 0 0 0 0 0 0 
0 56 0 0 0 0 0 91 0 0 0 0 0 0 0 0 0 0 0 0 0 0 0 0 0 5 0 0 0 0 
65 0 0 0 0 0 24 0 0 0 0 0 0 0 0 92 0 16 0 0 0 0 0 0 0 0 0 0 0 0 
13 0 0 0 0 0 0 0 0 0 0 0 0 0 9 0 0 0 0 0 0 0 0 0 0 0 0 0 0 0 
0 0 0 0 0 0 0 0 0 0 0 0 44 70 81 0 0 0 0 0 0 0 0 0 0 0 0 0 0 0 
0 0 0 0 0 0 0 49 0 32 0 0 0 0 0 0 0 0 0 0 0 0 0 0 89 0 0 0 0 0 
0 0 0 0 0 0 0 0 0 0 0 0 56 0 0 0 0 0 44 0 0 0 0 0 0 0 0 0 0 0 
0 0 0 0 0 71 0 0 0 0 0 0 0 0 0 0 0 0 0 0 0 0 0 0 0 0 0 0 0 0 
0 0 0 0 0 0 70 0 0 0 0 0 0 0 0 0 0 0 0 0 0 0 0 90 0 0 62 0 0 0 
0 0 0 0 0 0 0 44 0 0 0 0 0 0 0 0 0 0 91 0 0 0 0 0 0 0 10 0 28 0 
