30
0 0 0 10 0 0 0 94 48 19 0 0 0 91 62 0 0 0 51 0 44 0 0 0 0 0 0 0 0 73 
75 0 0 95 0 0 0 0 66 0 0 9 49 0 17 0 35 0 8 0 0 0 67 88 0 95 0 9 0 71 
61 76 0 36 0 0 0 0 1 73 0 69 0 1 0 65 0 0 0 42 0 9 0 47 72 0 0 15 0 61 
0 0 0 0 16 0 6 92 46 56 19 0 80 0 0 0 0 44 0 0 97 19 0 60 0 0 12 0 51 90 
52 67 67 0 0 0 0 0 0 0 0 0 0 91 64 0 0 0 63 0 62 3 11 0 0 0 0 9 58 75 
1 81 90 87 98 0 99 0 78 0 0 45 95 0 10 14 95 29 0 15 37 0 0 82 65 0 0 0 0 88 
68 80 3 0 70 0 0 61 0 43 0 0 0 44 0 45 0 0 31 2 49 48 70 0 6 0 72 0 0 74 
0 51 59 0 29 52 0 0 88 55 49 45 38 8 28 9 88 0 0 7 45 0 0 70 0 68 38 0 50 0 
0 0 0 0 65 0 63 0 0 0 0 12 0 0 0 0 0 0 0 0 7 0 0 0 0 0 73 0 3 50 
0 61 0 0 68 24 0 0 72 0 0 96 0 2 0 0 0 63 0 5 21 0 15 0 7 37 0 98 47 0 
96 16 1 0 12 21 54 0 47 15 0 0 0 6 0 21 2 0 82 43 47 0 27 18 2 36 15 29 67 0 
69 0 0 19 74 0 88 0 0 0 4 0 65 66 0 7 0 0 88 15 68 0 0 0 57 0 65 0 0 0 
77 0 90 0 42 0 91 0 60 38 23 0 0 0 68 7 53 88 0 12 56 0 27 38 1 0 95 27 70 0 
0 25 0 81 0 65 0 0 5 0 0 0 45 0 82 0 41 58 0 60 0 0 34 0 89 0 0 26 0 0 
0 0 47 39 0 0 22 0 65 47 19 39 0 0 0 11 88 0 0 0 5 0 0 0 0 0 91 17 74 0 
70 62 0 75 52 0 0 0 19 3 0 0 0 4 0 0 0 23 0 51 37 0 26 82 57 15 57 93 0 85 
44 0 35 45 91 0 44 0 19 4 0 9 0 0 0 57 0 82 18 18 0 10 0 0 55 0 0 0 0 0 
92 21 64 0 57 0 63 3 14 0 10 14 0 0 60 0 0 0 0 67 0 83 94 0 0 0 0 0 71 39 
0 0 96 27 0 96 0 7 61 69 0 0 13 87 69 80 0 8 0 32 0 0 0 0 72 25 99 0 0 0 
24 95 0 40 58 0 0 0 93 0 0 0 0 0 83 0 0 0 0 0 70 42 0 69 0 75 7 0 13 79 
0 81 89 0 0 0 0 0 0 0 0 0 0 55 0 0 89 64 16 0 0 63 54 15 0 7 0 0 3 0 
62 64 0 0 0 59 0 16 94 86 66 10 67 23 59 66 0 0 50 0 0 0 0 0 0 0 0 0 0 0 
21 0 86 91 0 87 0 17 48 0 0 43 0 0 3 0 48 0 1 27 0 50 0 70 0 0 0 0 0 0 
26 0 0 0 11 0 28 0 61 13 0 47 0 47 20 0 92 84 43 0 0 43 0 0 53 0 0 89 66 0 
61 77 0 14 64 0 0 4 70 0 0 0 0 0 16 0 0 25 0 88 47 69 27 0 0 36 77 92 50 0 
73 0 68 27 85 13 44 0 1 0 0 32 7 51 61 0 13 63 0 0 0 72 26 11 0 0 0 58 26 34 
5 38 20 0 7 22 0 0 0 27 0 0 0 65 0 0 78 41 0 0 58 23 65 63 0 42 0 64 0 83 
55 0 0 80 0 71 75 49 31 0 0 81 0 0 0 0 23 9 89 63 22 82 36 0 0 0 0 0 0 0 
76 71 5 0 0 12 65 0 0 0 0 86 0 54 0 35 50 0 86 0 0 71 90 0 0 0 29 73 0 0 
0 0 0 0 0 0 0 92 0 26 45 97 45 42 21 0 8 0 25 0 29 33 70 96 62 0 0 23 55 0 
