30
0 78 0 0 0 0 0 10 65 0 99 0 0 16 0 0 0 0 0 0 0 0 0 0 0 0 0 0 0 0 
0 0 0 0 78 0 0 0 69 0 0 0 0 0 0 0 0 0 0 0 0 0 0 0 0 0 0 0 0 0 
46 0 0 0 0 13 0 0 0 0 0 0 0 0 0 0 0 0 55 0 0 0 0 0 0 0 0 0 0 0 
0 5 0 0 0 0 68 0 0 0 0 0 0 0 0 0 0 0 0 0 0 0 0 0 0 0 0 0 0 66 
18 0 0 0 0 0 27 0 32 0 0 45 0 0 0 0 0 0 0 0 0 0 0 0 38 0 0 0 0 0 
28 0 0 42 0 0 0 0 0 0 0 0 58 0 0 0 0 0 0 0 0 0 0 0 0 0 0 0 0 0 
0 0 0 0 0 0 0 0 0 0 0 77 0 0 0 0 0 0 0 0 0 0 0 0 0 0 0 0 0 0 
0 0 0 78 0 27 0 0 0 0 0 0 0 0 0 0 0 0 0 0 0 0 26 63 0 15 0 0 0 0 
0 0 0 51 0 0 0 0 0 0 0 0 0 0 0 0 74 0 0 0 31 0 0 0 0 0 0 8 0 0 
0 0 0 67 0 0 0 0 0 0 0 0 88 0 0 0 0 0 0 0 0 0 0 55 62 0 0 0 0 0 
0 0 0 64 0 0 0 0 0 0 0 0 0 0 0 0 0 0 0 0 0 0 0 0 0 0 0 0 27 0 
0 0 0 0 0 0 0 0 0 0 0 0 0 0 0 0 0 0 0 0 0 0 0 0 72 0 0 0 0 0 
0 0 0 0 0 0 0 0 0 0 0 0 0 15 50 0 0 0 0 0 0 0 46 0 0 29 0 0 0 0 
0 0 0 0 0 0 0 0 0 0 0 0 0 0 0 0 0 0 0 0 0 0 0 50 0 0 0 47 0 0 
11 0 0 0 0 0 0 0 0 0 0 0 0 0 0 0 0 94 0 0 0 0 53 0 0 0 0 52 0 0 
0 67 27 0 0 95 91 0 0 0 0 0 0 0 0 0 0 0 0 0 0 0 0 0 0 0 0 0 0 0 
85 0 0 0 0 0 28 0 0 0 0 0 90 0 0 0 0 0 0 0 0 0 0 0 0 0 0 0 0 0 
0 0 0 0 0 0 0 0 0 0 0 0 0 0 0 0 36 0 0 0 0 0 0 0 0 0 0 0 29 0 
0 0 0 0 0 0 0 0 0 0 0 0 0 65 0 50 0 0 0 0 58 0 0 0 0 0 0 0 0 0 
0 0 0 0 0 49 0 30 0 0 0 65 0 0 0 0 0 0 75 0 0 0 0 0 0 0 0 0 0 0 
0 0 0 0 0 0 0 0 0 0 0 0 0 1 0 0 0 0 0 81 0 0 0 0 0 0 0 2 0 0 
0 0 0 0 0 0 0 0 0 0 33 0 0 0 0 0 36 0 0 0 78 0 0 97 0 0 56 0 0 0 
0 0 0 0 17 50 0 0 0 0 0 0 0 0 0 0 0 0 0 75 0 0 0 0 81 0 0 0 0 0 
0 19 0 0 0 0 0 0 0 0 0 0 0 0 0 0 0 0 0 0 0 0 0 0 0 0 95 0 0 0 
0 0 0 31 0 0 0 0 0 0 0 0 0 0 0 0 0 0 86 0 0 0 0 0 0 0 0 0 0 0 
0 0 0 0 0 0 86 0 0 0 0 0 0 0 0 0 0 0 0 0 0 0 0 0 0 0 0 0 0 0 
0 0 0 0 0 0 0 0 0 38 60 0 0 0 0 0 0 0 0 0 0 0 0 0 0 0 0 0 0 0 
0 0 0 0 0 0 0 0 0 0 0 0 0 0 0 0 0 0 0 0 0 0 0 0 0 0 0 0 99 45 
1 0 0 0 0 0 0 0 0 0 0 0 0 0 0 84 0 0 0 0 0 34 0 0 0 0 0 0 0 0 
0 0 0 0 95 0 0 0 0 0 0 0 0 0 0 0 0 0 0 0 0 0 0 0 0 0 0 0 0 0 
