30
0 62 64 74 39 0 39 0 0 69 0 77 0 0 73 0 0 0 0 80 0 12 49 2 0 60 30 0 57 0 
0 0 93 7 0 40 95 56 65 0 0 48 92 0 0 88 0 35 21 0 64 64 49 0 84 52 42 72 0 0 
0 0 0 0 0 89 38 0 86 0 0 0 19 84 0 52 34 78 31 72 14 64 18 90 26 0 0 0 22 26 
0 0 38 0 0 0 0 16 0 0 0 9 0 0 82 0 0 44 13 0 0 0 40 54 0 12 0 0 56 0 
0 7 17 75 0 0 0 73 96 0 8 0 0 0 0 0 2 39 0 0 0 88 45 28 0 92 0 0 0 40 
15 0 0 36 19 0 0 0 0 96 0 21 0 0 0 13 4 0 68 98 28 41 0 0 25 39 0 0 0 0 
0 0 0 28 25 32 0 21 0 0 5 19 0 0 0 0 62 58 0 0 0 0 0 0 19 19 6 0 0 17 
5 0 65 0 0 99 0 0 38 0 3 39 0 59 96 97 0 0 64 96 54 0 92 92 3 0 98 0 0 80 
7 0 0 63 0 28 26 0 0 0 52 12 0 0 42 4 0 40 0 0 5 0 0 0 0 0 41 0 58 78 
0 63 50 19 85 0 21 59 57 0 39 0 22 0 0 59 79 0 0 0 0 0 0 0 0 0 0 82 0 0 
97 97 14 62 0 91 0 0 0 0 0 0 0 0 0 98 0 35 53 0 0 89 0 0 72 18 0 49 0 0 
0 0 84 0 49 0 0 0 0 76 8 0 63 0 0 48 0 89 0 82 0 7 9 44 29 0 50 0 0 0 
62 0 0 80 86 92 55 68 77 0 64 0 0 0 0 0 14 0 66 0 0 0 70 42 0 82 12 0 17 0 
85 23 0 58 42 38 87 0 96 79 1 68 22 0 0 0 0 79 68 0 82 84 0 0 60 0 80 17 0 71 
0 20 91 0 93 61 35 0 0 66 27 31 52 72 0 0 22 0 54 20 0 0 68 46 0 81 0 0 77 0 
16 0 0 38 4 0 87 0 0 0 0 0 54 99 92 0 0 94 31 7 70 73 0 0 60 71 61 4 0 0 
74 69 0 1 0 0 0 92 8 0 11 26 0 77 0 24 0 0 14 97 0 19 0 85 0 0 49 34 0 68 
91 0 0 0 0 28 0 40 0 69 0 0 88 0 80 0 97 0 25 0 0 64 0 13 0 64 0 49 0 53 
12 0 0 0 14 0 68 0 53 65 0 87 0 0 0 0 0 0 0 0 27 0 0 0 98 48 16 71 30 4 
0 79 0 52 88 0 47 0 65 13 21 0 47 75 0 0 0 50 14 0 0 0 88 0 0 0 0 0 0 86 
22 0 0 73 15 0 20 0 0 78 1 62 21 0 55 0 75 9 0 80 0 0 87 0 10 0 90 2 3 89 
0 0 0 70 0 0 63 79 55 94 0 0 19 0 2 0 0 0 66 58 96 0 80 70 0 0 1 78 0 0 
0 0 0 0 0 75 73 0 40 35 27 0 0 16 0 10 9 6 37 0 0 0 0 0 0 76 0 0 0 98 
0 27 0 0 0 9 48 0 76 18 90 0 0 72 0 71 0 0 1 20 68 0 14 0 99 80 0 39 24 0 
46 0 0 93 89 0 0 0 95 83 0 0 43 0 63 0 85 48 0 57 0 61 91 0 0 47 86 0 23 0 
0 0 71 0 0 0 0 57 18 71 0 6 0 78 0 0 45 0 0 96 8 32 0 0 0 0 0 0 0 0 
0 0 22 88 51 8 0 0 0 94 48 0 0 0 63 0 0 2 0 13 0 0 87 90 0 13 0 46 53 0 
37 0 64 61 9 44 83 90 50 0 0 56 79 0 24 0 0 0 0 90 0 0 1 0 86 41 0 0 83 7 
0 71 0 0 75 32 8 30 0 15 97 15 0 95 0 2 84 28 0 70 0 73 21 0 0 88 0 0 0 0 
25 81 0 98 0 7 0 0 0 21 15 61 43 0 95 25 0 0 0 0 0 58 0 13 10 13 22 0 71 0 
