30
0 0 0 0 23 0 0 0 61 0 0 0 0 33 12 0 0 52 94 0 0 0 0 0 0 0 23 90 48 37 
39 0 8 0 55 34 0 0 0 0 53 0 96 0 42 57 0 62 0 0 0 0 0 34 0 0 0 0 89 72 
85 0 0 69 0 0 0 63 2 35 0 7 0 0 0 0 68 0 0 0 0 95 0 0 0 72 19 0 0 0 
60 0 0 0 0 0 0 0 0 0 0 0 0 0 62 0 0 0 0 0 0 73 0 0 0 0 33 25 0 55 
0 0 20 60 0 0 0 0 0 7 0 89 0 0 0 0 0 0 0 57 75 0 0 0 0 0 48 0 0 0 
0 0 0 0 0 0 44 0 0 0 0 0 0 0 0 0 0 0 0 0 0 0 0 73 0 31 0 0 69 0 
0 0 27 36 0 0 0 23 50 0 0 0 25 0 0 79 36 0 0 0 0 86 0 16 22 0 0 0 0 0 
0 26 0 62 0 59 0 0 0 0 0 0 85 0 49 0 0 0 0 0 0 43 0 0 20 0 0 0 0 0 
0 0 0 0 0 32 0 0 0 0 0 0 51 0 0 0 0 56 0 65 0 0 54 0 0 0 0 0 0 0 
0 0 0 0 0 0 52 28 0 0 47 0 0 0 10 0 0 0 0 0 0 0 0 0 0 0 0 0 56 0 
0 0 82 0 0 0 0 0 0 0 0 55 0 0 0 46 0 0 0 0 0 8 0 0 0 0 4 0 63 0 
72 0 0 54 0 0 0 14 87 0 0 0 0 6 0 76 0 0 0 0 0 0 0 0 0 27 0 0 57 0 
0 0 0 0 2 78 0 0 0 0 83 0 0 71 83 0 0 69 0 0 0 0 0 0 0 0 0 0 0 0 
0 76 76 0 26 83 0 97 35 6 0 0 0 0 0 76 0 0 0 97 0 0 65 0 0 86 0 0 0 0 
0 0 50 0 0 0 39 0 0 0 0 0 0 87 0 0 23 44 0 0 30 77 31 0 0 0 0 0 0 0 
0 0 0 0 0 0 0 0 0 0 0 0 39 0 13 0 97 0 73 0 77 57 0 0 0 12 21 0 10 93 
0 0 0 0 0 0 0 91 0 0 0 0 81 0 0 0 0 0 0 0 0 0 0 99 0 0 0 25 0 0 
0 0 0 6 47 75 12 0 0 0 0 0 0 0 0 49 0 0 29 0 50 0 0 0 56 0 0 0 0 0 
0 0 0 43 0 0 48 0 0 0 0 27 86 0 0 0 0 0 0 28 0 0 0 0 0 0 0 0 0 0 
0 0 0 0 0 0 0 0 0 0 0 35 0 0 16 0 0 0 0 0 0 0 0 81 91 0 0 0 95 88 
0 8 0 0 0 0 82 51 0 70 0 46 0 0 0 0 0 0 45 50 0 0 54 0 92 0 0 0 0 21 
42 25 0 0 0 98 0 0 11 0 0 0 0 85 0 0 0 0 0 68 0 0 98 69 0 36 0 0 0 0 
0 0 68 0 0 0 36 0 0 84 0 0 0 0 0 0 0 0 0 62 0 0 0 89 95 0 0 0 0 0 
83 0 0 66 0 0 0 75 0 0 0 0 0 30 95 0 0 0 0 0 0 0 0 0 0 0 0 0 0 0 
0 0 0 0 28 0 0 0 0 0 9 9 20 0 0 0 0 0 0 0 0 0 0 0 0 0 56 0 0 0 
0 0 0 0 0 0 0 0 0 72 29 0 0 0 0 0 0 80 0 0 33 0 85 74 33 0 0 10 0 0 
0 16 0 0 0 0 0 0 25 0 0 0 0 10 0 0 0 0 0 0 0 0 55 0 0 70 0 0 0 0 
0 0 0 0 0 0 0 31 0 0 0 22 86 0 0 0 0 0 36 0 0 0 0 0 0 0 0 0 0 0 
0 0 40 0 0 0 0 0 0 0 0 0 0 0 0 0 0 0 0 0 0 0 54 0 55 0 0 0 0 0 
0 0 89 0 0 0 71 0 65 87 0 44 9 29 0 0 95 0 76 0 0 0 0 88 80 15 0 38 13 0 
