30
0 0 59 0 47 44 76 0 36 0 0 0 0 29 0 34 31 0 8 65 0 95 0 4 26 0 79 15 0 0 
6 0 0 68 63 26 79 0 0 0 0 47 22 21 91 31 66 0 0 0 0 20 81 0 32 0 0 0 10 0 
0 49 0 79 0 0 0 0 0 0 0 0 38 86 84 80 0 0 0 5 46 0 9 0 49 0 0 15 0 0 
41 0 0 0 0 41 2 0 11 75 0 4 52 71 48 0 28 0 80 0 0 0 41 0 0 0 0 41 0 0 
0 0 30 11 0 0 61 17 31 79 0 0 0 86 15 11 0 0 87 19 0 25 0 74 0 0 0 0 0 4 
0 0 47 0 81 0 29 0 86 47 0 0 66 0 0 0 0 74 30 0 0 0 46 86 0 45 79 49 0 33 
0 0 78 0 0 0 0 0 0 37 0 0 0 3 0 0 0 0 91 0 0 0 0 82 35 83 0 0 10 79 
4 16 65 26 0 28 15 0 0 49 0 0 88 88 0 0 59 16 0 5 0 78 91 0 0 0 44 53 97 0 
0 47 43 0 0 0 1 46 0 0 76 19 96 0 0 28 0 9 0 87 8 31 0 0 59 0 96 0 0 80 
78 10 11 0 0 0 0 0 14 0 0 78 0 85 0 23 35 10 0 78 56 0 40 82 98 10 0 0 21 0 
28 12 8 84 98 86 38 83 0 99 0 27 27 0 84 0 0 0 0 10 72 0 6 0 0 30 0 0 36 23 
10 0 71 0 83 15 34 25 0 0 0 0 0 66 38 0 0 66 0 0 55 0 11 55 99 57 75 76 0 0 
68 0 0 0 44 0 99 0 0 54 0 9 0 62 92 90 83 95 0 0 0 0 88 72 0 66 93 0 0 0 
0 0 0 0 0 73 0 0 1 0 91 0 0 0 61 0 0 0 0 81 0 0 0 40 26 0 0 45 0 0 
79 0 0 0 0 25 94 63 62 6 0 0 0 0 0 47 28 0 0 20 0 0 0 94 0 28 0 7 10 62 
0 0 0 42 0 81 62 73 0 0 48 89 0 71 0 0 75 5 0 0 0 24 36 0 0 0 0 0 18 0 
0 0 98 0 67 88 76 0 31 0 90 8 0 6 0 0 0 86 89 52 78 64 10 0 0 41 48 0 37 48 
84 5 62 68 69 0 57 0 0 0 87 0 0 98 20 0 0 0 41 0 0 0 6 0 69 96 0 0 0 0 
0 82 14 0 0 0 0 89 82 1 76 69 86 20 69 40 0 0 0 65 71 77 0 62 0 0 51 9 0 0 
0 10 0 66 0 47 69 0 0 0 0 88 10 0 0 16 0 95 0 0 22 86 0 25 20 0 5 92 0 0 
48 49 0 2 76 57 25 82 0 0 0 0 8 42 45 5 0 45 0 0 0 63 62 0 0 25 0 0 0 0 
0 0 78 78 0 15 30 0 0 3 68 82 3 38 79 0 0 35 0 0 0 0 89 0 0 0 0 0 88 47 
97 0 0 0 27 0 97 0 38 0 0 0 0 93 10 0 0 0 41 88 0 0 0 0 0 13 31 56 0 32 
0 4 58 44 0 0 0 14 69 0 99 0 0 0 0 25 29 10 0 0 31 79 79 0 0 54 7 0 0 38 
0 0 0 46 88 38 0 28 0 0 73 0 31 0 95 20 94 0 75 0 20 7 12 8 0 0 40 24 36 47 
21 86 17 99 3 0 0 91 2 0 0 0 0 10 0 24 0 0 84 32 0 39 0 0 87 0 83 78 42 44 
0 68 94 71 58 0 81 0 0 3 75 0 0 37 29 29 0 8 0 0 73 34 0 0 0 0 0 0 0 0 
0 45 0 0 52 0 7 0 91 88 45 0 65 0 0 98 46 22 0 0 7 17 0 34 0 0 47 0 37 83 
36 0 55 74 63 10 0 0 47 0 0 24 63 68 0 0 0 25 41 1 74 0 32 18 0 0 5 0 0 0 
32 66 37 10 0 0 0 77 0 16 0 23 1 55 0 69 0 6 38 68 30 0 0 0 0 0 46 0 67 0 
