30
0 26 0 0 0 0 0 0 0 0 0 74 85 46 0 0 0 0 0 0 0 0 0 0 0 0 0 0 0 0 
0 0 55 30 0 0 0 0 0 0 0 0 0 0 0 0 0 21 0 0 0 0 0 0 39 0 0 0 0 0 
0 0 0 0 0 0 37 0 0 75 0 0 0 0 0 0 0 0 0 0 0 0 0 0 0 77 0 0 41 0 
0 0 0 0 0 0 0 0 0 0 0 60 0 9 0 0 0 0 0 0 16 0 3 0 0 0 0 0 0 0 
5 0 0 0 0 0 67 0 0 0 0 0 0 0 0 0 0 0 0 0 0 0 0 0 0 0 0 0 0 0 
0 86 0 41 0 0 0 64 0 0 0 0 0 0 0 0 0 8 0 0 0 0 0 0 0 0 0 0 26 0 
0 0 0 0 0 0 0 0 56 0 71 0 0 0 0 0 0 0 8 0 0 0 0 0 0 0 0 0 0 0 
39 0 0 0 0 0 38 0 0 0 26 0 0 0 0 0 0 0 0 0 0 0 0 20 0 0 0 0 0 0 
65 0 0 50 0 0 0 21 0 0 0 32 0 0 0 0 0 0 0 0 0 0 0 0 0 0 0 0 0 88 
51 0 0 0 0 0 0 0 0 0 0 0 0 0 0 0 78 0 0 0 0 54 0 0 0 0 9 0 0 0 
0 0 0 0 0 0 0 0 0 0 0 0 0 0 0 0 0 0 0 0 0 0 0 0 0 0 0 89 0 0 
0 0 0 0 24 0 0 0 0 0 0 0 0 0 0 0 0 0 0 41 0 0 0 0 0 88 0 0 0 0 
0 0 0 0 0 0 0 0 0 86 0 0 0 0 0 0 0 0 0 0 0 0 64 0 0 0 0 0 0 0 
0 36 0 0 0 22 0 0 0 0 0 0 0 0 5 0 0 0 0 0 0 0 0 0 0 0 0 0 0 50 
0 0 0 0 0 0 0 0 0 0 0 0 0 0 0 0 0 0 0 0 0 74 0 0 59 0 0 0 0 0 
0 0 0 0 2 0 0 0 0 0 0 0 0 0 0 0 0 0 0 0 0 0 0 44 0 0 0 0 0 0 
0 0 0 0 0 0 72 39 0 0 0 0 0 0 0 0 0 0 0 0 0 0 0 0 0 0 0 0 0 0 
0 0 0 0 0 0 0 0 35 75 0 0 56 0 0 0 0 0 0 0 0 0 0 0 0 0 0 0 77 86 
0 0 0 0 0 0 0 0 0 0 0 0 0 0 0 0 0 0 0 0 95 82 0 0 0 0 83 0 0 0 
0 0 93 0 0 0 0 0 0 0 0 0 0 21 15 0 0 0 0 0 0 0 0 0 0 0 0 0 0 0 
0 0 0 0 0 0 0 0 0 0 0 0 0 0 0 0 0 28 0 0 0 0 0 0 0 78 97 66 0 0 
0 0 0 12 0 0 0 0 0 0 0 0 0 0 0 0 84 0 0 0 0 0 0 0 0 0 0 0 0 0 
0 0 73 0 27 0 0 0 69 0 0 0 0 0 0 35 0 0 0 0 0 0 0 0 0 0 0 0 0 0 
0 0 0 0 0 0 0 0 82 0 0 0 0 0 0 0 0 0 0 0 99 0 0 0 0 0 0 0 0 0 
0 0 0 0 0 0 0 0 0 0 0 20 0 0 0 0 0 0 0 0 0 0 0 0 0 0 0 94 0 48 
0 44 0 0 0 0 0 0 0 0 0 0 0 0 0 0 0 0 0 0 0 0 0 0 0 0 0 0 0 92 
0 0 0 0 0 0 0 0 0 0 0 0 0 68 0 0 0 0 0 0 0 0 0 0 0 0 0 0 0 0 
0 0 0 0 0 0 0 0 0 70 0 0 0 23 0 0 0 0 0 0 0 0 0 0 0 0 0 0 0 0 
0 0 0 0 0 0 0 0 9 0 0 0 0 0 0 0 0 0 95 0 0 0 0 0 0 0 0 0 0 0 
14 0 0 0 0 0 0 0 0 0 0 0 0 0 0 0 0 0 0 0 0 0 0 0 0 0 0 0 0 0 
