30
0 0 0 25 0 0 0 0 17 0 0 0 96 0 35 0 91 94 0 19 0 0 0 0 0 0 0 0 0 0 
6 0 46 0 0 81 0 85 0 0 0 0 45 0 0 0 83 0 27 0 0 79 54 0 0 15 91 96 0 84 
0 0 0 0 0 99 89 0 0 97 0 71 36 0 90 0 0 51 0 0 0 0 0 0 46 0 0 0 0 0 
0 45 51 0 77 86 0 0 0 0 85 0 0 0 0 0 0 0 0 39 96 22 0 0 62 12 0 0 0 0 
0 0 62 0 0 14 63 0 0 0 0 0 0 0 0 6 0 0 0 0 0 0 0 21 0 0 0 0 0 35 
44 0 0 0 0 0 0 0 0 46 64 80 98 0 50 0 0 0 21 0 0 0 0 0 0 57 53 0 0 0 
0 0 0 66 0 61 0 0 0 0 40 71 0 0 0 0 0 42 0 0 94 47 30 0 0 22 0 0 0 0 
0 0 0 23 0 0 0 0 0 28 0 0 0 0 0 0 0 77 0 0 0 0 0 0 0 13 0 0 0 0 
0 67 0 0 0 0 0 75 0 0 0 0 0 70 0 0 0 0 0 11 55 0 0 0 0 0 0 0 0 0 
0 0 0 41 0 0 0 0 0 0 0 0 85 0 83 47 0 57 53 0 0 0 0 0 0 0 0 21 16 0 
69 67 0 0 49 0 0 48 0 0 0 0 0 0 20 0 0 46 0 0 0 0 71 0 0 0 0 0 20 8 
0 0 0 0 30 0 0 27 0 0 0 0 46 0 0 72 91 0 0 72 11 0 0 41 0 37 0 0 0 0 
0 0 0 0 0 0 0 0 0 0 56 0 0 0 0 0 0 0 0 0 0 0 18 56 0 84 0 0 0 0 
0 12 0 0 0 88 0 0 0 0 0 0 66 0 0 0 0 74 0 0 0 0 0 0 0 0 54 58 0 28 
0 0 0 97 0 0 0 0 69 0 0 36 0 0 0 0 0 0 0 0 0 13 0 0 0 0 0 0 85 0 
86 21 0 0 0 32 0 0 0 0 0 0 0 0 0 0 51 0 0 0 0 0 0 0 0 0 0 0 0 0 
0 0 0 0 67 4 0 0 69 0 32 0 0 0 0 0 0 76 2 0 0 0 0 0 0 60 0 12 0 0 
0 0 0 0 0 22 0 0 0 0 0 80 1 0 0 0 0 0 0 45 0 87 0 0 0 0 0 0 0 41 
0 0 0 69 0 0 0 0 70 0 0 0 59 0 13 0 0 0 0 4 63 0 0 0 0 38 0 0 0 0 
0 77 0 0 82 84 0 0 0 0 0 0 11 0 0 0 0 0 0 0 0 65 0 27 0 0 0 0 0 0 
0 71 69 0 42 0 0 69 0 60 0 0 88 63 76 63 0 0 0 0 0 0 0 0 0 0 0 0 10 0 
0 0 0 0 0 8 0 32 0 0 0 0 0 0 0 0 0 0 74 0 0 0 0 0 0 90 25 0 0 0 
88 0 0 0 99 0 0 0 0 21 0 0 0 0 0 25 0 0 0 0 0 0 0 55 0 0 0 0 0 0 
97 28 0 68 0 0 0 0 0 15 0 0 0 60 11 0 0 0 0 0 0 0 0 0 27 0 7 4 0 0 
54 6 0 0 25 0 56 0 49 77 73 0 0 0 0 3 37 0 40 0 0 0 47 0 0 0 0 0 12 0 
29 0 0 0 0 0 0 0 0 0 44 0 0 85 0 65 0 67 0 0 0 0 0 0 97 0 0 79 0 0 
0 0 77 12 39 0 57 0 0 0 82 0 0 0 0 0 0 0 0 70 84 0 0 0 0 25 0 0 85 0 
61 0 0 0 19 0 0 0 0 0 0 49 0 0 0 53 0 0 58 20 0 0 0 0 0 0 0 0 0 60 
0 0 29 98 0 0 64 0 0 0 0 0 0 0 0 0 0 0 0 0 0 18 0 0 0 0 0 0 0 0 
0 0 0 0 0 0 0 0 0 0 0 0 0 0 0 0 0 0 0 0 0 18 0 90 25 18 0 0 48 0 
