30
0 0 0 0 0 0 0 0 0 0 0 0 0 0 0 0 0 0 69 0 3 0 0 0 6 0 0 0 0 67 
88 0 0 0 0 0 0 0 20 0 0 60 0 0 0 0 0 0 0 6 0 0 0 0 8 0 1 0 0 48 
16 0 0 0 59 0 0 18 70 0 0 53 0 0 0 0 0 0 0 0 0 0 0 7 0 43 0 0 44 75 
43 0 0 0 78 0 89 0 0 0 42 0 56 0 0 30 68 84 95 86 0 0 0 0 0 0 0 0 0 0 
81 0 0 0 0 63 0 0 0 0 14 0 0 60 56 71 0 79 0 0 19 0 0 0 0 71 98 16 0 0 
0 0 0 0 0 0 0 0 89 0 0 48 0 0 0 0 0 0 0 0 0 0 0 0 0 0 70 22 0 0 
0 99 0 0 0 0 0 0 0 0 0 0 0 0 0 0 0 0 0 0 0 62 0 0 57 0 0 0 0 0 
0 0 0 0 77 58 19 0 0 0 0 68 0 0 23 20 0 0 0 0 52 0 0 0 0 0 0 0 77 0 
36 0 0 86 0 0 0 0 0 69 0 0 0 26 18 0 0 72 93 0 62 0 0 0 0 63 0 5 0 0 
0 0 0 0 0 50 0 50 0 0 0 0 0 0 0 0 0 0 14 0 26 0 0 0 30 0 0 0 0 20 
0 0 0 0 0 23 0 42 0 0 0 0 27 0 0 0 0 0 0 0 0 67 0 0 42 0 0 17 0 0 
0 0 0 0 0 0 0 0 37 0 81 0 48 0 11 0 0 0 83 75 22 34 0 81 0 0 0 0 0 0 
0 0 0 0 0 0 0 67 0 8 0 0 0 0 0 0 8 0 0 0 0 0 0 0 0 0 0 75 0 0 
0 0 0 0 0 0 0 0 0 0 0 0 0 0 0 45 6 46 0 0 42 0 0 0 71 0 57 60 0 0 
37 0 0 0 0 0 10 0 0 89 0 0 94 0 0 0 0 0 0 0 0 0 0 0 93 0 0 0 42 0 
81 73 65 0 0 0 99 0 0 54 0 0 28 0 44 0 0 0 0 77 0 28 0 0 0 0 0 0 78 0 
0 39 0 0 61 72 0 0 0 97 13 0 0 0 0 0 0 0 0 0 0 81 0 59 0 0 77 31 0 0 
0 44 41 0 0 0 0 0 0 0 0 56 85 0 0 55 0 0 0 0 0 32 0 0 56 0 0 0 0 0 
0 0 0 0 0 0 0 10 0 0 0 0 64 0 0 0 0 0 0 0 0 0 18 0 0 0 63 85 98 0 
0 0 25 0 0 0 78 0 0 0 24 0 65 0 0 0 0 6 0 0 0 0 92 0 42 0 0 0 0 0 
0 0 76 0 0 0 14 0 0 0 62 0 0 0 0 0 0 0 0 0 0 15 0 7 42 0 0 0 0 0 
0 50 0 0 0 0 0 0 4 0 0 0 17 98 90 0 0 0 0 94 0 0 0 0 0 0 0 0 0 0 
0 0 0 7 0 96 0 0 0 0 0 0 26 0 0 0 0 51 0 0 0 0 0 0 69 0 0 0 30 15 
68 0 0 37 0 0 0 80 0 77 0 0 0 58 0 88 0 0 0 45 0 31 0 0 99 13 0 53 0 0 
0 0 0 52 0 0 0 0 23 0 0 96 28 0 0 0 0 0 27 0 0 0 0 0 0 0 88 0 0 0 
0 80 0 0 0 0 0 0 0 41 0 0 95 0 0 28 0 0 49 0 0 0 64 0 0 0 0 0 68 54 
7 0 0 4 0 0 8 0 54 82 0 0 55 0 6 0 0 0 0 0 85 0 56 0 0 40 0 75 0 0 
76 36 69 0 0 0 0 0 0 0 0 0 0 0 97 0 0 0 0 0 0 2 0 0 0 0 0 0 0 0 
0 0 0 48 0 0 28 0 0 0 0 0 0 0 0 0 53 11 0 0 0 95 0 0 0 0 0 0 0 0 
0 0 0 0 83 52 0 32 0 0 44 0 0 51 32 0 0 0 44 0 0 0 0 0 36 0 62 0 0 0 
