30
0 69 44 0 0 0 0 58 0 0 44 67 0 47 50 0 66 0 0 1 48 23 1 0 0 8 40 0 35 4 
0 0 32 0 0 0 25 0 0 0 0 0 0 0 90 43 51 0 33 0 0 72 23 0 0 0 0 88 23 96 
0 0 0 35 0 4 0 49 3 99 53 0 24 0 20 77 33 8 47 85 99 87 0 12 15 0 11 0 0 80 
39 30 0 0 39 0 21 0 0 0 0 0 48 90 53 0 0 0 6 0 0 47 17 23 0 0 0 0 0 97 
68 21 89 0 0 0 68 0 41 0 58 13 0 0 24 46 31 0 0 37 0 0 0 77 7 0 36 0 66 0 
14 29 0 79 97 0 0 0 0 12 19 0 94 0 1 0 0 0 93 0 4 27 68 88 72 81 0 90 0 0 
78 0 38 0 0 16 0 0 8 0 2 0 0 96 0 80 64 50 0 0 0 0 66 91 0 59 0 0 38 0 
0 34 0 98 18 3 40 0 24 0 23 82 0 0 34 47 0 0 0 0 0 34 0 0 40 0 0 20 0 0 
80 7 0 99 0 38 0 0 0 0 72 77 9 0 5 73 0 0 43 43 41 93 11 46 0 56 1 18 0 10 
54 6 0 17 58 0 66 38 58 0 90 75 0 59 0 0 36 88 0 0 0 0 55 0 0 76 81 39 64 13 
0 74 0 28 0 0 0 0 0 0 0 0 0 0 6 0 68 6 77 94 10 61 20 0 46 0 57 76 0 32 
0 30 66 24 0 64 42 0 0 0 34 0 52 0 76 0 61 97 8 0 76 0 28 19 36 58 0 0 85 0 
68 49 0 0 6 0 88 60 0 87 25 0 0 0 0 51 3 0 0 0 46 20 45 0 0 34 22 32 63 98 
0 70 53 0 71 8 0 70 31 0 74 32 99 0 64 0 0 69 52 85 0 0 20 0 0 51 0 0 52 0 
0 0 0 0 0 0 78 0 0 78 0 0 67 0 0 43 1 0 96 0 51 31 0 72 80 57 71 0 0 1 
95 0 0 70 0 93 0 0 0 95 31 67 0 35 0 0 56 60 0 82 69 16 40 0 0 0 33 40 16 0 
0 0 0 63 0 58 0 93 57 0 0 0 0 25 0 0 0 93 0 0 0 51 67 0 49 42 91 0 0 0 
13 61 0 45 53 42 0 14 58 0 0 0 70 0 63 0 0 0 65 43 0 45 33 0 59 86 0 15 20 69 
67 0 0 0 68 0 54 78 0 13 0 0 65 0 0 79 74 0 0 0 0 0 40 0 11 97 0 0 72 7 
0 73 0 23 0 24 37 46 0 57 0 67 59 0 92 0 94 0 51 0 0 0 0 0 0 0 59 0 0 6 
0 52 0 73 68 0 82 49 0 74 0 0 0 35 0 0 40 96 5 44 0 76 0 71 0 43 77 0 20 42 
0 0 0 0 31 0 80 0 0 75 0 72 0 65 0 0 0 0 21 20 0 0 0 0 70 70 0 27 98 0 
0 0 68 0 69 0 0 39 0 0 0 0 0 0 91 0 0 0 0 86 8 29 0 69 0 37 60 0 68 4 
43 74 0 0 0 0 0 64 0 45 55 0 58 90 0 99 9 78 49 93 0 68 0 0 0 85 0 0 92 81 
44 21 0 2 0 0 99 0 52 48 0 0 96 95 0 48 0 0 0 99 27 0 99 73 0 95 2 33 0 89 
0 19 4 51 85 0 0 26 0 0 21 0 0 0 0 85 0 0 0 87 0 0 0 0 0 0 0 54 36 15 
0 72 0 69 0 13 96 21 0 0 0 81 0 80 0 0 0 86 19 0 0 74 0 9 0 87 0 0 72 27 
28 0 60 46 99 0 93 0 0 0 0 81 0 85 46 0 94 0 1 51 45 0 67 89 0 0 65 0 22 0 
0 0 97 61 0 53 0 14 95 0 10 0 0 0 46 0 93 0 0 60 0 0 0 0 4 0 0 0 0 73 
0 0 0 0 62 35 61 12 0 0 0 93 0 20 0 97 17 0 0 0 0 35 0 0 0 0 0 54 0 0 
