30
0 34 44 34 85 0 0 79 0 67 33 0 38 68 16 0 0 52 78 0 45 0 91 5 0 0 43 42 0 22 
0 0 68 0 81 0 75 0 0 20 0 1 77 0 15 42 65 72 0 0 0 4 19 0 96 0 0 52 13 0 
0 0 0 0 39 0 64 83 35 99 0 47 0 39 20 24 97 0 0 97 51 93 0 0 29 77 0 0 4 0 
0 33 93 0 60 30 0 56 0 0 39 0 0 30 78 14 69 77 92 0 0 0 31 1 0 78 0 0 53 0 
0 0 0 0 0 29 51 0 0 0 0 98 45 0 0 59 19 76 27 0 0 0 47 21 0 0 0 77 0 63 
85 69 84 0 0 0 0 0 0 31 71 0 8 7 48 16 5 33 17 36 56 15 64 56 37 54 0 0 1 0 
52 0 0 13 0 12 0 0 75 67 71 0 0 91 0 0 0 0 0 0 27 0 0 0 0 0 97 0 0 32 
0 45 0 0 74 36 50 0 0 0 17 17 0 14 6 0 0 0 0 7 76 94 0 71 17 54 0 0 51 5 
40 21 0 83 50 9 0 3 0 2 8 0 0 0 0 0 0 0 59 67 0 26 0 0 0 0 0 0 92 0 
0 0 0 92 79 0 0 13 0 0 3 0 25 47 10 17 87 57 0 0 7 0 25 99 32 63 83 0 0 64 
0 7 24 0 61 0 0 0 0 0 0 4 85 0 54 0 77 77 17 81 71 6 0 0 0 0 0 0 0 0 
36 0 0 10 0 58 43 0 97 92 0 0 22 0 0 76 0 10 0 0 83 91 33 0 0 0 55 79 44 0 
0 0 74 24 0 0 61 51 89 0 0 0 0 95 72 0 0 68 14 36 0 41 0 0 0 0 44 89 99 0 
0 83 0 0 31 0 0 0 67 0 62 21 0 0 21 31 29 0 0 0 30 47 0 0 53 16 51 0 35 0 
0 0 0 0 46 0 73 0 51 0 0 22 0 0 0 0 0 0 32 29 0 80 0 96 8 0 10 0 0 38 
59 0 0 0 0 0 47 17 26 0 68 0 31 0 64 0 0 0 0 93 10 0 41 0 71 0 25 56 0 49 
4 0 0 0 0 0 53 40 96 0 0 53 19 0 94 89 0 66 0 49 77 0 79 0 0 0 47 0 72 81 
0 0 92 0 0 0 2 66 15 0 0 0 0 80 54 38 0 0 0 87 0 46 0 0 0 0 0 79 0 7 
0 60 18 0 0 0 56 85 0 87 0 18 0 12 0 44 42 92 0 78 26 92 91 0 57 0 29 79 0 0 
97 19 0 1 57 0 56 0 0 6 0 8 0 16 0 0 0 0 0 0 90 0 0 0 0 80 52 14 10 0 
0 68 0 65 91 0 0 0 26 0 0 0 61 0 13 0 0 52 0 0 0 0 0 0 14 0 4 1 63 0 
6 0 0 22 2 0 38 0 0 65 0 0 0 0 0 22 49 0 0 46 19 0 44 0 0 37 0 63 11 6 
0 0 76 0 0 0 63 19 95 0 77 0 75 85 99 0 0 18 0 1 25 0 0 0 58 25 78 0 0 0 
0 52 66 0 0 0 41 0 79 0 79 97 14 77 0 20 21 70 80 77 71 7 43 0 0 15 81 0 54 0 
97 0 0 94 61 0 39 0 24 0 63 75 26 0 0 0 50 38 0 94 0 31 0 73 0 0 0 58 63 96 
31 76 0 0 4 0 91 0 37 0 39 78 55 0 95 65 97 6 36 0 51 0 0 0 48 0 29 11 0 0 
0 39 41 40 50 38 0 42 44 0 27 0 0 0 0 0 0 4 0 0 0 51 0 0 63 0 0 0 0 0 
0 0 95 95 0 21 33 73 88 66 26 0 0 64 30 0 39 0 0 0 0 0 27 95 0 0 55 0 0 0 
49 0 0 0 4 0 82 0 0 23 78 0 0 0 97 82 0 67 42 0 0 0 58 0 0 62 64 57 0 19 
0 51 56 13 0 24 0 0 17 0 54 1 44 27 0 0 0 0 30 93 6 0 93 58 0 31 11 6 0 0 
