30
0 91 0 0 0 0 0 0 0 0 0 0 0 7 0 33 0 0 0 0 0 0 0 0 0 0 0 0 0 0 
0 0 0 0 0 0 0 0 0 0 72 0 0 0 37 0 40 0 0 0 0 0 0 0 0 0 0 0 0 0 
24 0 0 0 0 0 0 0 0 0 0 0 0 0 37 0 0 0 12 0 0 0 0 0 0 0 7 0 0 0 
0 15 0 0 0 0 0 0 0 0 0 0 0 0 0 0 0 12 0 0 0 0 0 0 0 0 0 0 0 0 
0 0 0 67 0 0 0 0 0 0 0 0 0 19 26 0 0 0 0 0 0 0 0 0 0 0 0 0 0 0 
0 0 0 93 0 0 0 0 0 0 0 0 0 0 0 0 0 37 0 0 0 0 22 65 0 0 0 0 0 4 
17 0 0 0 0 52 0 0 0 0 0 0 0 0 97 0 0 0 0 0 0 0 0 0 47 65 0 0 0 0 
21 0 3 0 0 0 0 0 0 0 12 0 0 0 0 0 0 0 0 0 0 0 0 86 0 0 0 0 0 0 
0 35 0 0 0 0 0 0 0 50 0 0 0 0 0 8 0 0 0 0 0 0 0 0 0 36 0 0 0 0 
0 0 0 0 0 0 0 83 0 0 0 0 0 0 0 0 0 0 0 0 0 0 0 0 0 92 0 69 0 0 
0 0 0 0 0 0 0 0 0 0 0 0 20 0 0 0 70 0 0 0 0 0 0 0 0 23 0 0 0 0 
0 0 0 0 55 0 70 0 0 0 0 0 0 0 0 0 0 0 0 0 0 0 37 0 0 0 0 0 0 0 
0 0 0 0 0 0 64 0 0 0 0 71 0 0 0 0 0 0 64 0 0 0 0 0 0 0 0 0 0 0 
0 51 0 0 0 0 0 0 0 19 0 43 0 0 0 0 0 0 0 0 0 0 0 0 0 0 0 0 0 0 
0 0 0 0 0 0 0 0 0 0 0 1 0 0 0 0 0 0 0 0 76 0 0 0 0 0 0 0 0 0 
0 0 0 9 0 0 0 0 0 0 0 0 0 0 0 0 0 0 0 0 0 0 0 0 80 0 0 0 47 0 
0 0 0 0 65 0 0 0 0 44 0 0 93 0 0 0 0 0 0 20 0 0 0 0 0 0 0 0 0 0 
11 0 0 0 0 0 0 0 0 0 0 0 0 0 0 70 0 0 0 0 0 0 0 0 0 0 0 0 15 0 
0 0 0 0 32 0 0 20 0 0 0 0 0 0 0 0 0 37 0 0 0 0 0 0 0 0 0 0 0 0 
0 0 0 0 0 0 0 0 0 0 0 0 0 0 0 0 0 0 0 0 0 0 0 0 21 34 55 0 0 0 
0 0 0 0 0 0 83 0 0 0 0 0 47 0 0 0 0 0 0 0 0 65 0 0 0 0 0 0 0 0 
0 0 0 0 0 0 0 0 97 21 0 0 0 0 0 0 0 0 0 0 0 0 0 0 0 43 0 0 0 0 
0 0 0 0 0 0 0 0 0 0 0 0 0 0 0 0 0 0 0 0 0 45 0 0 0 0 0 0 0 0 
0 0 0 0 89 0 0 0 0 0 60 0 0 0 0 0 0 0 0 0 0 0 0 0 0 0 0 0 0 0 
0 0 0 60 0 0 0 0 0 0 0 61 0 0 0 0 0 0 0 0 0 0 0 0 0 0 0 0 50 0 
0 0 32 0 0 0 0 0 0 0 0 0 0 0 0 0 0 0 0 0 0 0 0 0 0 0 0 78 0 0 
0 0 0 0 0 0 0 0 0 0 0 0 0 0 0 0 0 0 0 0 0 0 15 0 0 0 0 0 0 0 
0 0 0 0 0 0 0 0 0 0 0 0 0 0 0 0 0 0 0 30 0 0 0 79 0 0 0 0 18 0 
0 0 29 0 0 0 0 0 0 0 0 0 0 0 0 0 0 0 0 0 0 0 0 0 0 32 0 0 0 0 
0 0 0 0 0 0 0 0 60 0 0 0 0 5 0 0 0 0 0 79 0 0 0 0 0 0 0 0 0 0 
