30
0 0 0 96 0 0 4 0 0 12 0 0 29 0 0 94 0 0 0 0 0 0 60 0 0 0 0 0 34 0 
38 0 0 0 0 0 0 0 73 68 33 0 0 0 35 0 0 0 34 0 0 0 0 16 57 0 0 0 0 0 
1 82 0 0 0 90 0 0 0 0 0 0 0 0 56 0 0 34 43 0 75 0 0 0 0 0 0 1 0 81 
0 66 0 0 0 0 0 0 12 39 0 0 0 0 0 12 0 0 0 0 0 0 42 79 0 0 0 0 10 21 
0 79 0 0 0 9 59 39 0 0 0 0 37 55 0 0 77 0 0 0 0 17 0 0 0 19 0 0 0 0 
82 22 0 0 0 0 0 0 0 0 1 0 0 0 0 0 0 0 0 0 0 68 0 75 0 37 0 0 0 0 
0 41 52 0 0 0 0 0 0 0 0 0 0 0 0 0 0 0 0 0 0 0 0 64 76 93 20 96 0 0 
0 0 38 52 0 31 0 0 0 0 0 0 58 0 0 0 0 0 0 0 96 0 0 0 18 0 57 0 0 31 
0 0 20 0 0 0 0 0 0 57 73 0 0 0 0 0 0 0 0 13 80 0 40 5 0 0 0 91 97 0 
0 0 0 0 0 90 0 54 0 0 0 0 45 0 39 0 0 64 0 0 0 0 0 72 31 0 0 0 0 0 
0 0 0 0 0 0 0 0 0 52 0 0 0 0 0 0 77 0 0 0 0 0 0 0 0 53 0 0 0 0 
0 15 0 0 0 27 0 0 0 59 9 0 0 0 0 31 0 0 0 0 0 42 0 0 0 0 0 25 0 11 
0 0 0 0 0 0 0 0 58 0 42 0 0 20 0 8 0 48 0 0 0 0 35 0 0 0 39 0 0 0 
9 0 0 0 0 0 0 95 28 0 0 0 0 0 0 0 0 0 0 10 0 0 0 0 0 0 0 0 0 0 
0 0 0 38 0 0 74 0 67 0 97 13 0 0 0 0 0 0 0 0 0 33 0 0 82 94 0 93 0 0 
0 32 0 0 78 0 0 93 0 0 45 0 0 0 0 0 0 0 0 0 56 0 0 0 32 0 0 0 0 0 
27 66 0 0 0 63 87 0 68 0 0 0 0 0 0 76 0 0 9 56 0 0 4 0 6 0 65 0 0 0 
0 0 0 0 23 14 0 0 0 0 26 50 0 0 88 74 5 0 0 2 99 0 73 10 0 6 0 67 0 76 
0 0 0 0 0 50 0 0 0 33 52 75 0 96 0 0 0 0 0 1 0 0 0 0 81 12 0 0 0 0 
76 0 71 0 0 38 0 0 0 81 0 40 72 0 0 0 0 0 0 0 0 0 0 0 26 96 0 0 90 0 
0 0 0 77 28 0 76 0 0 30 17 0 0 0 0 0 0 0 0 0 0 74 0 0 0 0 0 0 0 0 
8 0 0 88 0 0 0 41 42 10 0 0 0 0 0 0 0 0 0 51 0 0 0 0 0 0 0 44 48 0 
0 0 78 0 0 0 49 77 0 0 0 22 0 0 0 0 0 0 0 0 0 0 0 0 74 0 0 0 0 0 
0 0 0 0 48 0 0 0 0 0 92 0 0 44 0 0 0 0 81 0 0 0 0 0 38 0 0 0 43 0 
0 0 0 53 0 0 0 0 0 0 0 0 83 0 0 0 0 0 0 0 7 12 0 0 0 0 0 95 0 39 
0 58 0 0 0 0 0 79 0 72 0 14 0 0 0 0 0 0 0 0 0 0 0 0 0 0 39 0 0 0 
32 0 13 0 0 0 0 0 0 0 57 0 0 60 0 0 0 0 0 0 0 0 0 0 26 0 0 0 0 0 
0 0 0 0 0 0 0 0 0 0 0 0 0 67 0 15 81 0 0 0 0 0 87 39 0 41 88 0 0 0 
0 0 0 0 11 2 71 62 0 0 0 0 0 0 49 0 0 84 0 0 0 0 0 0 0 0 0 0 0 88 
0 82 0 0 0 0 0 0 99 53 0 0 0 0 0 0 0 0 0 0 0 57 0 0 0 82 0 0 0 0 
