30
0 0 0 0 0 0 26 16 30 28 65 41 8 0 0 14 0 0 69 82 0 0 18 0 10 0 78 75 0 48 
42 0 22 0 0 38 0 0 0 67 0 0 80 0 30 62 0 0 50 0 0 0 29 0 25 0 0 26 87 0 
64 0 0 25 0 0 0 92 0 59 0 60 0 55 0 18 0 0 79 28 0 0 0 47 46 57 0 36 0 0 
49 51 0 0 13 22 0 98 13 8 74 0 84 0 0 0 0 0 31 0 8 0 0 85 44 0 0 32 0 0 
39 25 38 0 0 0 0 25 0 0 56 0 38 44 0 0 59 0 0 0 0 78 28 54 0 14 0 43 0 0 
2 0 76 0 79 0 0 0 0 0 0 95 33 66 0 57 0 0 0 33 0 59 0 0 50 0 59 0 23 66 
0 23 17 23 38 6 0 0 0 0 0 62 0 42 88 96 72 0 0 34 0 49 97 58 10 45 0 85 0 0 
0 29 0 0 0 2 46 0 29 27 0 8 0 55 0 29 0 0 77 45 0 41 60 9 99 0 96 0 0 0 
0 49 25 0 14 51 80 0 0 10 0 0 0 0 0 94 31 59 0 80 69 0 0 9 14 38 96 0 0 6 
0 0 0 0 85 35 43 0 0 0 0 35 92 10 65 18 29 99 0 0 37 0 11 0 50 0 12 0 34 39 
0 12 25 0 0 54 4 69 60 31 0 84 78 0 49 0 0 83 61 0 0 65 0 70 47 0 27 0 81 0 
0 73 0 5 28 0 0 0 9 0 0 0 63 88 76 30 0 98 81 39 0 31 0 13 91 0 91 67 0 16 
0 0 26 0 0 0 83 32 25 0 0 0 0 0 0 0 37 88 47 0 96 57 64 95 0 46 86 0 0 0 
6 22 0 16 0 0 0 0 53 0 54 0 6 0 0 0 0 0 0 56 79 67 12 0 71 93 76 0 0 84 
34 0 9 1 92 36 0 93 62 0 0 0 85 95 0 95 0 0 2 0 53 31 0 55 0 43 0 53 98 0 
0 0 0 74 26 0 0 0 0 0 71 0 34 55 0 0 54 0 80 0 0 84 0 67 0 90 41 0 57 0 
58 32 7 91 0 73 0 47 0 0 87 13 0 78 21 0 0 10 0 36 49 0 0 0 94 41 6 0 0 0 
84 62 97 37 32 10 64 15 0 0 0 0 0 89 44 44 0 0 0 41 16 65 0 0 13 0 0 0 9 3 
0 0 0 0 87 88 65 0 81 70 0 0 0 4 0 0 93 72 0 67 5 0 0 5 93 0 18 0 95 0 
0 74 0 16 48 0 0 0 0 65 22 0 63 0 44 33 0 0 0 0 0 78 25 68 10 43 0 0 44 0 
23 85 81 0 68 59 41 39 0 0 28 22 0 0 0 99 0 0 0 52 0 0 0 0 0 0 63 91 18 91 
2 33 12 1 0 0 0 0 67 24 0 0 0 0 0 0 25 0 15 0 57 0 0 0 0 0 67 0 39 40 
0 0 28 40 0 81 0 0 50 0 87 98 0 0 44 2 14 86 9 0 62 30 0 0 0 43 0 0 57 73 
18 72 0 0 0 94 0 0 0 77 0 0 0 20 0 0 26 73 0 0 66 26 7 0 0 0 0 0 62 0 
0 0 0 0 88 0 0 0 0 0 0 0 20 0 36 55 0 0 0 0 37 76 33 70 0 0 82 0 96 0 
26 85 0 90 0 64 0 5 0 61 72 27 0 0 0 0 0 39 68 0 91 43 0 62 15 0 97 0 0 0 
0 10 22 98 9 0 26 0 0 0 0 0 0 0 34 0 0 41 0 77 0 0 94 30 0 0 0 99 0 0 
0 0 0 0 0 98 0 91 93 16 30 0 66 57 0 94 72 42 83 67 0 80 88 70 66 42 0 0 34 0 
53 0 25 49 25 0 41 62 29 0 0 93 96 56 0 0 88 0 0 0 0 0 0 0 0 77 66 0 0 51 
0 64 66 50 31 0 90 91 0 0 76 0 58 0 77 35 10 0 76 47 0 0 0 73 12 73 7 23 0 0 
