30
0 3 7 29 0 72 89 86 0 0 2 0 44 0 33 87 0 0 64 0 99 0 0 0 0 21 51 0 0 24 
0 0 0 0 74 71 19 0 0 0 0 0 0 0 0 74 0 54 0 30 0 48 57 9 0 45 81 83 56 84 
0 68 0 90 0 28 0 0 0 83 0 0 66 0 0 30 67 5 15 0 46 0 26 0 0 23 80 48 11 60 
0 67 0 0 2 33 0 27 0 97 45 56 95 2 57 96 0 54 0 40 20 0 49 84 0 0 35 0 43 38 
17 0 5 0 0 0 84 0 0 39 9 90 0 89 0 26 2 0 0 0 27 0 0 6 64 63 0 65 0 76 
0 0 0 0 49 0 67 66 28 18 32 91 27 0 34 0 90 60 0 79 14 0 98 0 0 0 0 55 14 0 
0 0 96 33 0 0 0 0 65 64 69 0 0 72 68 0 54 0 0 7 0 0 0 0 86 99 0 51 91 19 
0 81 14 0 2 0 47 0 0 0 84 0 0 20 0 0 42 72 0 0 59 85 0 49 74 0 0 0 58 95 
33 69 63 8 62 0 0 99 0 85 0 15 85 0 5 78 79 0 11 42 0 0 0 0 0 0 35 51 7 23 
80 46 0 0 0 0 0 37 0 0 5 5 88 0 0 0 0 37 0 95 0 0 0 58 81 0 0 47 40 41 
0 52 68 0 0 0 0 0 77 0 0 0 0 76 0 0 0 19 33 0 0 75 6 0 23 0 0 0 70 0 
37 42 83 0 0 0 11 37 0 0 73 0 30 87 0 47 0 0 0 0 31 88 0 0 11 0 41 0 89 78 
0 68 0 0 15 0 36 87 0 0 27 0 0 86 0 0 27 0 0 0 76 0 0 62 0 0 24 29 0 60 
83 97 85 0 0 80 0 0 63 75 0 0 0 0 0 26 14 77 0 0 0 0 94 0 0 55 0 0 0 0 
0 84 68 0 49 0 0 41 0 64 1 14 81 14 0 83 5 72 62 0 61 0 21 39 48 0 0 0 0 84 
0 0 0 0 0 95 75 53 0 13 92 0 83 0 0 0 53 76 0 1 0 18 87 0 49 15 2 0 0 17 
44 69 0 6 0 0 0 0 0 5 41 56 0 0 0 0 0 95 15 0 55 99 78 25 55 85 0 93 47 34 
66 0 0 0 37 0 8 0 31 0 0 92 54 0 0 0 0 0 86 0 62 84 1 0 0 0 0 0 0 20 
0 47 0 44 61 66 22 20 0 64 0 73 20 69 0 8 0 0 0 10 0 43 77 32 44 0 0 45 33 0 
48 0 16 0 93 0 0 20 0 0 72 70 2 30 14 0 34 20 0 0 0 0 7 0 0 0 0 0 0 0 
0 64 0 0 0 0 94 0 77 71 38 0 0 32 0 35 0 0 85 94 0 69 33 0 13 0 22 32 0 0 
44 0 79 7 99 30 43 0 28 84 0 0 79 53 54 0 0 0 0 92 0 0 0 33 27 72 0 0 18 95 
88 0 0 0 80 0 44 1 10 39 0 21 67 0 0 0 0 0 0 0 0 80 0 85 0 29 0 0 39 5 
81 0 49 0 0 27 42 0 62 0 87 96 0 88 0 55 0 57 0 59 78 0 0 0 0 0 0 81 85 0 
97 44 69 1 0 63 0 0 49 0 0 0 56 91 0 0 0 12 0 30 0 0 4 39 0 0 0 0 80 0 
0 0 0 38 0 30 0 28 78 92 16 71 62 0 36 0 0 59 38 89 61 0 0 55 70 0 27 0 30 53 
0 0 0 0 73 71 85 58 0 76 5 0 0 45 8 0 25 43 95 45 0 33 85 35 55 0 0 16 0 0 
61 0 0 49 0 0 0 94 0 0 24 24 0 55 70 9 0 55 0 83 0 70 63 0 4 20 0 0 0 92 
79 0 0 0 48 0 0 0 0 0 0 0 75 39 28 23 0 11 0 63 41 0 0 0 0 0 95 65 0 79 
0 0 0 0 0 75 0 0 0 0 26 0 0 18 0 0 0 0 42 77 7 0 0 86 74 0 45 0 0 0 
