30
0 0 0 0 0 0 87 89 0 19 39 0 90 37 0 91 95 0 5 16 99 0 0 52 97 0 94 0 0 0 
71 0 0 0 0 0 0 0 0 0 89 0 95 56 81 85 23 0 0 98 0 0 0 0 51 81 43 0 64 0 
35 4 0 98 0 0 0 62 99 51 81 9 96 14 0 89 0 27 0 0 0 0 14 44 0 0 57 0 84 0 
76 79 0 0 15 0 0 0 0 85 24 0 35 23 64 96 59 54 0 91 32 73 58 33 0 12 0 16 5 0 
45 59 90 0 0 0 0 0 0 0 84 68 0 94 0 0 0 0 86 4 79 0 89 0 0 0 42 40 53 30 
41 63 83 53 11 0 64 13 16 0 0 0 61 11 0 0 0 0 0 0 0 0 80 27 4 77 0 29 0 2 
0 32 56 39 99 0 0 0 0 0 0 64 0 32 0 70 62 0 66 72 0 0 8 0 57 0 95 95 0 0 
0 36 0 6 49 0 17 0 0 35 0 0 28 58 0 0 52 0 8 60 0 40 32 68 0 0 0 0 62 0 
50 86 0 63 84 0 3 57 0 0 0 83 18 46 89 0 16 0 0 0 0 87 0 0 0 0 0 7 62 0 
0 56 0 0 92 45 81 0 97 0 0 51 46 47 29 0 0 0 0 7 0 83 30 78 7 0 68 13 0 40 
0 0 0 0 0 20 66 56 65 72 0 0 3 0 0 0 0 92 56 95 0 0 60 0 0 0 35 48 0 28 
47 54 0 45 0 92 0 13 0 0 19 0 0 0 6 16 0 94 39 59 96 99 25 0 0 0 0 0 0 31 
0 0 0 0 59 0 74 0 0 0 0 38 0 0 0 46 66 0 0 30 78 0 0 0 60 95 0 0 0 42 
0 0 0 0 0 0 0 0 0 0 76 70 96 0 57 0 0 41 97 13 62 0 0 0 83 44 0 0 0 0 
4 0 72 0 29 22 6 17 0 0 25 0 53 0 0 35 91 0 0 0 83 83 73 71 0 0 0 71 50 0 
0 0 0 0 51 44 0 61 11 6 70 0 0 32 0 0 40 0 0 51 0 50 0 71 0 45 97 0 0 25 
0 0 84 0 7 33 0 0 0 60 99 59 0 36 0 0 0 63 51 50 0 30 0 0 82 0 96 0 46 0 
39 99 0 0 5 92 77 47 39 33 0 0 78 0 40 14 0 0 43 0 44 27 51 0 18 0 56 86 0 88 
0 71 89 7 0 48 0 0 4 50 0 0 57 0 95 13 0 0 0 86 0 0 26 0 0 0 33 29 0 7 
0 0 76 0 0 92 0 0 57 0 0 0 0 0 1 0 0 48 0 0 94 49 0 0 0 0 0 0 0 48 
0 44 46 0 0 53 26 12 72 89 84 0 0 0 0 82 30 0 85 0 0 0 0 68 83 0 24 91 41 31 
19 77 58 0 34 21 64 0 0 0 26 0 69 16 0 0 0 0 89 0 47 0 85 0 0 48 0 45 22 37 
47 5 0 0 0 0 0 0 90 0 0 0 73 92 0 44 3 0 0 37 30 0 0 0 0 0 0 95 5 74 
0 67 0 0 10 0 41 0 32 0 46 87 32 27 0 0 27 99 50 81 0 24 98 0 99 56 0 0 16 29 
0 0 43 85 87 0 0 57 13 0 91 98 0 0 20 29 0 0 65 52 0 99 16 0 0 0 95 83 0 0 
40 0 21 0 13 0 45 79 61 39 46 40 0 0 57 0 61 25 47 83 96 0 69 0 60 0 0 95 9 0 
0 0 0 58 0 79 0 91 30 0 0 76 35 78 10 0 0 0 0 40 0 88 25 41 0 61 0 24 0 53 
92 98 80 0 0 0 0 93 0 0 0 66 53 16 0 95 7 0 0 88 0 0 0 53 0 0 0 0 17 35 
33 0 0 0 0 52 94 0 0 9 32 83 54 48 0 83 0 15 3 24 0 0 0 0 45 0 17 0 0 75 
63 86 72 93 0 0 4 65 80 0 0 0 0 38 99 0 34 0 0 0 0 0 0 0 58 21 0 0 0 0 
