50
0 0 0 0 0 0 0 54 0 0 5 0 0 0 28 0 0 79 89 0 0 66 74 78 87 0 0 0 0 95 0 0 0 0 0 0 0 0 24 19 83 0 0 0 0 0 0 0 0 0 
89 0 42 24 0 96 0 0 10 0 0 0 0 0 0 0 0 0 0 0 0 69 46 20 0 0 0 0 0 0 0 0 41 0 20 0 0 0 7 65 76 0 0 0 0 24 33 0 0 0 
0 0 0 0 0 0 0 84 0 0 0 0 0 0 0 0 0 15 0 0 0 0 0 0 0 0 0 0 0 0 0 0 0 0 0 0 0 0 0 28 0 0 0 0 0 0 0 0 0 0 
56 0 0 0 39 0 70 24 95 0 64 55 0 0 0 31 3 0 0 0 0 0 0 33 0 60 0 67 0 0 0 8 0 0 0 0 50 0 0 0 0 0 0 0 0 0 0 0 0 0 
0 0 0 0 0 0 0 0 0 0 13 0 0 0 35 0 0 0 0 53 0 0 0 53 0 69 0 0 0 0 0 0 0 0 0 0 0 60 0 0 0 0 0 8 0 76 0 0 41 0 
28 0 16 26 0 0 0 0 0 0 0 0 0 60 0 0 0 0 57 0 0 0 9 0 0 0 0 38 0 44 0 0 0 0 32 0 16 0 0 0 0 0 0 0 0 0 0 75 45 0 
55 0 84 0 0 14 0 0 0 0 78 0 0 0 0 68 0 0 0 0 82 0 0 0 0 0 0 0 78 0 0 0 0 3 87 25 0 45 0 0 67 0 0 0 0 64 41 0 0 99 
0 76 0 0 0 0 45 0 0 21 0 0 0 0 0 99 0 0 0 0 98 0 0 0 0 0 0 28 32 0 49 0 0 0 0 0 0 0 0 58 35 22 0 0 96 23 0 0 0 0 
0 0 0 0 39 0 0 69 0 0 0 0 95 0 0 42 95 0 12 92 0 0 0 0 95 0 0 0 0 79 12 2 0 0 0 0 57 64 0 0 0 0 0 0 0 82 0 0 0 0 
0 0 0 0 0 0 12 0 90 0 0 79 33 75 98 0 10 22 0 0 42 0 0 8 0 0 61 18 0 0 0 0 0 0 0 25 0 0 0 0 0 0 96 47 0 59 0 0 19 35 
0 0 0 0 0 0 0 10 0 80 0 21 0 35 0 0 0 0 71 38 0 53 0 0 0 0 0 0 55 0 81 58 4 0 46 0 0 0 79 0 0 0 0 0 86 0 0 0 0 0 
0 0 0 0 0 0 84 30 0 0 0 0 0 0 0 0 0 0 9 44 0 98 11 0 0 0 0 30 22 0 52 0 0 0 0 0 0 0 0 0 0 0 0 0 0 0 0 89 0 0 
87 0 64 0 0 0 71 0 0 0 51 0 0 0 0 0 0 0 54 0 57 0 0 35 0 0 0 43 38 0 0 0 0 0 50 0 0 0 0 0 51 0 0 46 0 0 0 0 0 0 
0 4 0 0 0 0 0 0 52 0 0 54 86 0 34 0 0 0 0 56 0 0 0 24 0 0 0 0 0 0 21 0 0 0 0 0 0 26 0 0 89 0 74 0 0 69 0 0 0 0 
0 0 0 59 0 82 24 0 0 0 0 0 53 0 0 0 0 0 0 0 0 0 0 0 0 0 0 0 0 20 0 0 0 0 0 0 61 0 3 0 0 0 0 6 62 0 0 0 73 0 
88 0 80 0 0 62 0 0 0 90 0 0 0 0 0 0 58 78 0 0 0 0 0 0 0 81 0 0 0 65 0 0 58 0 0 0 0 0 91 0 0 0 0 0 0 0 0 0 0 0 
0 0 0 0 0 0 39 32 0 0 10 0 90 66 0 0 0 0 0 10 25 0 11 46 81 0 0 0 66 0 0 8 0 0 0 0 0 0 0 51 0 0 76 0 94 0 0 0 0 74 
0 0 0 0 0 0 22 0 0 0 0 77 0 47 0 0 0 0 0 97 36 0 1 0 0 0 0 0 0 0 0 17 3 0 0 0 0 0 0 0 96 0 0 4 0 0 0 0 0 68 
0 87 0 0 8 0 0 0 0 43 0 0 0 0 94 19 0 0 0 0 66 0 0 58 0 61 3 0 0 0 0 0 0 0 0 0 0 0 0 0 7 58 0 0 0 0 70 0 29 0 
0 0 0 0 0 0 0 0 0 0 0 0 68 0 0 0 0 0 0 0 10 0 54 95 0 0 0 56 0 0 8 0 0 32 71 0 90 0 0 0 99 0 0 0 0 0 0 0 0 0 
0 0 0 31 0 98 0 0 0 0 92 0 0 70 42 0 0 0 0 0 0 0 14 0 0 0 0 0 0 43 0 0 0 0 0 0 0 0 0 0 32 0 0 0 0 0 6 0 0 98 
0 0 0 0 0 0 45 0 0 18 0 0 0 0 0 0 46 16 0 0 0 0 99 0 0 0 0 0 0 0 0 0 68 0 5 0 0 0 0 0 0 0 78 16 0 0 0 0 99 0 
0 0 0 0 0 0 12 0 68 0 0 0 61 54 0 0 0 0 0 0 0 0 0 0 0 0 53 0 0 0 0 0 0 0 0 67 0 0 89 0 0 93 0 0 28 0 28 21 0 0 
0 0 0 0 0 98 0 0 0 0 0 0 0 0 0 0 0 63 0 0 0 0 0 0 0 5 26 0 0 0 0 0 0 74 0 60 0 0 62 53 0 0 0 0 0 0 0 41 51 0 
0 84 0 0 84 0 0 27 0 0 0 0 0 83 0 0 0 64 0 0 0 0 0 79 0 0 33 0 66 0 86 0 0 0 0 0 0 0 56 0 0 0 5 0 0 0 0 0 0 0 
75 30 0 0 0 0 69 14 0 0 35 0 0 79 0 0 0 0 0 15 0 37 60 0 0 0 0 0 0 0 0 86 25 0 0 0 0 0 0 0 56 0 67 0 0 0 0 0 0 0 
2 0 0 0 0 36 0 66 0 0 18 0 54 9 0 0 0 0 0 44 0 86 0 0 0 0 0 19 0 0 0 0 0 21 26 47 0 0 0 84 0 88 0 0 11 0 0 0 0 0 
0 0 0 0 0 0 0 0 64 0 70 0 0 0 0 0 0 0 1 0 97 0 53 0 0 0 0 0 0 0 0 0 84 0 37 0 0 0 0 0 0 87 0 0 98 26 0 0 0 0 
40 90 1 5 0 0 0 0 0 0 0 0 0 16 0 8 0 0 0 0 16 0 0 0 0 0 0 0 0 0 0 0 0 2 42 0 0 29 6 0 0 0 0 0 0 0 0 0 98 0 
0 0 0 0 0 0 0 0 0 38 0 0 0 0 0 0 70 36 0 0 0 80 0 0 0 0 0 0 58 0 0 0 0 0 0 8 0 0 44 51 0 0 0 0 0 0 32 0 0 0 
0 52 90 0 95 0 0 0 0 0 0 0 0 0 0 0 0 0 0 0 0 0 0 83 0 0 0 56 0 31 0 0 0 0 0 0 0 0 0 0 72 58 0 36 0 0 91 0 13 0 
0 89 0 0 0 0 0 0 0 0 0 0 0 0 0 46 0 0 73 0 6 0 0 4 0 0 0 0 0 0 0 0 0 0 0 0 0 20 76 0 0 0 17 0 76 0 0 0 0 0 
0 0 0 0 0 0 41 0 47 80 0 0 91 33 0 0 0 0 0 0 0 0 7 0 18 0 0 0 0 0 0 0 0 72 0 1 0 0 0 0 0 0 0 0 0 0 0 57 0 61 
86 0 0 88 82 0 0 0 0 0 0 0 0 0 0 0 0 0 0 0 0 96 43 0 0 36 0 89 0 0 0 0 0 0 0 0 0 0 0 0 0 0 0 0 0 0 17 0 0 0 
15 0 0 79 0 0 0 0 45 52 0 0 0 0 0 81 0 0 0 0 79 0 0 66 57 0 0 0 0 0 0 25 0 0 0 0 0 0 0 81 0 70 0 0 0 5 0 0 0 0 
9 0 31 0 0 0 0 40 17 0 38 6 0 52 0 19 0 35 0 0 0 0 0 0 0 0 0 3 6 0 90 17 0 0 15 0 0 0 0 0 55 45 0 0 66 14 98 0 0 0 
0 0 27 0 0 0 87 0 0 35 0 0 32 0 0 11 79 88 0 0 0 0 0 0 0 86 38 47 0 0 66 90 53 0 0 85 0 0 0 0 0 73 0 0 0 0 0 0 0 0 
0 52 0 0 0 93 0 0 0 0 0 0 95 0 0 13 0 0 92 53 87 0 0 0 79 46 0 61 0 89 87 0 0 0 66 0 8 0 0 0 20 0 0 11 0 0 0 44 78 0 
0 0 80 0 0 0 27 6 6 0 0 66 99 0 0 0 0 75 0 0 0 0 0 0 0 0 0 0 0 0 0 0 28 92 0 0 16 12 0 0 0 64 0 0 0 0 0 0 60 28 
0 0 0 49 42 11 14 0 0 0 9 0 0 0 0 0 0 0 0 0 0 0 99 0 0 69 0 0 0 0 60 36 0 46 0 0 60 0 51 0 0 0 0 51 0 63 0 0 0 21 
0 0 0 40 0 0 0 0 0 0 0 0 0 0 0 0 0 0 0 0 0 0 0 37 0 0 3 0 0 74 0 19 0 0 96 0 0 0 0 0 0 55 0 0 0 0 0 0 38 0 
35 19 0 0 0 0 19 0 49 0 58 0 0 0 0 42 0 0 0 35 93 0 0 0 0 22 0 0 0 47 0 0 0 0 0 0 0 85 0 45 0 0 0 0 0 0 0 0 0 30 
0 17 0 0 34 0 0 0 0 0 0 21 0 0 37 46 0 29 0 70 63 0 0 10 0 0 0 0 77 0 0 0 0 0 43 59 0 0 99 0 0 68 0 49 9 40 0 0 0 59 
0 0 16 28 0 0 0 0 0 0 0 0 0 0 0 0 0 0 0 0 65 0 0 0 0 0 0 0 0 0 0 90 0 0 90 0 0 0 90 0 0 0 0 0 0 0 0 16 0 0 
0 0 0 92 0 22 0 0 58 0 0 0 0 19 0 0 0 0 35 0 45 0 0 66 72 0 0 0 0 0 27 0 0 0 0 0 0 0 46 61 0 0 0 0 0 23 0 61 92 0 
0 0 0 0 0 0 0 0 0 0 0 0 84 0 67 40 0 0 23 41 0 70 0 58 36 0 54 0 0 56 0 0 87 21 0 0 0 16 45 0 0 0 0 0 0 0 65 0 0 0 
0 0 0 0 82 39 0 0 53 0 0 0 9 68 54 0 0 0 0 86 0 0 0 35 0 57 88 0 0 0 0 31 0 0 0 0 0 0 0 0 0 0 0 16 0 0 0 0 57 67 
74 87 4 0 49 0 0 60 0 0 0 0 10 0 0 0 77 0 15 0 0 0 0 0 25 0 90 90 0 51 0 2 0 72 0 0 77 0 45 0 0 94 0 0 0 44 0 0 0 0 
0 0 0 0 0 0 0 0 39 0 0 0 59 35 0 0 0 30 0 0 0 0 0 0 0 0 0 0 0 0 0 0 33 25 0 0 0 0 0 55 0 0 0 19 0 14 0 0 0 0 
0 0 36 0 0 29 0 0 0 0 0 0 53 0 0 0 0 0 69 0 0 0 0 0 87 0 54 0 0 0 0 82 0 0 0 0 0 0 0 0 6 0 0 77 0 0 0 0 0 0 
