50
0 0 0 19 0 40 32 0 0 85 43 10 0 6 35 36 79 64 0 29 0 34 90 0 0 51 3 13 0 0 43 68 14 0 60 39 8 89 36 0 0 0 29 0 0 0 0 42 0 0 
70 0 80 33 81 0 99 34 0 0 76 3 0 45 0 0 0 0 40 0 32 0 92 59 52 0 0 44 15 0 0 0 74 16 36 0 65 0 0 0 0 60 0 0 0 94 0 0 0 39 
60 0 0 0 19 0 0 25 0 58 0 63 85 97 87 51 0 30 83 0 0 0 47 43 0 0 0 0 0 18 0 3 0 60 53 49 94 74 0 48 0 23 0 83 0 0 0 31 77 47 
0 0 61 0 0 0 0 74 90 0 0 0 0 11 1 11 97 14 8 0 26 0 0 91 0 94 0 14 79 0 0 0 0 0 0 0 88 0 3 0 0 0 51 51 65 0 0 0 0 0 
40 0 0 51 0 30 0 0 0 56 0 0 95 50 48 60 23 0 0 20 0 41 0 0 82 93 0 0 63 26 75 0 0 0 15 18 52 86 0 0 0 31 87 0 85 0 0 0 0 21 
0 71 64 47 0 0 16 15 33 31 0 19 26 67 31 17 84 0 83 76 0 0 59 61 0 0 43 0 0 23 0 0 20 46 4 32 0 63 2 0 0 0 0 7 0 7 91 0 72 0 
0 0 6 95 40 0 0 0 0 78 59 0 0 70 0 0 0 63 8 40 77 29 0 0 23 0 0 72 84 0 0 96 0 0 0 0 0 0 30 0 82 69 0 0 74 46 0 0 0 0 
13 0 0 0 29 0 50 0 0 83 68 0 48 0 0 0 81 0 31 0 0 0 89 0 0 19 27 69 0 0 0 0 0 0 16 0 0 0 83 0 0 42 0 0 0 0 0 0 8 70 
13 50 48 0 23 0 32 83 0 21 0 0 0 0 0 35 0 24 0 0 0 72 0 0 0 4 92 83 63 0 64 0 59 0 15 96 79 0 33 70 47 77 0 21 35 28 11 88 38 0 
0 95 0 98 0 0 0 0 0 0 16 78 41 25 1 0 63 0 59 70 0 0 0 0 0 39 26 0 0 0 37 0 14 0 0 32 10 96 0 0 0 0 0 81 0 0 61 0 0 44 
0 0 76 53 41 26 0 0 66 0 0 71 25 94 35 58 31 0 0 0 69 78 0 6 0 0 0 13 41 0 0 82 2 0 68 0 0 0 63 0 0 0 0 0 0 19 35 69 0 40 
0 0 0 59 7 0 43 83 44 0 0 0 0 0 64 65 47 89 92 36 10 40 41 0 0 47 28 80 0 0 0 24 98 0 0 0 0 0 95 95 0 10 0 20 25 60 20 0 10 0 
76 69 0 40 0 0 27 0 8 0 0 64 0 48 57 0 0 0 0 70 66 0 20 0 0 0 0 0 60 43 0 21 0 10 0 40 0 0 5 0 51 0 98 31 14 0 0 0 1 85 
0 0 0 0 0 0 0 58 50 0 0 46 0 0 73 0 0 48 46 0 0 0 60 0 75 0 89 0 23 0 70 23 0 30 0 0 58 0 18 94 0 58 0 47 0 0 85 0 0 72 
0 75 0 0 0 0 29 55 87 0 0 0 0 0 0 0 0 0 0 0 0 69 36 74 0 0 0 0 0 0 0 8 0 0 93 0 51 0 6 1 79 0 0 0 0 0 0 66 62 6 
0 4 0 0 0 0 46 56 0 28 0 0 53 48 24 0 0 80 97 0 0 0 0 77 0 54 0 25 0 18 0 0 91 78 0 25 0 0 6 99 42 5 56 0 0 0 0 40 18 0 
0 39 71 0 0 0 94 0 63 0 0 0 86 31 21 3 0 0 64 0 66 0 28 0 0 0 0 54 58 0 27 0 0 59 19 36 0 0 54 43 0 5 90 0 73 0 56 63 91 71 
0 94 0 0 6 98 0 4 0 71 47 0 18 0 94 0 65 0 67 0 99 0 0 0 0 0 70 0 87 8 18 0 0 0 74 0 59 0 0 80 64 0 0 0 54 46 0 0 0 21 
67 0 0 0 14 0 0 0 87 0 48 0 21 0 95 0 0 0 0 28 0 0 62 0 0 0 0 0 47 26 88 0 37 0 0 96 21 0 49 94 87 0 77 0 53 0 0 0 0 0 
0 13 91 4 0 0 0 16 66 0 66 0 0 12 45 23 73 24 0 0 0 0 0 52 0 68 99 93 0 86 0 0 0 0 0 34 0 0 0 0 0 64 0 85 25 0 70 11 0 49 
38 0 66 0 7 12 0 71 87 3 0 0 0 70 30 49 0 0 26 87 0 17 6 0 82 47 37 0 0 0 0 3 88 0 0 0 0 8 44 56 9 7 15 0 76 0 0 0 0 0 
0 61 31 39 0 93 0 88 0 44 0 0 86 88 0 67 5 83 21 88 0 0 99 0 0 37 0 44 0 42 20 0 0 70 0 0 0 0 46 0 0 2 0 0 0 15 0 97 0 60 
0 0 0 41 56 0 76 0 54 27 62 0 0 0 0 6 0 45 0 81 0 0 0 0 15 41 87 7 0 16 17 0 0 16 84 0 0 6 89 6 78 2 77 0 72 0 0 71 73 33 
27 0 0 0 84 0 55 69 78 60 0 99 57 68 0 0 62 63 74 0 26 96 37 0 30 0 0 0 68 0 0 71 0 97 34 17 0 0 0 0 0 19 0 78 71 42 0 78 76 38 
14 0 41 85 0 56 0 42 33 13 40 39 13 0 32 70 23 89 57 99 0 77 0 0 0 0 0 47 0 12 11 0 0 0 95 73 35 0 26 0 0 0 0 41 0 0 31 66 26 82 
0 98 77 0 0 89 90 0 0 0 35 0 96 27 17 0 86 38 62 0 0 0 0 50 2 0 0 75 48 62 66 11 12 85 0 55 31 15 11 0 0 0 37 0 0 74 4 0 85 24 
0 74 66 27 72 0 20 0 0 0 55 0 99 0 84 35 92 0 62 0 0 33 0 1 27 86 0 86 78 0 44 5 0 3 0 86 0 43 0 0 0 86 0 11 0 0 51 0 0 0 
0 0 10 0 3 69 0 0 0 46 0 0 57 75 6 0 0 50 45 0 71 0 0 96 0 0 0 0 92 0 0 0 0 0 0 0 0 0 26 0 0 30 43 0 25 65 0 20 0 0 
44 0 51 0 0 76 0 23 0 95 0 36 0 0 86 88 0 0 0 43 38 80 11 0 72 0 0 0 0 92 51 0 93 0 0 0 77 37 8 0 34 30 0 0 0 8 47 88 45 68 
21 9 0 16 0 0 94 98 98 12 62 85 0 38 18 0 49 0 0 0 48 0 0 87 0 0 1 45 0 0 11 0 86 36 0 0 0 41 0 0 0 0 0 15 0 59 58 0 0 0 
0 78 34 95 0 1 23 1 0 0 91 97 19 0 53 51 0 0 0 60 41 0 0 38 0 0 0 66 0 0 0 95 0 82 51 0 17 60 79 93 0 85 69 0 50 0 0 46 74 0 
0 42 0 80 29 88 0 20 3 76 0 0 0 0 0 32 59 52 97 61 0 35 75 0 1 0 0 42 79 48 0 0 69 0 0 85 84 0 0 56 7 14 12 0 58 19 98 0 0 2 
0 0 39 34 3 0 7 82 0 0 0 0 6 33 80 0 24 94 0 69 0 19 1 71 70 0 37 86 0 0 82 0 0 0 0 0 55 86 0 82 0 0 0 0 59 92 61 28 38 0 
63 0 0 37 33 0 31 20 80 62 82 69 0 0 19 0 0 79 67 96 6 0 0 0 29 0 0 49 69 0 0 85 55 0 66 56 15 0 0 0 99 89 0 65 18 0 0 31 82 1 
0 0 0 52 0 0 25 0 0 22 0 12 86 20 0 32 0 0 14 20 94 25 0 0 0 16 27 66 59 81 0 83 82 0 0 0 58 0 6 17 1 0 0 43 0 2 0 50 0 92 
0 59 0 60 0 0 31 50 0 0 63 89 0 62 99 0 0 3 0 0 43 30 19 0 0 0 0 17 47 31 59 0 29 0 26 0 0 0 65 0 78 0 19 21 0 0 76 0 0 0 
0 0 0 0 0 35 69 7 0 0 68 91 75 0 0 87 95 0 0 16 89 75 6 86 0 0 17 46 0 86 0 0 0 0 0 76 0 0 85 86 0 0 0 45 0 0 28 77 0 0 
0 91 0 93 0 0 63 97 34 0 79 38 86 38 80 31 44 36 97 32 0 46 0 2 3 0 0 68 0 0 0 8 0 4 80 70 68 0 49 0 75 90 8 25 59 0 91 0 0 43 
0 33 66 0 40 0 0 0 0 31 0 0 0 0 0 0 0 24 0 37 0 0 0 90 0 0 36 0 0 62 0 83 70 81 0 0 0 0 0 52 0 0 79 0 0 0 38 0 0 71 
81 52 0 71 61 30 4 80 0 44 54 0 75 0 0 0 0 0 0 12 0 43 0 47 40 99 44 45 37 59 0 0 0 62 0 73 0 24 0 0 0 0 0 23 6 0 0 98 89 30 
85 29 99 12 40 84 0 3 0 23 84 84 0 30 0 0 4 0 0 20 0 73 0 27 66 48 91 91 0 21 3 0 54 0 0 0 6 0 24 27 0 38 15 0 0 72 0 0 0 0 
74 0 0 68 0 71 0 0 0 29 20 0 17 0 77 0 0 40 26 0 0 0 0 0 5 46 0 0 0 29 0 0 11 0 53 49 49 0 2 46 0 0 0 0 0 0 0 92 0 0 
0 51 64 0 0 21 58 55 74 44 29 91 0 75 48 0 0 35 0 35 0 83 0 72 29 0 15 0 38 13 0 0 83 40 39 0 9 0 0 33 0 40 0 56 0 85 78 55 38 58 
60 95 0 0 24 0 81 18 0 0 48 0 0 0 70 42 44 56 85 0 59 41 98 0 0 7 0 72 55 0 41 33 50 0 0 0 0 0 22 0 19 96 0 0 0 0 33 0 0 61 
65 57 56 0 0 27 0 84 0 92 63 0 0 37 66 12 0 0 0 0 0 55 0 0 44 25 59 0 22 15 0 0 0 0 53 90 72 0 77 0 65 83 15 38 0 0 53 0 99 0 
67 0 99 75 61 0 0 64 0 30 0 0 64 57 93 32 84 0 41 81 7 0 50 0 62 0 29 0 0 0 29 0 0 56 0 29 1 43 39 22 0 4 0 25 68 0 0 22 84 0 
29 85 1 43 17 0 11 81 0 0 0 0 99 0 24 40 0 74 12 0 26 91 85 67 0 0 0 92 0 0 55 0 0 40 89 0 0 0 0 49 1 97 0 0 0 22 0 34 1 0 
0 18 0 17 6 80 55 63 0 61 0 80 89 94 0 0 0 98 55 0 92 0 0 0 0 5 22 0 0 29 0 3 0 0 0 51 0 67 67 0 87 0 0 17 58 0 0 0 57 22 
16 28 0 15 90 0 66 0 0 83 31 0 0 49 0 0 0 15 95 3 73 49 0 0 0 0 87 77 0 80 0 3 0 0 44 61 26 17 61 0 9 66 0 12 0 0 0 0 0 96 
14 0 0 39 0 84 66 0 78 0 0 10 0 0 0 83 0 0 43 0 15 0 0 0 0 0 91 16 0 50 41 0 65 0 0 98 71 0 0 0 35 89 0 0 68 38 57 0 0 0 
