50
0 83 77 3 0 0 62 85 31 0 75 0 60 0 39 0 0 0 0 0 62 0 0 0 0 0 0 0 0 0 1 1 0 80 0 0 22 0 0 28 0 0 20 0 0 55 0 50 0 72 
0 0 0 0 0 70 6 0 0 0 0 0 6 0 0 0 0 0 0 0 0 76 94 0 75 4 0 30 0 0 52 0 0 0 0 92 0 0 0 90 0 25 20 0 0 0 0 0 68 55 
0 0 0 59 0 0 0 0 0 0 0 74 48 0 57 0 37 34 0 0 0 0 66 0 0 0 0 57 0 0 0 0 88 0 0 0 94 0 0 0 0 0 0 0 0 20 94 0 0 0 
0 0 0 0 0 0 0 0 0 0 0 0 0 0 0 0 0 0 0 0 0 0 0 98 0 80 0 0 62 51 9 0 0 0 63 0 0 6 0 97 0 0 61 0 0 0 0 65 0 0 
66 37 0 0 0 60 96 91 0 13 0 0 0 0 0 87 0 0 0 0 0 0 0 56 0 0 0 0 0 72 0 0 0 0 0 0 0 4 0 0 0 37 0 0 67 0 27 0 0 0 
0 0 0 0 0 0 0 0 0 0 86 0 0 77 0 0 0 57 37 0 0 0 41 0 40 43 0 93 0 0 0 0 78 0 0 0 0 0 0 0 0 54 0 17 0 0 0 0 0 0 
0 0 0 75 0 0 0 0 0 62 24 0 0 0 0 0 27 0 0 0 0 0 0 0 0 0 0 0 26 0 0 0 0 0 0 84 0 0 0 38 72 0 0 0 51 0 95 0 25 4 
0 22 44 0 0 0 0 0 0 0 27 0 0 0 36 0 0 0 0 41 0 0 0 0 0 0 4 0 45 0 0 0 0 0 0 0 36 0 0 0 0 0 0 0 18 0 58 0 0 0 
0 41 0 0 0 0 0 0 0 53 0 0 0 0 0 28 18 0 0 26 0 0 0 28 13 0 0 0 0 0 0 33 0 0 0 60 0 66 0 0 0 0 0 36 0 0 0 0 0 0 
33 0 0 37 0 0 0 0 0 0 0 0 0 0 0 0 0 0 0 54 0 0 88 0 0 0 0 0 0 0 0 0 83 0 0 0 49 0 5 92 0 0 0 0 0 98 0 0 0 0 
0 0 0 0 0 0 0 0 61 0 0 12 0 0 0 0 0 0 0 0 0 0 0 0 0 83 0 0 0 0 46 0 0 0 0 0 55 0 0 0 11 41 0 0 0 0 0 48 2 0 
0 3 0 0 0 77 0 42 0 0 0 0 22 0 91 0 42 0 77 0 1 99 0 5 0 0 0 0 0 73 0 0 0 0 0 32 74 0 0 0 0 0 0 0 0 0 0 24 0 11 
0 0 0 0 68 71 0 10 0 20 0 0 0 94 0 0 0 0 52 0 0 0 38 0 0 67 0 51 0 0 31 82 0 0 0 0 0 0 71 0 0 0 0 0 78 0 0 0 0 27 
66 0 0 0 0 0 0 40 0 0 25 0 0 0 0 0 49 0 0 0 0 0 0 0 0 99 0 0 0 0 0 0 63 0 0 0 0 0 0 49 0 0 0 0 0 30 0 0 0 0 
0 0 0 36 19 1 0 0 43 0 0 0 25 38 0 77 49 27 0 0 0 7 88 14 0 0 1 0 40 29 0 0 0 0 28 0 0 0 0 0 0 82 0 0 0 80 50 0 0 89 
60 0 37 69 0 94 0 0 0 98 0 0 0 0 0 0 0 0 99 0 67 0 0 0 0 0 0 88 42 0 0 68 0 85 0 0 0 80 0 0 45 92 0 0 0 0 0 0 0 0 
84 47 0 1 38 32 0 0 0 48 0 0 0 0 0 11 0 0 0 83 0 71 0 0 0 0 0 41 33 0 37 0 66 0 0 0 0 0 0 16 28 0 0 58 0 0 43 4 70 0 
91 69 0 0 0 0 0 0 0 75 0 70 0 0 0 0 81 0 4 0 0 55 80 0 0 0 0 0 0 0 33 44 0 0 0 0 0 0 80 0 0 41 96 0 0 0 9 0 0 0 
0 0 0 0 0 0 0 0 0 0 0 0 0 0 0 0 75 0 0 0 0 96 9 0 0 0 26 0 0 0 0 0 0 0 0 0 0 0 0 0 0 0 0 0 61 0 0 0 0 0 
89 0 42 0 0 0 96 0 0 0 47 0 0 23 0 0 0 0 0 0 0 0 42 0 0 1 0 29 0 0 0 46 0 47 0 0 0 0 0 0 0 0 88 0 0 39 0 0 33 0 
0 0 0 0 0 0 65 50 0 98 0 0 0 32 0 0 66 19 0 45 0 0 0 49 11 0 0 0 17 0 69 0 0 83 12 0 0 0 0 0 0 0 0 0 0 0 0 0 0 0 
0 0 96 0 35 29 0 88 0 59 9 0 0 4 0 20 0 0 0 0 16 0 0 0 0 28 0 27 0 0 0 0 79 0 0 0 0 15 0 0 99 0 0 0 21 0 0 0 0 0 
0 0 0 0 0 0 5 95 7 0 0 65 0 0 0 0 65 0 0 0 0 0 0 0 0 0 0 0 0 0 49 0 0 52 0 0 0 0 0 0 0 62 0 0 98 75 0 0 0 0 
6 0 0 0 0 0 0 0 0 0 0 0 0 0 0 0 0 79 0 44 0 38 0 0 37 0 0 0 0 0 0 0 61 0 0 0 0 0 69 0 0 0 80 0 0 40 0 0 0 0 
0 0 23 0 0 0 0 30 0 0 0 26 18 0 0 61 0 51 0 0 0 0 67 0 0 0 0 0 0 0 12 0 0 16 86 0 0 0 0 39 0 0 0 0 0 0 0 61 0 0 
0 0 0 0 84 0 22 0 0 0 0 10 0 0 0 57 0 0 70 0 0 0 0 0 0 0 0 0 0 0 0 49 0 0 58 0 0 0 0 0 14 0 0 0 0 24 0 0 17 0 
0 0 0 0 0 0 0 0 0 0 41 0 0 0 0 0 0 0 0 61 0 41 0 0 0 0 0 0 11 25 52 0 36 0 0 0 0 20 0 0 0 0 0 74 0 0 0 84 46 0 
0 0 0 0 30 0 0 0 0 0 0 0 0 0 61 0 0 0 97 0 49 0 0 0 35 0 0 0 0 0 0 0 0 0 0 0 84 0 0 0 0 0 0 0 0 63 0 0 0 0 
3 0 86 0 0 91 0 0 0 0 89 0 0 0 0 0 0 0 0 0 0 0 10 0 0 0 0 0 0 0 0 0 0 0 12 77 0 0 0 0 0 0 25 84 0 0 0 0 0 0 
0 0 0 0 0 66 0 25 0 53 0 0 38 0 0 17 0 0 0 0 45 0 0 30 0 0 0 68 0 0 0 0 88 0 0 0 0 0 0 0 0 0 0 0 0 0 0 0 0 0 
0 0 20 0 0 57 0 0 53 0 0 0 0 82 0 0 0 0 0 14 0 75 0 0 0 0 0 74 66 29 0 0 0 0 11 0 0 26 0 0 0 76 0 0 0 72 0 49 0 31 
0 0 0 0 0 85 14 0 0 29 0 0 0 88 50 0 55 0 93 0 68 78 0 0 63 0 52 0 0 0 0 0 0 0 13 0 0 0 0 46 0 0 0 0 0 0 29 0 24 0 
39 0 0 97 0 0 95 0 67 0 0 0 43 0 0 0 0 0 0 0 0 0 0 0 26 0 0 0 67 0 0 0 0 99 0 0 86 0 0 0 0 97 0 0 0 0 0 0 0 69 
0 0 50 0 0 0 0 0 0 37 0 56 0 0 33 0 0 42 0 0 0 0 0 51 0 51 80 0 0 47 0 0 0 0 66 0 0 1 10 0 49 26 0 0 0 0 0 0 25 0 
0 71 0 0 0 60 0 0 0 0 71 0 0 0 0 0 0 0 42 18 0 0 0 63 0 0 0 0 0 0 0 0 0 0 0 0 0 89 0 0 0 0 0 0 12 0 23 0 0 33 
0 0 0 1 64 73 0 14 0 92 0 0 0 55 0 0 0 0 0 0 24 0 0 0 0 0 0 0 0 0 0 0 0 0 32 0 1 0 21 43 0 0 73 0 0 0 0 0 0 0 
0 0 0 0 0 15 71 0 0 0 0 0 0 0 0 38 12 0 0 0 0 0 34 0 93 0 76 0 0 0 0 0 0 67 0 0 0 0 0 0 0 0 0 85 0 0 23 54 48 0 
0 7 0 0 0 0 33 0 0 86 0 0 66 24 0 0 0 15 76 0 53 0 0 0 0 0 0 0 0 0 0 47 71 0 0 99 0 0 77 0 94 0 87 0 0 27 0 0 40 0 
0 0 0 32 63 90 0 23 0 0 37 0 0 0 36 0 0 0 0 0 47 58 0 0 0 3 0 74 0 87 21 71 0 0 0 0 0 0 0 10 99 0 0 0 0 82 0 0 0 0 
0 0 0 0 0 0 0 0 0 0 0 0 15 0 0 0 0 0 34 0 0 0 0 26 0 0 0 50 20 0 0 0 0 0 0 0 0 0 0 0 0 32 0 0 0 24 89 0 0 0 
0 0 0 16 0 2 0 68 0 0 0 0 0 0 0 0 0 0 70 0 0 0 0 0 0 0 0 0 0 63 8 0 5 0 0 48 0 0 0 78 0 7 0 0 0 12 16 0 0 0 
7 0 0 24 0 0 0 0 0 98 0 0 52 0 0 0 59 0 0 0 0 83 0 0 95 0 0 0 26 0 0 0 0 0 0 82 0 0 0 0 0 0 0 49 7 0 0 0 0 0 
0 0 30 0 0 0 0 0 56 12 0 0 0 47 13 64 54 0 0 0 0 0 57 0 0 0 0 37 0 0 0 42 0 0 0 0 0 0 0 0 0 0 0 97 25 0 0 0 34 96 
0 0 0 0 0 0 39 0 0 0 39 63 14 25 99 0 0 85 0 0 88 0 33 0 36 0 0 0 0 0 63 35 0 0 85 0 0 0 17 0 77 0 0 0 0 0 0 97 0 0 
94 0 0 32 0 0 0 0 86 0 0 0 0 28 0 0 0 0 0 6 0 0 0 54 0 0 0 7 61 0 0 51 0 0 0 0 37 0 46 0 71 0 0 0 0 93 0 89 26 0 
0 0 0 68 67 0 0 48 0 0 80 0 0 0 0 58 0 0 0 0 0 0 0 0 0 0 0 0 0 0 0 0 69 84 89 0 82 0 0 0 0 0 0 0 0 0 45 24 0 0 
0 0 0 80 0 0 0 0 62 65 0 39 60 74 0 82 0 0 25 76 0 0 0 0 0 0 0 65 0 39 0 0 0 87 0 0 0 0 0 0 0 0 76 0 0 0 0 1 0 0 
0 0 0 0 43 58 0 0 0 0 0 0 0 0 0 69 0 0 81 82 0 0 0 0 0 50 0 0 0 63 0 82 49 0 0 22 0 0 0 0 0 0 0 0 0 0 0 0 53 0 
0 0 0 0 89 0 0 38 0 0 0 0 0 0 42 79 0 0 44 0 0 0 0 0 7 0 0 0 0 0 0 0 0 0 0 0 0 0 93 0 43 81 0 0 0 0 89 0 0 32 
0 0 96 0 61 0 0 0 0 67 0 0 0 0 0 13 0 0 0 0 2 71 0 0 0 0 0 1 0 0 0 0 0 0 0 0 0 84 0 0 0 6 0 0 0 0 0 0 0 0 
