50
0 80 89 71 89 0 0 65 0 0 0 40 0 62 0 0 93 82 0 0 48 0 0 99 0 47 83 0 0 43 8 0 0 87 29 0 53 26 72 96 16 64 73 54 79 0 0 0 0 0 
0 0 0 33 0 7 0 0 9 0 18 0 29 97 0 22 0 0 0 0 0 17 87 0 0 0 0 27 64 50 0 69 74 3 0 0 96 0 29 87 0 0 0 0 0 42 0 0 32 85 
0 80 0 43 9 1 0 0 0 0 87 58 3 34 0 62 92 98 0 0 60 13 0 0 11 40 0 0 0 80 0 31 0 48 0 91 0 0 0 54 0 90 0 0 0 0 0 0 15 52 
0 0 0 0 94 36 0 0 59 37 1 53 0 82 71 0 0 7 49 96 78 10 32 0 80 18 0 4 0 0 0 0 0 0 0 37 79 62 50 57 20 47 95 81 0 0 0 0 0 0 
0 58 0 0 0 28 84 67 0 0 90 0 0 29 84 82 5 0 77 40 23 27 0 0 29 57 0 0 63 0 92 0 52 78 65 0 0 62 44 0 74 0 0 71 0 0 0 0 0 7 
88 0 0 0 0 0 0 79 0 63 38 0 27 0 48 0 13 68 52 2 78 62 0 25 0 2 0 0 0 60 0 25 96 71 56 0 40 0 37 0 0 0 0 0 41 61 31 4 77 11 
44 28 85 35 0 61 0 0 0 38 0 36 0 9 0 0 0 57 0 0 0 60 9 0 40 55 66 0 0 46 22 0 39 0 72 9 0 50 0 0 0 0 35 39 0 86 0 0 60 70 
0 13 4 29 0 0 50 0 0 72 0 0 0 0 0 40 96 42 18 0 64 0 0 88 0 0 44 22 58 0 0 0 0 0 23 0 0 6 95 93 9 0 0 0 59 69 22 0 0 10 
89 0 16 0 13 94 74 52 0 0 36 33 0 55 0 0 18 42 0 28 0 81 17 54 64 7 0 0 0 0 60 0 0 0 0 0 0 0 91 50 0 77 55 39 74 10 75 0 0 0 
46 90 71 0 60 0 0 0 10 0 0 98 96 20 0 0 98 0 31 0 0 94 0 0 0 0 56 0 9 0 0 41 0 0 25 0 41 7 0 0 0 16 0 0 23 0 69 0 0 0 
75 0 0 0 0 0 67 33 0 27 0 73 0 55 90 35 74 0 0 66 0 77 24 12 56 14 13 0 40 26 62 0 0 0 0 28 0 0 83 11 87 0 0 12 0 0 0 0 87 0 
0 3 0 0 69 77 0 35 0 0 0 0 0 77 59 0 0 67 99 21 77 95 15 82 12 6 0 55 0 88 0 0 0 0 16 0 0 78 0 0 0 0 0 67 0 0 0 69 74 17 
29 0 0 77 85 0 11 87 15 0 10 75 0 1 0 0 0 0 0 0 0 0 0 0 41 0 0 95 0 79 99 29 65 62 0 27 83 0 49 0 32 0 62 16 37 0 76 0 81 0 
0 0 0 0 0 40 0 7 0 0 0 0 0 0 50 25 34 83 16 0 0 0 39 32 19 98 0 76 63 0 79 76 0 54 0 0 6 0 88 0 90 29 67 46 96 27 31 33 38 0 
53 94 97 0 0 0 2 51 10 40 0 0 3 0 0 14 24 0 0 0 93 0 72 70 0 0 28 66 0 0 11 0 0 0 0 74 0 87 0 84 9 5 29 66 67 0 0 25 13 0 
10 0 0 49 0 84 45 0 71 17 0 76 89 0 0 0 30 0 46 93 62 89 0 0 0 86 28 38 0 0 0 78 35 0 53 0 0 0 0 46 0 79 0 11 0 65 45 0 0 0 
0 5 0 41 0 0 23 0 0 0 0 99 63 0 0 0 0 0 2 78 0 24 0 0 0 91 0 0 78 86 0 51 0 0 0 37 0 5 49 0 0 56 96 25 0 63 84 75 0 6 
0 77 0 0 75 0 0 0 0 6 70 0 17 0 67 83 70 0 47 0 93 95 0 0 0 0 16 0 0 16 17 86 0 10 0 0 53 0 66 0 35 20 0 70 68 69 0 87 58 58 
78 42 64 0 0 0 15 0 65 0 42 0 98 0 26 0 0 0 0 0 54 0 0 0 37 84 0 68 0 4 87 1 0 0 25 48 0 79 94 89 0 0 20 0 0 78 0 0 38 0 
85 64 28 0 0 0 60 65 0 94 0 0 44 4 88 0 0 8 84 0 88 67 0 0 73 0 43 0 4 0 0 85 0 66 0 0 79 26 46 10 59 0 29 68 33 0 28 0 42 0 
0 8 0 0 0 0 22 0 79 62 64 0 78 13 0 0 17 0 0 0 0 0 47 73 69 0 60 43 66 0 98 0 92 96 37 98 89 75 0 0 0 96 89 12 82 0 36 0 85 0 
53 0 0 0 0 0 0 22 0 0 0 0 33 4 11 0 0 0 26 0 98 0 0 0 59 51 0 0 0 0 0 61 0 7 58 0 0 37 0 0 0 5 94 34 0 0 0 0 0 0 
52 0 43 0 77 98 0 45 0 82 0 0 77 0 0 21 33 21 47 37 0 20 0 0 0 99 13 23 0 0 0 25 0 0 92 39 53 74 37 0 16 4 27 0 79 0 85 3 0 0 
0 85 60 26 3 0 85 0 0 96 0 0 54 0 0 99 70 68 55 12 0 46 57 0 36 6 0 50 0 48 28 43 22 0 83 0 51 0 61 63 64 14 23 5 0 0 23 31 0 97 
23 17 0 0 0 77 0 89 0 7 0 0 0 0 16 82 15 97 0 0 0 0 84 0 0 92 79 0 92 93 0 0 0 74 5 0 35 0 91 29 0 37 0 0 0 0 61 0 40 98 
0 75 0 0 0 0 0 61 0 44 0 0 44 0 45 0 0 65 0 57 6 0 0 0 0 0 45 58 0 12 2 64 67 0 85 0 0 0 62 0 29 0 85 19 96 22 0 0 51 11 
0 5 31 6 73 80 0 0 46 0 0 94 69 48 0 0 65 0 8 0 0 79 0 41 0 0 0 89 0 0 37 0 62 56 0 0 72 32 15 0 53 0 55 76 98 30 36 83 81 0 
88 0 87 0 91 86 96 0 91 65 85 0 0 0 0 0 3 48 0 34 0 64 0 0 92 0 0 0 63 5 0 0 0 0 34 0 16 16 82 28 68 2 81 0 0 20 0 0 0 0 
84 0 42 45 0 48 57 0 96 0 0 97 67 0 98 9 0 44 86 0 0 34 44 36 0 80 20 0 0 0 0 0 77 0 0 83 0 36 48 0 0 0 0 88 30 0 0 0 5 0 
0 0 0 41 56 0 0 9 81 70 0 0 0 49 14 69 0 0 0 30 63 72 74 0 0 0 43 0 61 0 56 61 4 16 65 85 55 66 53 0 0 27 0 0 0 47 0 95 0 0 
0 41 75 23 0 23 0 16 0 64 0 70 0 0 0 11 40 0 0 5 0 40 4 0 27 0 0 75 27 0 0 71 0 0 21 0 68 95 60 0 23 0 11 0 0 0 56 85 0 0 
78 0 0 75 66 0 54 37 92 0 50 41 0 0 58 0 0 0 0 0 60 0 0 0 87 0 39 55 2 0 0 0 97 37 0 0 0 0 8 0 51 0 63 0 0 88 39 0 91 66 
83 0 5 30 0 0 0 99 59 62 27 57 0 33 11 0 35 65 5 80 0 93 94 0 78 0 0 12 0 0 74 0 0 0 39 0 97 0 49 11 40 64 42 8 0 0 0 0 0 0 
0 0 0 24 0 0 8 34 9 5 5 81 0 0 61 7 13 0 6 0 0 0 67 17 0 39 0 68 91 0 13 0 90 0 0 0 0 0 0 90 19 0 0 0 28 0 75 0 0 0 
0 85 24 99 0 0 0 0 60 0 55 0 86 26 80 0 38 42 0 12 0 0 0 0 0 0 81 0 13 0 0 68 0 81 0 0 65 45 24 0 0 55 98 17 0 4 0 0 15 0 
16 94 0 0 75 39 0 34 53 25 0 37 0 2 0 76 0 65 0 77 0 6 0 40 13 92 39 59 0 0 50 24 57 58 6 0 0 40 0 21 61 0 0 0 84 45 87 0 0 2 
0 0 35 0 22 0 78 1 74 0 22 86 0 0 21 12 84 0 21 0 0 32 0 0 0 35 0 0 74 0 0 11 0 96 0 8 0 0 0 0 7 83 22 23 0 59 0 0 73 0 
0 50 49 0 0 17 0 0 64 0 27 0 94 61 0 65 0 31 0 0 0 0 0 1 37 69 0 0 0 0 0 72 13 57 0 0 90 0 0 0 11 96 0 90 98 0 0 0 0 0 
0 0 89 0 0 0 10 0 0 26 0 58 0 0 91 90 0 0 0 0 66 8 0 0 0 0 0 0 0 0 0 0 0 6 0 21 1 15 0 0 0 8 0 0 0 53 0 0 0 0 
0 0 0 0 27 7 49 0 0 2 0 53 6 91 0 0 13 69 0 0 96 29 30 0 0 3 32 0 2 50 39 12 0 0 56 0 42 61 88 0 36 33 81 0 0 0 0 59 0 64 
0 6 10 0 0 96 15 0 36 99 0 24 0 0 0 81 82 0 60 0 28 57 0 0 46 0 0 0 59 18 0 0 0 0 50 0 0 0 79 0 0 0 58 0 2 26 0 90 64 0 
0 13 0 0 67 49 5 70 0 0 82 86 48 0 0 0 0 0 73 52 0 0 0 0 0 72 9 0 27 0 79 97 0 59 0 68 0 0 0 0 71 0 1 0 7 0 0 0 31 28 
0 46 80 0 50 28 0 53 0 92 7 29 0 0 0 99 0 34 0 0 0 0 0 0 66 0 0 0 25 88 0 0 0 58 0 99 0 27 32 0 0 0 0 0 61 80 1 30 0 0 
0 52 83 0 0 81 0 17 0 86 0 0 0 0 0 0 0 0 6 0 0 0 87 0 4 0 0 66 0 51 35 81 0 11 0 43 0 0 46 12 15 74 45 0 0 91 0 88 0 22 
0 57 55 80 98 0 3 0 0 0 57 6 0 0 0 47 96 0 7 0 0 19 0 69 23 0 0 79 0 46 65 54 59 0 35 0 66 0 15 67 0 0 0 60 0 0 0 0 70 0 
49 0 65 74 26 0 0 0 0 73 52 37 99 0 4 0 0 0 0 8 42 17 10 16 89 0 0 0 55 0 23 0 57 52 0 0 0 72 0 75 0 39 0 0 78 0 0 0 5 0 
25 49 48 21 20 0 89 0 0 0 63 30 0 0 1 0 0 81 1 0 0 78 0 0 0 46 0 73 24 11 0 0 10 0 84 0 11 96 30 15 88 40 0 65 13 65 0 0 0 0 
6 44 93 98 36 0 25 7 8 98 38 0 56 0 0 13 0 0 37 35 18 31 0 0 59 30 0 32 55 0 0 22 3 79 99 93 50 10 19 0 0 19 0 0 52 34 73 0 0 36 
40 0 0 35 16 0 0 38 30 3 0 0 0 0 0 77 28 0 0 0 0 4 46 64 0 0 0 7 0 42 98 0 5 25 0 7 0 37 86 15 0 0 65 26 0 0 83 85 0 0 
88 0 0 76 0 0 0 0 11 21 25 0 96 94 95 66 0 0 44 87 46 79 49 0 0 0 42 23 9 67 97 0 4 86 81 0 86 85 96 0 66 0 67 0 25 21 5 0 11 0 
