50
0 0 0 82 13 25 0 0 5 0 0 60 0 99 69 8 83 76 0 7 83 0 47 0 87 86 0 0 21 45 17 0 40 0 0 0 31 16 0 44 66 0 30 73 60 72 0 5 0 26 
49 0 99 15 0 0 0 51 14 40 0 0 0 13 0 0 46 0 24 78 0 41 0 53 19 99 99 0 0 0 0 16 0 0 74 0 0 0 20 0 0 0 0 42 0 0 69 32 0 42 
78 0 0 0 0 11 81 13 39 0 74 98 0 0 95 0 0 0 0 0 70 0 0 0 63 0 0 93 0 57 97 0 0 80 0 12 87 41 94 0 0 0 14 0 61 0 0 0 29 94 
0 0 94 0 4 0 87 0 20 6 0 16 62 89 0 75 74 0 0 85 0 0 0 17 46 78 0 0 8 0 0 52 0 0 0 68 0 28 15 0 0 0 99 74 8 3 0 10 0 33 
0 20 37 0 0 94 11 43 85 0 0 0 0 0 42 27 0 0 0 0 0 0 48 5 0 49 31 48 0 0 0 22 89 0 97 70 47 99 55 66 38 50 53 0 0 0 96 54 0 0 
0 38 0 86 0 0 43 0 14 73 9 0 68 0 54 0 0 32 0 37 0 79 65 27 0 38 86 11 0 0 85 73 0 0 0 0 92 0 0 15 0 0 8 9 0 53 0 16 26 44 
90 27 0 0 0 0 0 0 0 21 75 0 0 32 0 0 74 72 0 18 86 0 0 0 0 0 0 0 0 27 0 8 0 54 51 0 91 40 8 0 0 0 0 62 13 0 70 0 15 36 
31 0 0 14 0 36 2 0 22 0 0 5 84 0 57 46 0 0 18 0 0 44 95 0 0 98 42 99 0 0 29 61 61 3 27 0 0 24 15 80 49 69 21 0 53 0 29 75 62 51 
0 0 0 0 0 0 5 0 0 0 81 49 0 0 63 0 0 28 21 11 15 0 0 16 25 14 31 4 0 0 0 98 49 82 0 0 28 0 16 0 0 0 0 0 86 0 11 80 0 0 
47 0 59 0 97 0 0 58 49 0 40 0 55 0 2 96 0 15 31 28 70 0 35 49 2 0 0 79 49 67 98 0 0 91 12 30 0 29 83 0 0 84 0 0 88 50 30 76 57 0 
41 92 0 24 23 0 0 18 0 0 0 0 0 61 0 60 69 98 26 25 0 89 0 0 0 14 0 0 13 58 24 0 0 0 0 22 0 90 0 0 0 0 0 0 0 66 0 2 0 23 
0 43 0 0 8 46 41 0 0 92 95 0 98 16 16 0 0 6 91 91 0 0 0 51 20 73 0 97 43 22 0 0 25 38 0 0 85 0 0 33 62 0 61 0 0 0 36 0 85 0 
9 46 79 0 9 0 85 0 58 0 47 0 0 33 0 0 6 0 95 0 0 0 22 0 0 0 0 0 0 41 0 71 33 91 0 16 63 0 0 0 0 92 0 0 0 61 38 55 0 95 
0 0 33 0 44 57 0 1 72 64 0 0 0 0 50 12 34 0 73 78 77 0 1 29 35 0 25 87 11 55 0 90 98 0 18 0 0 0 0 62 0 0 26 82 0 11 76 0 14 52 
0 29 0 3 0 0 25 0 0 0 97 0 31 0 0 64 0 4 0 0 6 0 52 64 35 97 13 67 0 0 0 78 98 91 0 0 0 17 60 0 21 57 0 0 95 0 57 0 6 0 
0 31 12 0 0 98 52 0 11 0 0 35 2 0 0 0 19 0 2 0 0 0 99 0 32 45 0 72 39 21 55 85 0 95 43 59 46 0 0 0 0 22 32 0 39 0 0 92 17 69 
0 0 55 0 65 58 0 93 96 94 0 26 0 0 34 0 0 50 3 0 0 0 0 35 5 0 0 0 0 87 0 19 42 0 33 0 0 0 0 58 0 88 98 87 0 0 2 0 68 96 
0 55 95 54 10 0 0 92 0 0 0 0 68 28 0 4 0 0 43 0 43 0 0 82 29 73 49 0 0 0 81 0 67 52 0 59 0 51 94 68 0 0 0 0 97 0 68 0 0 11 
96 0 79 93 27 66 65 0 0 0 0 0 0 0 81 0 0 0 0 48 6 4 32 0 45 96 12 0 85 66 42 0 30 0 12 27 0 0 0 0 4 18 0 0 36 38 0 0 68 42 
0 0 73 0 95 0 0 92 0 0 0 0 27 0 4 23 94 5 0 0 43 15 26 0 99 11 67 0 0 0 44 0 0 23 84 0 0 0 0 0 79 45 0 0 0 0 84 14 0 0 
0 41 0 92 34 64 0 15 0 0 45 37 68 0 0 49 93 0 0 0 0 11 0 0 0 72 0 80 52 0 0 0 0 0 0 49 0 31 87 8 0 0 43 0 0 0 37 79 0 33 
6 0 77 78 51 0 94 0 97 63 0 84 89 26 34 37 71 93 0 0 0 0 70 0 52 44 38 87 0 19 91 68 0 0 0 20 0 0 2 0 7 0 0 0 0 34 0 51 0 0 
0 34 15 37 0 0 86 0 34 0 23 35 0 0 0 0 64 65 0 0 56 0 0 0 0 0 0 0 0 0 7 54 66 99 0 98 31 0 79 5 0 0 0 0 31 0 0 81 68 90 
4 0 71 0 0 0 62 49 0 0 15 0 80 0 0 36 0 0 68 89 9 48 56 0 0 0 28 0 0 30 0 0 98 0 0 0 0 0 0 40 0 0 0 24 0 0 0 0 0 0 
0 0 0 0 5 5 84 37 0 0 6 0 71 0 0 0 0 0 0 0 88 0 6 8 0 84 0 43 87 29 28 53 0 4 13 0 0 0 62 0 52 9 0 81 0 86 0 70 24 0 
0 0 62 0 0 0 20 0 0 36 0 0 12 85 0 0 15 0 0 0 0 0 16 91 0 0 0 46 63 54 64 0 0 61 0 0 0 22 0 45 0 62 67 45 0 0 0 0 0 0 
50 0 56 72 0 0 91 0 0 24 57 13 37 0 0 92 30 0 0 0 33 0 66 0 43 40 0 0 0 13 28 4 0 9 16 0 79 0 84 0 0 0 0 0 0 41 0 33 0 0 
95 53 0 79 0 0 86 0 0 0 67 0 88 0 0 0 18 62 75 66 0 0 21 56 0 0 89 0 0 50 0 0 1 0 0 65 31 0 68 18 14 72 0 81 72 67 0 0 0 0 
0 33 6 0 21 15 68 35 21 0 0 0 29 0 17 0 19 11 0 34 0 46 60 48 0 0 18 93 0 0 66 0 0 30 0 86 0 0 75 0 39 0 82 0 98 0 11 57 54 27 
0 31 0 52 78 33 0 33 74 0 0 0 0 0 91 0 0 16 0 55 13 0 60 0 0 0 0 0 30 0 2 0 0 0 0 76 0 51 29 48 77 91 4 51 0 86 44 0 25 0 
0 68 0 6 60 0 44 0 52 0 0 26 59 32 41 0 81 0 0 0 42 0 0 24 0 0 0 48 0 0 0 7 94 0 0 79 0 62 42 0 79 78 0 87 0 70 62 0 87 43 
44 0 71 0 0 0 0 0 0 79 67 74 0 0 0 0 0 64 71 26 46 0 0 45 0 79 0 17 63 45 0 0 0 22 0 0 0 9 73 18 21 0 28 0 75 58 0 0 0 94 
0 33 21 96 0 60 75 0 0 23 35 0 0 0 0 74 0 0 0 57 13 33 0 0 18 49 80 0 63 86 0 21 0 42 42 0 0 7 0 91 0 74 10 0 0 52 0 0 52 0 
43 49 0 26 21 71 0 0 0 0 27 0 0 77 0 0 27 0 45 0 25 13 0 96 0 0 0 71 0 86 72 0 0 0 0 23 3 0 14 0 61 0 0 60 0 0 13 0 0 20 
25 0 72 59 0 62 0 0 24 0 91 21 88 0 1 0 0 26 0 0 10 17 64 56 0 5 0 57 64 38 23 32 0 9 0 0 0 76 18 0 0 22 0 21 0 0 0 89 0 70 
72 47 0 0 0 23 97 9 61 0 0 84 0 93 84 0 9 0 0 95 0 0 0 27 11 81 17 0 0 0 0 57 96 0 31 0 0 0 16 20 0 80 55 74 6 0 0 1 0 0 
0 59 0 31 0 0 0 11 0 95 45 0 0 52 11 0 3 84 97 69 69 61 0 81 83 78 0 0 75 48 81 73 54 0 29 48 0 0 53 13 0 0 24 99 69 0 0 0 66 0 
0 45 0 0 0 28 0 0 75 0 0 97 59 92 0 40 44 0 16 51 0 13 96 31 56 0 89 98 92 0 0 0 0 63 0 88 51 0 13 0 16 46 67 75 14 0 88 91 0 86 
54 0 0 0 0 65 0 0 0 0 70 47 49 54 0 8 2 0 66 55 0 0 0 13 0 58 0 0 0 0 0 0 19 0 0 0 0 0 0 61 0 0 51 0 91 0 79 0 0 4 
0 98 1 97 0 0 12 0 50 55 5 0 63 0 51 39 0 0 33 4 0 13 0 0 63 0 66 0 40 0 93 0 0 4 52 0 0 86 0 0 58 0 0 44 0 0 58 0 58 0 
0 61 42 51 0 73 61 0 10 46 55 0 58 16 0 34 98 8 0 0 3 0 38 72 0 97 62 0 0 0 0 0 42 0 37 60 14 0 90 0 0 0 4 0 0 88 0 55 86 0 
23 41 31 28 0 77 90 0 59 0 71 62 0 89 0 0 0 33 0 0 50 61 84 38 0 0 36 0 57 0 0 88 0 55 0 0 11 0 44 28 16 0 0 67 0 0 44 88 0 0 
0 78 0 0 0 0 48 0 75 15 32 0 88 0 18 0 0 38 90 84 0 67 10 31 25 0 36 50 0 0 71 0 0 91 55 0 0 0 0 46 0 40 0 0 0 0 0 35 0 62 
0 0 12 0 76 0 0 40 87 18 21 27 3 0 61 22 0 47 96 5 56 59 77 0 0 0 51 0 58 0 0 2 28 0 0 0 0 0 61 0 91 0 55 0 70 0 0 0 20 52 
0 10 0 0 97 87 0 0 0 0 95 33 32 80 0 0 13 0 0 53 92 23 0 2 27 35 86 0 0 9 25 0 75 56 2 0 0 0 0 98 29 70 63 0 0 0 0 0 0 0 
0 40 34 0 64 0 88 20 54 0 0 66 0 0 22 94 51 50 0 1 77 0 86 75 0 26 0 0 50 0 0 0 0 23 71 16 79 88 33 65 0 13 50 41 44 0 0 32 0 0 
96 0 38 96 0 89 0 0 0 0 73 0 0 0 0 90 0 0 52 0 0 35 36 35 26 81 24 27 0 0 0 76 64 0 11 70 93 0 0 0 50 0 76 23 47 41 0 4 22 49 
0 0 71 0 0 0 2 0 0 0 0 61 0 73 99 0 5 59 24 0 0 0 0 21 0 8 0 76 0 93 29 97 33 25 0 0 5 0 8 97 0 0 0 4 39 0 0 0 60 0 
35 25 0 58 19 0 0 0 55 0 73 0 23 0 0 0 0 32 0 9 10 47 0 80 0 88 46 64 0 0 0 40 0 13 14 42 0 72 56 0 0 22 39 0 90 61 0 0 0 21 
0 0 0 0 45 0 0 0 65 87 0 23 0 0 86 0 0 0 0 96 0 93 0 21 70 46 95 68 0 20 0 0 6 0 0 69 88 0 0 42 14 56 0 0 26 71 0 79 0 0 
