50
0 85 0 0 60 0 7 99 24 44 0 13 20 0 0 25 95 8 64 18 0 79 0 0 0 37 0 0 35 8 22 21 0 0 97 0 0 8 0 0 0 0 10 90 0 0 0 80 0 0 
0 0 0 94 70 65 92 43 0 66 6 86 28 34 0 0 0 9 0 0 99 0 0 0 0 8 91 0 0 0 0 45 4 90 0 63 30 0 0 2 0 49 0 93 22 0 57 86 17 0 
7 30 0 96 0 0 0 30 0 0 0 0 0 60 0 0 0 0 77 83 87 0 39 43 90 0 18 0 0 24 69 0 0 78 63 0 0 53 77 71 0 83 0 38 0 0 0 73 76 0 
94 0 0 0 49 0 0 84 0 67 0 74 42 68 0 31 57 0 0 11 63 0 0 59 40 0 15 60 0 0 54 0 96 0 52 9 82 19 3 49 0 0 0 0 70 0 45 84 0 0 
0 0 43 0 0 0 0 0 71 19 74 0 0 17 33 0 89 0 41 0 25 0 0 0 87 0 0 0 0 0 2 0 0 43 0 3 90 0 80 45 0 94 0 98 14 18 60 0 0 0 
41 0 39 14 55 0 72 17 33 85 47 1 0 0 41 0 96 0 0 41 0 79 23 63 23 0 78 0 0 76 92 52 26 56 0 19 7 0 0 20 0 0 0 94 26 19 78 96 31 0 
0 0 5 17 49 0 0 0 0 0 0 91 0 89 56 9 52 0 34 50 0 92 73 0 33 47 0 52 0 65 0 15 0 0 0 74 99 88 0 0 0 86 0 9 78 0 0 90 0 18 
0 0 0 0 49 0 29 0 94 96 0 0 70 0 30 0 0 66 0 0 2 32 0 0 0 5 0 69 89 0 0 97 0 0 98 52 0 0 0 0 94 88 0 63 11 0 0 0 9 66 
0 85 70 11 0 0 33 0 0 97 0 2 58 0 0 53 24 0 0 0 0 98 0 49 0 0 0 0 0 68 15 0 0 0 86 57 0 78 0 0 0 0 0 38 41 0 0 0 24 32 
0 0 58 0 0 0 57 0 0 0 0 55 0 55 0 71 43 89 5 0 29 16 0 5 0 48 75 92 53 71 93 98 0 0 0 0 0 87 0 0 92 72 66 0 0 0 12 0 0 15 
85 0 60 75 0 0 14 91 10 44 0 0 0 53 0 0 69 66 0 0 19 60 59 33 29 87 37 0 0 0 0 0 0 0 49 88 76 38 0 0 0 64 43 0 0 0 35 0 37 0 
0 0 81 0 44 0 0 70 0 0 92 0 11 34 0 40 0 46 32 0 43 9 0 39 92 56 0 0 0 13 75 15 35 0 0 11 0 6 35 0 22 45 0 84 0 93 0 23 59 69 
0 0 41 0 17 85 17 0 0 1 86 0 0 15 84 0 86 93 0 0 0 0 0 0 90 34 41 54 66 0 91 0 0 39 0 0 1 36 56 88 90 65 0 26 24 8 0 9 0 19 
9 0 0 0 0 65 0 10 48 0 0 0 0 0 63 66 77 3 73 0 0 0 57 64 60 0 31 0 0 0 89 0 62 53 0 36 0 73 0 0 0 0 31 3 0 0 0 80 37 12 
56 66 89 16 0 0 0 0 53 80 80 46 0 0 0 77 38 0 58 0 14 8 0 1 64 0 0 30 37 0 87 0 0 0 88 60 12 76 29 45 0 0 0 13 0 38 0 78 26 85 
0 73 38 0 87 60 0 54 0 0 99 0 8 0 0 0 31 0 0 0 52 0 81 10 0 90 23 30 45 0 65 0 0 0 0 0 0 70 0 0 0 0 7 0 22 95 0 0 0 0 
0 57 97 0 0 0 0 92 0 0 0 51 0 0 0 0 0 76 0 63 0 49 23 0 0 57 0 0 0 0 0 9 0 0 39 0 0 0 0 0 53 82 49 21 0 0 39 0 0 60 
0 0 15 18 10 89 24 0 61 0 0 0 0 0 51 14 0 0 38 1 0 0 18 0 73 0 31 0 0 26 79 49 96 50 0 26 48 59 89 10 0 17 24 45 13 25 84 0 32 95 
0 60 0 82 0 18 0 50 17 0 61 0 27 0 0 69 22 0 0 5 0 88 70 0 33 0 0 74 0 39 94 82 52 92 0 45 0 26 0 0 71 0 45 63 0 25 0 0 0 0 
0 49 0 0 54 0 0 97 18 24 12 76 83 83 87 55 0 0 0 0 0 58 32 7 0 0 0 0 13 0 0 0 53 0 53 0 16 0 0 0 73 0 81 29 0 89 0 69 0 0 
2 0 0 0 0 57 74 0 98 0 0 0 26 81 0 0 71 80 18 90 0 0 99 62 58 84 0 4 59 0 0 0 19 71 36 0 33 0 49 62 26 70 42 18 25 27 88 34 97 12 
0 18 59 53 42 0 0 0 0 0 0 0 53 61 0 92 0 2 0 0 45 0 0 3 6 0 5 0 0 0 0 0 0 87 0 0 0 24 0 39 40 6 93 74 0 0 0 12 60 0 
69 75 0 91 92 0 0 68 72 58 0 64 48 0 61 0 0 0 0 0 0 80 0 63 0 4 67 79 61 69 0 73 15 78 76 71 0 0 5 96 0 74 98 88 31 87 0 28 45 0 
6 38 0 0 6 0 95 18 0 0 0 0 63 0 0 0 7 48 22 0 0 0 0 0 0 64 58 0 79 0 52 91 0 0 0 16 89 0 41 69 0 22 1 0 0 80 0 0 0 0 
45 31 0 0 0 0 0 32 9 45 0 0 0 0 0 9 9 0 0 68 0 0 45 63 0 63 0 99 60 87 0 60 74 0 9 0 0 0 0 0 93 0 0 0 99 0 4 63 0 50 
0 0 25 15 23 90 0 0 80 0 0 0 0 26 9 0 0 28 50 27 0 14 0 0 0 0 36 0 0 85 0 0 0 0 26 0 0 45 76 34 0 96 0 0 0 0 0 0 7 36 
25 0 0 0 72 0 68 41 80 0 0 42 0 0 28 0 18 0 94 49 88 0 0 0 58 0 0 22 7 0 0 11 0 0 28 63 7 0 0 0 0 0 0 17 20 0 78 0 7 3 
77 23 71 0 4 40 0 0 76 0 6 11 0 8 0 0 67 29 0 26 0 72 0 22 0 30 0 0 0 0 0 0 3 54 0 18 0 14 62 47 0 0 9 2 1 37 32 45 0 0 
0 73 46 10 21 59 93 0 58 0 70 20 0 51 0 0 27 22 57 0 0 84 0 0 0 92 0 68 0 0 0 64 0 68 74 0 0 18 0 0 0 20 0 0 83 0 0 88 0 0 
0 91 0 87 62 0 0 62 0 0 63 0 79 1 56 40 88 0 0 34 2 17 0 4 0 0 33 36 39 0 0 0 0 58 8 0 53 0 27 0 57 0 0 0 78 0 0 82 0 0 
0 93 0 0 0 0 97 15 0 0 50 0 0 0 0 0 7 0 0 27 41 42 38 0 42 87 34 10 36 93 0 99 26 0 0 0 9 77 87 23 0 29 0 0 0 4 0 0 0 0 
0 0 17 38 70 0 0 0 83 0 97 0 2 57 37 89 0 0 0 94 64 10 0 0 0 98 0 54 0 81 0 0 0 22 0 0 24 90 0 4 0 16 0 37 0 0 81 0 0 42 
57 0 70 0 69 0 51 57 18 91 55 0 56 0 40 12 94 0 0 0 0 43 0 87 0 92 74 0 2 82 0 36 0 0 64 45 0 63 0 0 0 21 97 0 0 45 0 0 0 0 
57 0 0 96 0 0 81 16 33 86 91 14 0 0 90 26 50 0 0 65 0 0 0 44 9 10 68 0 0 0 19 0 81 0 0 0 0 0 76 5 42 49 50 65 0 8 0 0 32 69 
0 5 0 0 66 1 26 0 0 12 0 41 54 61 0 48 0 48 81 0 0 27 0 40 0 0 0 12 0 0 33 70 0 13 0 0 0 23 0 0 35 94 39 88 17 0 0 73 0 1 
87 0 27 0 0 0 0 0 0 8 0 0 34 0 0 53 18 0 0 97 20 7 0 0 65 3 0 0 47 37 7 87 0 55 14 0 76 0 0 0 0 0 0 15 17 55 0 12 81 0 
31 0 19 0 0 0 0 49 38 7 0 73 0 14 0 88 24 0 58 0 0 80 76 0 90 64 0 81 87 0 0 0 69 69 82 0 0 95 88 8 0 0 54 30 93 0 0 0 0 86 
0 28 0 0 51 40 0 79 0 0 0 0 0 0 0 0 79 0 0 4 96 0 49 52 5 0 70 0 0 5 0 0 0 3 0 92 0 0 0 0 92 3 50 0 18 71 0 48 83 53 
30 28 0 0 0 75 7 79 51 36 35 0 0 46 0 44 65 0 19 84 0 56 0 0 24 0 13 0 30 0 0 36 34 0 49 52 0 62 0 0 40 0 47 0 96 0 0 0 11 50 
61 0 0 0 0 0 7 73 53 99 59 23 0 70 0 67 75 0 65 98 0 0 0 0 1 0 13 0 66 25 0 0 5 0 44 2 0 64 45 0 0 47 0 35 47 34 0 25 32 23 
88 81 52 15 81 26 88 0 64 0 8 0 0 88 79 38 0 74 0 0 0 0 65 21 0 58 84 64 81 0 74 31 58 0 0 53 94 0 0 37 0 14 0 0 69 0 0 27 1 0 
30 0 0 13 0 97 0 0 17 0 0 0 0 69 32 65 0 0 93 71 0 0 0 0 11 0 77 24 0 51 0 0 0 0 0 57 47 0 71 0 0 0 44 91 86 0 95 0 0 0 
0 37 45 34 76 25 76 61 12 0 0 19 66 0 51 0 0 0 0 0 0 0 0 0 38 83 92 0 28 29 82 86 0 0 0 90 0 0 0 22 25 0 0 0 0 0 0 0 92 40 
0 0 0 94 0 0 0 0 0 9 65 0 0 0 0 85 0 0 0 0 0 0 0 83 41 95 0 0 9 41 60 0 99 0 0 0 0 8 36 0 38 0 17 0 0 0 95 0 0 0 
96 0 25 0 0 0 0 0 0 84 42 22 0 48 35 0 75 0 40 13 0 5 0 16 0 64 0 0 0 0 54 45 97 51 0 0 0 0 0 0 0 0 29 44 0 25 67 0 0 0 
14 2 32 34 0 0 36 30 75 69 44 0 0 70 0 0 57 0 0 0 0 48 0 0 33 76 89 0 2 85 0 41 0 0 8 0 73 0 90 0 68 88 93 91 0 0 66 0 0 6 
97 0 33 0 0 0 70 9 97 0 0 37 34 51 66 84 0 0 72 77 0 19 62 62 0 50 0 0 34 73 57 0 86 34 53 75 83 74 2 70 13 0 1 0 0 0 0 6 0 0 
0 0 0 0 38 0 0 20 60 16 21 0 0 0 0 95 43 55 73 0 0 0 0 63 0 58 10 0 0 0 72 22 33 51 0 0 46 0 27 0 0 56 2 41 99 14 0 0 0 94 
58 0 0 12 48 0 61 0 0 62 0 0 95 0 0 31 53 0 6 73 0 0 0 99 61 0 0 56 79 9 25 63 58 0 53 0 13 0 0 0 0 4 0 65 15 97 9 78 0 44 
90 54 12 84 27 4 0 0 0 0 89 0 0 0 0 30 0 0 63 74 0 75 58 2 0 0 0 99 4 83 23 0 79 0 0 68 0 0 0 0 30 49 0 26 29 0 65 0 0 0 
