50
0 0 6 0 70 0 0 0 0 0 0 5 89 61 41 61 45 0 29 80 0 0 0 0 0 0 83 94 0 0 87 0 0 0 0 78 0 0 37 34 0 11 70 0 53 0 33 33 96 0 
28 0 0 66 0 0 0 61 34 0 58 0 0 0 68 0 0 55 2 3 0 0 33 0 0 0 0 5 0 38 75 0 80 0 63 4 0 0 37 47 25 29 71 0 56 92 79 98 48 70 
0 93 0 72 0 31 0 73 46 0 16 0 33 70 0 92 0 0 0 43 0 0 0 93 26 0 97 0 0 0 21 24 75 4 0 0 31 26 0 53 0 81 0 6 57 0 10 0 30 39 
30 0 0 0 21 80 0 68 51 38 0 77 91 57 0 0 78 0 0 0 0 0 83 19 32 0 0 42 0 98 0 90 0 94 59 0 0 42 17 99 0 0 57 54 95 0 0 0 0 0 
0 49 76 0 0 0 31 75 0 30 0 0 0 0 0 0 0 0 0 22 0 41 0 64 75 33 0 0 8 30 0 0 65 0 37 0 61 75 0 0 0 74 0 0 0 0 0 26 0 0 
80 30 0 0 79 0 0 0 0 8 44 49 0 0 0 59 0 0 12 9 0 74 0 39 92 0 0 0 0 8 7 0 0 9 14 0 0 33 44 82 0 44 0 0 15 0 0 0 0 0 
80 72 28 37 0 3 0 9 0 39 84 10 0 61 0 47 7 38 28 0 70 35 46 0 11 27 20 0 52 28 0 38 70 58 68 0 0 82 0 88 0 30 0 0 92 42 87 0 58 57 
68 0 0 0 0 57 0 0 50 0 34 0 94 14 7 0 49 0 57 7 0 0 0 5 35 70 87 0 60 0 0 21 0 0 84 0 22 57 11 0 0 95 0 0 87 0 0 0 72 0 
74 0 0 0 57 69 70 0 0 18 63 0 64 1 0 0 0 0 0 14 0 71 28 17 4 0 0 0 0 3 0 6 15 0 0 0 89 51 5 0 52 0 0 71 0 0 0 0 24 0 
23 97 68 0 0 0 0 85 0 0 12 0 0 12 50 31 0 0 42 0 68 47 78 29 0 0 0 0 0 31 2 42 0 27 38 14 68 21 97 18 94 0 26 0 13 0 62 60 0 0 
40 0 0 18 49 0 0 0 0 0 0 4 0 21 17 0 74 0 5 65 45 0 13 73 0 0 0 3 42 28 41 0 51 17 68 0 0 91 0 0 0 51 12 21 0 0 31 17 96 28 
0 12 93 0 90 0 0 15 49 39 0 0 83 0 67 95 0 56 0 56 57 0 64 0 0 19 11 81 0 80 0 0 71 0 0 66 67 0 81 0 0 18 0 0 7 0 90 8 0 46 
0 27 0 0 72 28 9 0 0 54 97 0 0 0 34 18 14 0 0 4 46 0 76 20 16 0 0 0 92 0 88 0 0 0 82 1 0 0 46 0 0 0 0 0 0 0 34 0 61 97 
0 70 0 0 90 61 0 0 0 0 0 35 12 0 88 16 0 0 58 24 0 58 0 0 15 79 0 50 0 51 0 77 51 41 72 78 0 0 0 0 0 0 0 31 50 49 0 59 0 59 
0 0 85 60 42 60 90 0 61 0 0 0 0 0 0 86 0 0 1 83 91 16 52 0 0 7 0 65 48 74 0 53 92 77 7 0 0 0 0 0 0 54 0 0 0 5 0 0 67 32 
0 70 0 71 18 0 0 60 57 0 58 0 0 0 0 0 0 0 95 11 0 0 55 66 43 95 45 68 0 85 0 0 24 83 0 0 23 0 0 83 0 0 87 0 29 49 0 23 83 0 
0 59 58 0 71 26 0 0 78 24 0 32 0 12 31 44 0 10 0 0 0 10 0 62 19 0 0 72 5 0 54 50 77 0 0 0 66 0 0 26 25 55 0 28 0 0 0 30 0 0 
76 0 91 35 97 40 0 33 51 53 68 0 95 95 2 11 0 0 76 0 9 71 11 25 34 0 0 0 0 0 93 0 57 0 0 0 15 99 0 31 0 55 0 76 71 0 39 0 0 69 
0 0 68 65 87 0 0 0 85 0 0 49 21 0 0 0 4 0 0 0 10 0 0 0 0 58 0 0 75 0 61 65 62 0 0 25 62 0 0 40 75 0 14 56 11 0 0 20 5 21 
0 0 0 71 0 0 1 0 0 92 0 0 0 0 0 0 92 41 12 0 88 12 0 98 0 4 0 0 0 0 0 11 80 0 48 0 0 0 0 0 17 0 0 12 0 5 13 23 62 0 
45 12 70 12 96 36 0 43 62 0 0 0 0 59 0 6 64 0 0 0 0 0 0 0 42 23 4 0 7 0 48 69 0 41 0 0 45 0 0 91 56 26 0 0 7 94 0 0 77 79 
83 86 90 72 0 0 0 46 0 0 68 1 20 0 0 9 0 0 9 0 20 0 53 0 75 11 39 0 47 0 2 0 1 0 54 39 0 70 0 0 0 62 99 0 48 0 7 25 0 0 
11 0 53 0 95 91 0 8 0 0 0 0 0 59 0 0 83 0 34 88 90 0 0 27 0 42 67 0 0 0 3 0 0 0 0 18 0 0 13 54 0 0 99 0 0 74 57 17 37 0 
45 38 0 0 0 0 75 0 0 0 0 21 0 8 63 0 0 0 67 0 16 83 0 0 0 0 59 74 50 43 92 99 32 14 0 6 11 0 0 35 0 50 7 0 0 97 0 70 75 0 
1 16 0 0 0 0 0 0 0 81 31 96 0 0 73 0 0 0 24 31 0 0 96 57 0 0 29 0 99 0 83 52 0 19 84 63 10 17 0 0 3 0 0 0 6 30 0 66 49 70 
34 71 43 12 0 49 0 0 50 18 78 0 56 0 0 0 88 17 0 0 0 0 0 97 83 0 0 86 59 0 0 80 0 86 0 77 5 0 0 0 0 69 0 0 64 0 72 13 0 0 
0 21 0 74 10 37 0 0 74 90 70 0 18 53 43 0 65 80 67 68 0 0 0 0 0 40 0 4 49 0 59 0 0 13 87 0 0 98 29 0 90 0 0 93 12 0 44 0 16 88 
0 0 66 0 26 40 5 10 40 53 0 0 9 0 0 0 0 3 52 42 30 75 84 0 34 0 0 0 0 96 40 0 45 0 89 0 0 41 0 0 88 39 70 0 0 59 0 5 20 0 
57 22 62 10 0 61 0 0 81 83 0 33 0 61 0 7 0 5 0 25 0 0 78 0 0 0 0 27 0 0 0 36 0 58 0 16 81 0 0 14 98 0 0 0 0 0 52 43 0 0 
33 0 81 0 0 0 0 95 0 0 0 0 96 0 0 0 14 34 3 28 38 7 11 0 93 77 55 0 19 0 0 0 0 0 0 0 49 34 0 0 16 0 0 0 0 91 0 25 0 0 
0 0 0 40 90 0 52 26 91 0 0 48 0 99 50 61 0 0 0 76 0 0 0 0 0 6 0 0 14 31 0 75 0 3 77 95 0 0 0 85 0 0 0 0 0 54 46 46 0 0 
12 23 0 0 91 37 0 0 0 0 76 29 70 0 0 47 0 98 0 0 0 37 93 0 0 0 41 11 0 79 0 0 0 4 45 0 0 0 0 5 0 21 0 0 29 0 0 64 0 0 
90 0 0 70 0 18 0 54 0 78 0 0 68 0 0 0 0 0 0 0 21 0 60 0 41 18 25 0 8 12 30 95 0 47 0 0 54 0 49 79 0 0 30 85 16 80 83 0 39 95 
26 31 0 0 70 0 0 57 72 0 0 62 19 0 0 0 64 58 94 39 0 55 91 0 0 0 0 48 0 20 0 0 0 0 10 0 94 0 93 10 0 0 63 0 65 0 0 91 67 0 
8 0 24 0 0 0 0 0 87 0 0 86 0 0 0 68 65 94 35 0 86 0 93 98 0 55 0 0 63 95 0 0 34 0 0 0 0 38 34 0 0 15 0 0 0 0 0 49 0 37 
0 0 47 57 23 35 94 35 25 0 49 0 0 0 20 62 41 4 0 25 27 0 0 0 0 0 93 53 0 76 0 29 78 47 98 0 0 56 74 77 0 0 0 0 81 29 0 0 0 0 
59 41 0 51 0 48 38 0 0 0 32 0 4 12 37 0 0 0 0 21 0 4 14 0 0 0 75 66 0 0 57 74 0 0 52 19 0 62 11 6 37 0 55 35 99 99 47 77 0 8 
43 8 0 0 0 0 0 0 0 0 0 10 58 89 36 82 13 0 34 81 77 0 5 50 0 54 0 0 94 0 43 74 52 40 0 0 0 0 0 0 0 78 0 7 0 35 0 0 95 0 
0 0 86 0 5 0 66 0 0 0 35 0 0 32 99 19 19 89 66 11 25 85 0 18 56 40 0 92 18 50 82 42 0 0 0 0 0 3 0 10 93 59 0 70 0 0 97 0 18 0 
0 0 0 0 99 0 0 56 83 0 65 47 70 9 80 0 0 0 0 56 0 70 0 0 85 89 53 29 0 88 0 0 0 0 79 0 0 46 0 0 0 79 0 0 0 24 0 69 75 13 
92 0 49 58 7 92 49 49 0 0 56 50 29 24 69 45 0 20 0 0 0 22 41 71 0 9 0 0 0 0 1 90 97 72 81 35 0 55 0 7 0 0 0 0 38 9 76 0 87 91 
0 0 0 89 0 0 0 0 44 93 0 0 49 55 0 90 0 0 27 15 0 0 46 0 21 0 83 0 21 48 59 0 68 13 0 57 91 0 0 0 31 0 0 26 0 0 24 88 0 0 
0 0 87 0 98 87 85 98 35 0 0 51 64 54 52 0 45 71 0 10 42 0 0 0 71 71 5 0 45 7 87 1 0 0 56 9 0 12 70 12 76 17 0 53 31 0 98 0 0 49 
79 80 0 0 77 87 5 24 0 4 0 81 26 0 89 95 0 0 0 0 87 72 73 77 61 56 0 74 66 41 37 69 0 71 83 95 0 0 0 36 24 0 0 0 35 9 0 0 74 0 
0 0 0 0 52 0 0 0 3 0 82 0 30 0 93 0 43 0 0 48 0 0 98 46 0 0 0 69 17 71 14 0 0 0 92 0 0 91 60 11 0 5 0 0 0 4 30 0 0 3 
94 0 52 88 39 72 0 65 34 76 6 53 81 0 0 0 16 86 83 0 0 15 0 0 0 17 56 0 82 0 0 20 0 19 28 0 0 0 26 0 0 33 91 0 0 0 0 33 34 72 
0 0 0 34 48 11 0 36 38 0 0 0 0 91 70 62 36 0 72 0 28 0 0 94 87 0 0 13 0 47 0 89 0 27 98 86 0 62 0 94 0 0 0 32 0 94 0 6 0 4 
0 0 32 29 0 27 80 16 68 0 0 0 7 0 21 0 0 21 0 0 22 0 0 0 0 0 20 0 0 0 0 0 24 0 0 24 0 93 35 0 22 0 37 20 7 0 0 0 0 0 
0 0 0 32 93 29 0 0 0 99 0 89 0 62 0 0 19 21 0 0 0 48 0 0 0 3 0 0 27 23 81 96 0 0 83 27 56 0 0 0 0 97 77 0 54 0 19 65 0 0 
72 0 0 97 58 4 0 99 10 35 0 0 0 0 0 7 44 0 0 67 0 44 41 47 0 37 0 46 88 84 27 54 0 18 0 46 0 26 4 0 0 91 0 29 0 0 0 33 3 0 
