50
0 0 10 0 0 0 99 0 98 66 0 0 0 93 0 59 64 0 0 41 0 0 0 21 0 70 59 48 25 0 0 0 98 0 0 34 73 33 0 66 11 6 0 0 57 15 0 0 7 0 
43 0 0 0 59 0 88 50 0 0 64 0 32 0 0 0 69 0 56 0 83 0 26 25 29 66 84 70 21 35 0 9 0 0 0 78 80 0 25 0 29 73 19 27 0 0 5 0 0 94 
0 53 0 0 0 0 92 36 0 0 55 0 0 0 68 0 0 40 55 47 0 0 0 0 74 44 0 0 0 87 63 0 0 0 0 6 69 0 0 0 0 0 12 94 96 0 0 0 0 95 
70 19 57 0 0 82 0 51 57 0 0 20 50 75 74 0 0 0 58 0 84 0 0 85 0 0 0 82 96 0 64 0 8 0 0 0 0 0 89 83 0 0 0 4 0 42 0 0 71 55 
38 0 79 82 0 0 88 7 44 0 0 3 0 0 16 0 0 39 90 54 35 73 56 31 24 16 26 0 40 88 0 59 76 0 47 0 17 0 85 0 0 0 91 0 29 0 35 0 77 28 
89 76 55 0 38 0 65 87 0 83 84 0 44 76 0 0 41 0 88 0 0 85 44 0 25 69 0 0 0 57 0 0 0 72 0 17 44 0 0 0 2 49 60 0 0 51 27 0 72 0 
0 0 0 35 0 0 0 79 72 0 98 74 3 81 0 0 58 0 0 0 0 35 0 47 0 41 0 0 0 98 0 68 34 18 0 0 26 0 86 0 41 0 0 55 49 72 49 73 26 76 
61 0 0 0 0 0 0 0 0 0 0 31 0 85 33 0 51 0 87 0 33 0 0 0 0 0 64 0 39 0 28 0 0 0 0 0 0 0 0 0 8 0 0 24 75 49 0 42 0 0 
0 31 19 0 0 75 0 49 0 0 0 70 47 0 0 57 0 0 93 67 78 28 0 45 57 23 0 0 13 11 0 74 0 0 0 59 2 0 0 57 12 73 0 0 24 0 0 60 0 0 
0 94 58 32 53 0 79 72 7 0 54 0 21 9 79 88 0 0 0 23 39 72 0 0 78 0 58 15 0 0 46 23 0 0 0 0 0 0 0 52 41 0 0 95 46 0 44 0 73 0 
61 0 0 80 82 0 0 98 93 0 0 13 0 0 0 0 64 60 0 0 13 51 0 4 48 2 0 0 24 0 0 44 14 96 0 0 61 27 45 0 0 0 0 51 50 26 3 11 0 0 
72 66 89 0 0 71 0 0 0 67 0 0 89 0 99 0 0 0 0 0 0 4 12 89 0 23 40 0 65 0 0 2 38 0 0 0 0 14 0 87 1 6 0 0 50 0 0 0 96 99 
6 0 56 0 85 0 0 11 0 0 11 0 0 84 68 0 48 75 0 0 0 42 11 56 10 0 68 90 39 0 0 0 48 0 50 0 27 96 0 62 20 0 12 89 0 93 0 0 13 40 
0 57 78 0 89 0 0 0 17 0 77 65 0 0 88 0 0 66 7 0 0 0 11 23 35 45 45 0 0 37 0 29 2 83 33 0 0 19 0 66 0 0 0 60 27 49 0 92 0 39 
50 53 0 0 0 89 65 0 16 0 38 0 0 0 0 0 29 25 0 48 0 41 0 71 0 0 9 0 18 0 88 0 52 84 0 0 33 0 42 45 86 13 64 76 0 35 0 0 0 0 
0 65 3 59 2 20 17 10 0 0 90 43 12 42 70 0 0 0 72 0 0 0 0 0 58 0 0 0 5 40 53 30 0 0 33 82 34 16 0 0 93 8 38 8 0 0 0 0 0 0 
0 0 22 89 52 0 0 0 71 8 0 98 0 10 0 74 0 0 0 0 0 5 10 58 46 0 0 91 81 6 65 0 38 80 0 0 17 0 0 53 0 15 35 0 0 0 32 0 0 99 
96 79 0 75 0 17 17 38 28 79 0 14 0 0 0 86 31 0 0 49 69 0 0 0 73 0 0 0 0 41 4 58 0 87 51 0 0 30 61 83 4 78 0 0 42 87 0 0 32 22 
7 0 0 0 0 0 84 0 0 31 2 20 71 0 37 0 85 62 0 10 26 3 88 37 18 58 7 13 0 61 0 24 0 0 0 94 78 0 21 94 0 0 0 0 90 79 25 62 0 0 
0 56 0 18 0 25 81 52 0 0 83 16 41 71 0 96 85 0 0 0 4 0 0 14 0 0 9 0 33 0 0 0 29 0 0 0 51 84 0 0 0 94 67 22 0 94 0 74 2 0 
46 0 76 0 0 69 79 0 0 0 0 2 91 43 66 38 94 0 0 0 0 0 0 45 0 91 0 0 58 65 34 13 28 98 9 0 77 38 6 0 0 13 89 53 11 45 44 43 19 0 
83 38 3 27 0 0 0 73 0 0 0 0 0 43 0 57 0 79 0 6 41 0 0 0 94 72 0 95 51 0 97 89 0 0 56 73 40 0 6 92 0 1 56 0 33 34 0 29 19 78 
85 0 99 41 0 0 43 83 47 88 75 0 0 0 75 12 0 79 0 86 94 22 0 21 0 0 87 11 36 0 0 64 0 89 0 0 0 66 0 0 48 49 0 0 0 0 13 44 0 31 
0 0 20 0 0 20 0 25 0 82 0 0 0 0 0 97 0 16 0 0 0 20 0 0 0 46 0 0 0 35 26 0 19 0 49 0 21 24 2 31 13 53 0 0 77 14 0 44 0 40 
46 0 0 83 0 0 87 36 0 0 0 55 0 0 30 0 0 0 0 52 47 0 61 10 0 98 41 44 17 83 79 91 61 0 0 0 26 83 0 0 98 0 38 62 16 0 0 0 0 75 
0 0 0 53 0 0 0 27 0 86 0 0 76 0 84 32 26 77 0 54 0 0 37 0 0 0 0 9 59 0 0 0 0 0 0 43 0 77 13 26 0 0 80 0 65 0 0 5 0 0 
0 0 92 94 0 22 73 0 33 0 64 0 0 0 0 88 12 48 0 0 46 59 0 57 0 58 0 0 93 17 8 0 35 0 0 93 5 56 51 12 0 0 0 0 0 49 9 0 89 60 
0 0 35 0 46 17 16 79 37 0 82 27 0 92 98 18 0 72 0 88 5 0 0 93 0 0 2 0 0 0 44 2 84 0 0 42 27 0 0 0 55 0 61 84 0 0 0 0 81 82 
0 0 55 0 0 5 57 0 0 85 0 0 0 39 0 0 0 82 3 0 0 0 0 38 0 0 0 20 0 29 0 99 0 0 87 0 0 91 0 7 37 0 80 0 0 98 0 67 93 0 
4 0 0 34 0 0 0 49 0 26 72 5 28 0 52 0 0 0 0 28 0 62 29 0 0 65 0 44 0 0 0 61 82 26 26 0 0 0 0 44 79 36 0 9 35 0 39 0 52 83 
55 60 0 0 3 58 78 0 68 0 96 44 83 54 0 0 0 0 28 40 0 0 14 0 0 39 0 0 89 16 0 47 0 0 64 24 0 0 10 0 4 0 23 0 0 0 0 51 0 0 
64 0 90 65 0 88 0 50 0 0 0 0 13 0 89 0 43 0 0 97 0 0 0 91 0 45 60 0 0 0 0 0 0 27 5 74 0 15 0 22 0 0 0 47 0 0 0 61 0 65 
0 60 33 0 0 39 0 3 6 62 0 0 0 0 0 32 0 50 83 0 0 45 41 0 0 51 0 0 24 0 94 73 0 66 57 0 39 4 0 0 0 39 0 86 56 57 0 15 30 0 
98 19 48 36 11 0 0 66 97 91 0 15 81 0 0 5 0 0 95 89 0 72 0 79 76 7 24 13 44 0 28 0 0 0 30 0 0 0 0 37 0 0 25 0 0 0 0 9 12 23 
40 51 2 9 0 62 6 14 83 61 21 62 0 0 75 0 74 0 94 97 0 0 25 0 53 94 66 29 0 0 0 0 0 0 0 0 0 6 0 0 0 0 72 80 0 0 0 79 47 0 
0 0 0 74 24 0 99 56 0 12 39 55 65 81 95 0 54 95 0 15 44 0 30 37 38 0 0 0 73 97 0 0 49 90 38 0 0 18 0 0 0 95 28 0 69 0 0 0 0 47 
0 0 0 21 0 0 0 70 0 6 0 86 0 34 0 0 0 44 0 0 0 0 51 0 0 61 0 0 17 95 66 12 0 39 71 1 0 20 0 0 0 67 0 43 0 0 0 0 0 46 
0 7 8 79 45 73 86 17 34 5 0 0 0 0 40 0 83 0 4 0 0 45 0 0 0 0 0 48 0 59 65 0 0 11 0 0 0 0 0 54 0 63 42 38 94 77 53 0 97 0 
85 0 41 0 0 62 0 25 67 20 0 56 24 72 0 76 4 0 0 48 0 0 26 0 83 0 0 35 4 25 0 46 69 54 59 56 19 11 0 41 49 71 0 6 0 0 73 20 21 47 
0 30 17 0 91 10 16 27 0 0 39 0 0 0 0 79 0 0 0 27 14 0 4 0 30 0 0 58 0 0 76 0 87 0 67 1 59 0 0 0 13 0 0 0 0 58 57 0 16 13 
0 0 46 21 40 0 0 0 0 0 28 0 0 33 0 0 55 0 8 53 39 47 0 0 0 49 45 0 0 0 0 71 30 81 45 84 44 41 0 0 0 90 0 94 28 49 0 0 28 55 
0 0 65 94 61 0 80 55 0 95 87 0 30 44 0 0 0 0 46 0 0 0 0 0 2 89 59 19 62 0 4 64 0 60 92 0 0 0 0 11 0 0 50 0 0 70 66 21 42 0 
47 0 0 97 0 0 59 97 38 41 92 47 0 18 0 0 0 98 89 0 0 0 27 41 0 0 62 0 0 13 0 40 24 0 0 0 75 0 5 97 69 0 0 62 76 0 0 12 0 0 
62 0 0 0 97 88 0 0 88 0 0 98 0 0 0 0 73 13 70 0 0 81 26 70 0 83 61 0 7 0 13 0 0 94 0 76 0 0 0 65 0 53 0 0 0 84 0 0 17 0 
0 43 0 95 0 98 0 0 0 0 0 0 37 0 16 90 21 0 0 57 0 0 6 0 0 0 34 21 76 0 20 43 0 51 33 0 97 0 52 82 0 21 0 12 0 0 98 44 43 58 
0 41 49 0 1 0 0 0 11 7 0 53 0 0 0 93 71 0 0 0 0 0 3 0 89 63 0 22 0 26 42 40 0 15 77 43 20 0 28 0 0 0 48 0 10 0 29 29 0 6 
85 0 42 39 0 0 0 51 70 0 0 22 99 11 9 46 0 10 0 74 0 98 0 69 37 84 0 29 30 0 35 85 67 93 24 20 8 0 0 0 63 0 13 69 0 0 0 0 0 92 
85 81 6 13 80 80 0 0 0 88 0 78 93 0 69 9 38 83 0 0 0 0 0 0 43 0 90 47 0 91 0 0 0 0 0 24 85 55 0 20 39 0 0 37 0 0 33 0 0 27 
0 70 8 0 0 0 0 35 94 0 16 0 0 47 47 84 57 0 75 0 0 0 48 26 10 35 0 0 0 0 86 80 0 0 0 2 57 0 0 0 0 0 78 0 0 32 5 45 0 0 
20 0 0 0 0 96 0 59 68 4 98 0 0 0 30 83 0 0 94 55 30 0 0 0 0 42 0 0 73 0 81 0 57 0 7 0 0 77 0 0 0 50 70 28 0 0 0 0 70 0 
