50
0 0 33 0 5 0 0 1 0 9 62 0 77 0 32 0 0 70 0 59 48 65 99 2 16 62 10 92 0 0 0 0 0 5 0 77 0 0 50 0 3 75 27 32 0 71 71 0 0 21 
61 0 64 0 0 27 0 90 0 43 0 91 68 0 0 0 0 67 0 0 52 0 0 17 23 99 24 0 11 8 84 34 0 22 0 0 16 59 97 0 43 64 0 66 21 26 0 99 29 78 
0 0 0 92 0 1 0 10 41 7 20 86 77 0 0 0 0 90 0 0 2 0 0 10 51 87 0 0 62 0 78 0 0 64 0 98 0 4 29 0 0 61 0 0 38 2 60 0 87 57 
87 65 0 0 0 14 0 0 27 0 57 73 0 19 0 24 23 62 27 83 0 0 0 41 0 0 56 0 65 16 0 0 0 0 0 67 93 0 0 10 0 92 0 0 0 0 0 88 13 18 
0 76 37 22 0 71 0 56 0 0 0 24 92 0 0 0 0 45 0 0 45 79 81 0 0 0 5 68 0 46 0 0 38 0 0 36 94 0 0 28 80 0 20 0 29 60 0 0 0 80 
95 0 0 0 0 0 0 72 0 0 12 85 0 43 74 0 0 0 0 55 65 56 0 25 0 0 7 0 0 0 0 96 0 0 98 0 58 0 0 0 0 0 0 0 98 0 0 0 0 9 
71 37 69 7 53 54 0 64 76 51 99 0 30 25 91 50 68 50 0 0 43 25 0 59 0 0 0 76 0 38 82 0 55 69 0 0 38 90 72 20 5 13 79 11 0 62 0 5 80 0 
0 0 0 36 0 0 0 0 2 34 0 0 0 44 0 81 19 50 16 0 0 0 58 75 0 6 22 16 0 51 0 0 51 9 0 16 28 0 55 87 53 0 0 30 15 56 0 35 20 0 
5 98 0 0 86 21 0 0 0 0 23 0 0 0 92 16 91 71 0 39 0 0 0 86 49 0 0 37 0 0 0 32 0 55 0 4 2 0 17 32 0 78 0 0 61 0 97 44 0 0 
0 0 0 1 9 86 0 0 2 0 0 55 0 0 0 0 0 0 88 28 71 0 0 0 16 33 0 30 11 0 0 0 34 37 0 81 30 0 84 0 75 22 0 0 0 8 98 13 0 88 
0 98 0 0 98 0 0 52 0 73 0 0 13 0 15 0 71 0 0 42 0 20 0 41 0 0 68 34 0 0 0 0 0 55 65 95 44 0 39 31 98 0 42 0 16 0 46 5 58 0 
84 0 0 0 0 0 57 92 73 0 99 0 0 49 0 58 0 0 0 0 5 0 0 0 98 0 0 78 37 0 0 0 99 94 0 20 3 70 0 0 0 13 44 14 80 0 0 0 0 54 
0 0 0 71 0 61 0 98 10 6 0 16 0 79 48 58 0 0 5 0 0 83 59 0 0 0 65 0 0 0 60 0 0 0 0 0 0 2 0 19 0 0 19 0 0 0 0 0 49 0 
79 8 34 0 22 0 0 0 38 70 26 0 0 0 0 43 0 0 0 48 0 0 0 0 40 18 30 15 0 0 0 41 0 96 0 0 53 0 6 30 0 10 19 0 4 0 0 17 5 0 
0 17 19 22 79 0 0 92 0 47 0 14 0 44 0 0 0 0 0 4 19 0 88 25 0 0 0 0 54 0 0 0 86 86 28 0 0 12 0 0 66 0 0 0 86 26 0 0 89 0 
92 82 90 0 96 53 0 0 0 48 84 0 0 0 3 0 0 77 0 0 7 0 51 0 0 0 99 60 0 0 0 36 8 0 27 0 44 0 0 0 0 3 0 32 0 41 0 6 28 0 
29 59 23 0 49 39 0 0 0 52 0 80 13 43 53 45 0 0 0 0 26 30 43 56 0 0 78 0 0 0 41 0 0 0 0 0 52 0 74 41 0 38 88 41 0 73 89 2 0 61 
0 0 0 0 0 16 0 0 0 12 29 81 28 63 30 0 50 0 0 47 20 12 12 0 0 69 55 72 45 0 0 0 35 0 19 0 81 85 0 56 17 0 90 63 0 87 0 42 3 0 
34 82 24 0 89 65 99 0 26 0 12 4 0 97 85 29 9 4 0 7 0 0 0 92 21 31 0 32 31 65 0 0 52 0 0 28 0 0 0 0 0 58 0 0 29 4 36 76 0 0 
0 86 38 0 53 0 68 9 0 0 0 69 25 0 0 90 84 0 0 0 0 0 0 0 0 47 0 88 14 56 0 0 99 90 0 14 8 0 0 74 0 0 0 75 39 0 65 33 0 0 
0 0 0 46 0 0 0 7 23 0 48 0 54 81 0 0 0 0 30 23 0 0 0 0 0 5 52 0 0 44 0 0 0 23 38 0 0 58 68 0 0 29 0 0 49 0 0 78 29 0 
0 34 15 17 0 0 0 71 33 43 0 26 0 30 5 45 0 0 60 7 52 0 0 0 43 95 0 80 0 0 0 0 93 0 89 0 48 0 0 68 32 71 0 0 83 40 0 0 52 92 
0 38 83 21 0 49 3 0 12 78 88 93 0 2 0 0 0 0 27 83 69 56 0 2 28 53 0 40 35 0 76 0 0 0 0 20 90 0 32 0 29 29 0 45 0 82 61 0 52 45 
0 0 0 0 38 0 0 0 0 32 0 2 40 70 0 5 0 28 0 93 14 16 0 0 0 0 13 91 47 0 55 0 0 0 38 19 0 62 0 58 30 13 96 0 81 99 0 35 0 0 
0 0 0 3 71 50 18 82 0 0 58 0 20 0 99 25 58 29 0 58 44 0 0 10 0 0 0 64 0 25 0 0 39 24 16 0 0 0 47 11 6 97 2 0 57 53 71 0 8 40 
0 0 0 81 48 6 16 0 3 0 67 34 55 0 37 86 65 0 0 0 0 0 0 98 79 0 26 76 44 2 68 24 71 59 22 0 41 0 87 44 7 80 31 19 0 0 0 86 55 0 
0 0 11 0 0 0 9 0 41 30 0 41 0 0 35 0 0 0 2 31 0 73 39 0 95 0 0 83 35 0 0 3 0 0 39 26 13 0 0 62 0 71 0 0 49 85 0 0 50 0 
0 64 18 67 0 33 0 0 0 0 0 0 76 0 31 0 21 0 0 0 53 0 0 0 0 0 0 0 68 0 12 85 82 0 0 0 76 73 0 44 0 90 0 31 92 0 0 0 12 81 
1 0 0 0 85 63 67 8 41 0 11 0 10 96 0 71 76 0 0 0 4 8 0 0 82 0 0 0 0 29 72 0 0 78 0 0 0 89 0 0 50 0 43 7 0 32 9 6 0 0 
7 0 73 0 0 47 0 0 84 23 41 35 55 18 29 30 55 49 0 0 0 87 62 70 0 0 15 63 0 0 93 11 3 0 0 18 0 0 0 0 0 27 0 0 0 0 0 0 98 15 
78 0 0 94 93 96 0 12 67 32 32 84 0 18 42 31 0 7 40 55 30 86 0 0 64 0 10 0 0 0 0 60 0 29 0 0 31 0 56 0 59 19 34 0 0 0 81 3 0 95 
78 0 77 21 1 0 72 6 0 4 98 1 12 0 21 0 50 87 80 74 79 91 72 3 97 0 0 0 2 0 0 0 42 18 0 0 31 0 0 0 0 0 0 12 1 0 2 84 11 0 
44 35 48 26 0 16 0 0 83 0 62 0 90 26 0 0 92 0 0 0 96 0 63 6 0 0 56 0 50 0 21 0 0 0 0 0 55 0 67 26 0 70 76 53 77 0 0 41 66 72 
0 0 0 85 40 72 0 0 0 0 0 0 58 0 0 87 28 40 26 0 0 50 65 29 0 0 29 31 0 43 0 0 13 0 35 83 0 0 26 0 97 0 32 42 86 0 1 53 23 78 
38 91 30 54 3 0 35 10 62 74 0 45 56 26 0 0 93 0 36 85 0 0 19 0 0 0 0 95 14 32 77 88 54 0 0 0 0 69 0 0 0 0 68 0 0 94 50 0 16 30 
0 18 0 0 0 46 30 0 0 0 0 0 4 34 64 26 47 57 0 0 82 74 0 0 62 69 0 14 65 0 67 96 18 0 11 0 94 53 0 46 97 0 0 0 20 0 0 56 15 0 
47 0 93 0 0 0 0 0 0 0 0 0 9 0 56 0 0 0 28 0 42 0 0 74 45 0 0 0 71 73 0 0 0 57 90 0 0 0 47 0 26 0 0 0 0 0 0 32 0 9 
33 0 0 49 17 14 0 16 21 63 43 0 0 24 0 3 85 0 16 44 0 43 3 0 20 20 85 0 0 11 42 4 81 83 0 0 80 0 25 35 0 85 0 43 0 37 0 0 0 0 
0 0 0 81 24 28 0 0 0 0 0 88 74 0 29 29 0 31 34 55 0 92 0 59 0 0 85 57 96 37 0 32 0 0 26 29 0 0 0 66 0 29 25 0 45 23 14 0 34 0 
12 70 53 0 0 78 0 0 0 48 0 54 0 0 39 7 0 0 87 0 38 0 99 0 0 0 0 0 80 77 9 70 0 40 53 0 40 0 0 0 0 0 2 0 0 40 0 0 33 89 
0 0 70 71 0 89 0 0 48 0 0 16 3 15 0 42 77 0 17 9 27 0 0 0 0 0 72 35 0 92 0 5 52 0 88 0 0 9 62 26 0 0 85 0 27 0 29 14 50 78 
0 0 0 0 60 37 0 79 0 0 38 0 47 0 34 0 0 20 0 42 0 0 0 0 0 0 0 0 47 0 0 91 0 43 14 72 4 0 0 40 28 0 0 0 89 31 12 0 0 42 
0 81 4 39 0 76 0 51 56 63 0 0 0 0 90 46 0 0 20 17 89 10 47 0 0 0 42 76 0 65 0 15 0 0 0 55 97 96 0 0 0 67 0 0 37 47 0 0 28 0 
0 0 37 21 64 84 0 0 85 26 65 0 86 30 70 0 0 0 45 0 22 42 0 2 33 0 35 0 0 88 49 0 0 0 14 26 67 0 74 58 48 75 57 0 0 0 24 0 0 0 
51 0 0 83 0 0 33 0 0 1 0 0 24 0 0 46 2 6 0 0 0 0 94 0 0 30 0 0 72 94 62 0 0 0 55 0 8 3 0 93 0 0 0 26 0 26 0 45 0 74 
0 0 0 1 0 33 0 0 23 0 72 55 78 44 0 0 0 0 0 94 92 0 0 0 0 58 0 72 0 46 44 62 90 41 0 8 31 0 0 0 39 0 0 13 0 0 0 16 0 0 
0 33 0 27 96 2 82 97 0 0 0 24 82 58 59 1 0 11 0 0 90 38 0 49 0 41 82 19 0 61 0 0 37 0 0 97 87 56 0 83 0 0 34 0 12 43 0 0 53 0 
46 0 2 0 34 63 0 0 0 0 0 16 99 0 75 0 0 0 0 0 0 63 91 0 7 0 49 27 0 39 0 0 0 0 55 0 0 53 88 74 0 34 99 46 0 0 50 0 0 13 
70 0 0 0 5 54 0 0 2 46 0 74 0 0 0 0 40 0 73 80 0 0 0 58 0 0 0 0 54 0 62 0 0 0 0 0 81 34 0 0 0 95 0 65 98 93 0 12 0 0 
0 0 0 0 0 0 54 36 65 0 27 0 28 34 7 32 0 7 21 75 92 0 0 52 0 39 35 0 24 0 0 55 0 0 0 37 0 64 10 0 0 0 78 81 0 94 40 0 4 0 
