50
0 0 0 0 0 0 0 0 0 0 0 12 0 0 0 0 61 36 0 10 0 0 0 0 96 0 68 0 0 31 0 0 0 0 95 19 0 0 0 0 47 0 8 0 0 0 0 0 0 0 
83 0 0 29 0 0 0 45 70 0 0 0 0 0 0 0 0 37 0 0 64 80 0 0 0 0 0 92 0 0 9 0 0 18 0 0 80 87 4 0 0 61 0 0 0 0 0 0 0 0 
28 89 0 0 0 0 4 0 10 56 0 0 0 0 0 0 0 62 52 0 0 0 0 38 66 0 0 31 0 0 0 97 48 0 0 0 30 0 0 80 0 13 0 0 0 0 33 0 0 0 
5 0 0 0 0 0 0 0 86 0 0 0 0 0 47 31 0 1 0 61 0 0 0 69 23 0 0 0 0 0 13 0 0 0 0 0 0 0 0 0 0 0 55 0 0 0 0 0 0 0 
0 53 86 41 0 21 19 0 0 0 0 0 10 9 0 0 0 0 99 0 91 88 0 0 24 0 0 0 0 0 0 0 0 0 0 0 0 0 0 0 0 57 0 0 0 0 0 0 0 0 
0 0 20 64 0 0 0 0 0 37 0 0 0 40 0 66 0 0 0 0 0 0 0 0 47 0 0 0 0 0 0 0 19 0 0 77 0 0 0 0 0 0 0 0 0 0 38 0 52 0 
0 0 0 71 0 90 0 0 0 0 0 0 0 0 57 40 0 0 0 59 65 33 0 0 0 0 0 0 0 34 0 0 0 0 0 0 0 0 0 0 0 2 0 13 0 99 0 94 7 0 
69 0 0 99 59 0 8 0 0 14 0 0 57 0 67 0 0 97 0 0 33 0 71 71 53 0 66 0 0 65 0 0 47 52 0 0 94 0 0 0 0 22 0 46 0 0 0 0 8 0 
80 0 0 0 0 0 0 0 0 0 67 0 0 61 0 52 0 0 0 0 0 84 0 0 0 0 0 27 0 0 0 0 0 53 0 47 0 0 29 0 0 0 0 0 0 0 0 0 0 92 
72 0 0 0 0 0 99 0 0 0 0 0 0 0 0 0 13 0 57 0 0 0 92 0 0 0 0 0 0 0 25 0 0 38 0 0 0 0 0 0 0 22 0 10 0 0 18 0 0 0 
0 0 0 0 0 15 0 0 0 0 0 0 92 57 8 0 0 0 0 16 0 0 24 0 0 0 0 0 79 75 0 0 0 0 0 0 0 0 0 0 12 32 37 0 0 0 88 32 0 0 
0 0 0 0 22 0 0 0 7 67 0 0 0 2 0 0 0 0 0 0 2 0 31 0 0 0 0 79 0 0 0 0 0 0 82 0 55 56 0 0 30 3 0 93 0 0 67 0 98 44 
0 0 53 13 0 0 0 0 0 0 0 14 0 64 0 46 0 38 0 0 0 33 0 0 0 0 0 0 5 0 82 0 0 58 0 0 0 0 0 0 0 32 82 0 25 0 4 0 0 0 
0 92 0 35 0 0 39 0 0 0 0 0 0 0 0 42 0 0 0 0 0 19 98 0 0 0 18 0 0 0 0 0 0 0 0 0 0 79 11 0 12 0 0 33 0 52 37 0 0 0 
0 75 0 0 0 0 0 0 8 0 0 2 12 0 0 0 0 0 14 0 0 0 0 15 0 0 0 0 0 16 0 33 30 0 0 0 0 60 26 38 0 0 0 0 0 0 0 8 0 0 
0 96 0 0 53 0 0 75 0 0 0 0 0 0 0 0 0 0 70 0 0 0 0 0 0 0 0 37 0 0 62 89 0 0 0 0 0 0 0 0 0 0 0 0 0 0 0 0 0 0 
0 0 47 0 0 0 77 0 1 0 69 0 0 81 9 0 0 0 0 0 0 0 0 0 0 0 0 0 0 0 32 0 0 0 45 0 0 0 0 15 0 0 0 65 0 0 0 0 0 80 
0 0 0 0 0 0 0 0 0 0 0 0 0 0 0 0 0 0 0 0 36 0 52 78 43 0 0 0 25 0 0 48 0 0 0 79 12 0 0 0 0 44 0 6 94 0 0 0 0 0 
0 0 0 86 0 0 0 0 0 0 0 0 0 0 0 0 0 0 0 0 0 0 0 0 0 0 50 98 26 0 0 0 0 27 10 0 0 0 0 0 0 21 0 0 0 0 0 0 0 0 
0 0 0 0 0 0 0 0 0 0 0 60 0 0 0 0 0 53 0 0 0 0 0 0 0 0 0 0 11 0 0 0 99 79 0 0 0 27 12 66 0 0 0 0 20 0 0 0 38 51 
0 0 25 0 0 77 0 0 0 0 0 0 0 0 0 0 34 0 0 26 0 0 0 0 53 0 12 0 9 0 0 0 0 0 0 0 0 0 0 0 0 0 90 0 0 63 0 0 0 0 
55 0 75 0 0 0 0 35 0 0 0 0 0 0 0 87 0 0 18 0 0 0 0 0 0 0 0 0 0 62 66 46 0 0 0 0 0 0 0 0 0 0 0 75 0 0 0 0 0 0 
77 0 70 97 0 0 0 0 99 0 0 0 0 0 0 40 0 0 0 27 9 0 0 0 0 0 14 58 0 0 76 0 0 0 0 0 0 0 0 0 0 0 0 0 0 0 0 0 0 0 
46 0 0 0 0 0 13 0 0 0 0 97 15 98 0 0 47 0 40 0 79 0 0 0 0 0 0 0 0 0 0 0 0 0 0 0 0 0 0 0 0 0 41 18 0 61 0 58 0 0 
0 0 0 0 0 0 0 0 0 11 0 75 52 29 0 0 85 0 0 0 0 58 0 0 0 71 0 0 0 2 15 83 0 0 0 0 0 0 47 48 0 29 0 43 0 89 0 0 0 0 
71 0 0 19 0 0 0 0 0 0 0 33 0 0 0 0 81 73 79 0 0 25 0 0 0 0 0 0 0 0 0 0 0 0 0 0 0 17 0 0 18 0 0 0 0 0 0 0 0 0 
0 99 0 0 73 0 0 0 16 9 0 19 0 0 0 0 0 0 0 0 0 0 0 0 0 24 0 0 0 0 0 91 0 77 51 0 0 0 0 96 0 0 0 85 0 0 0 0 0 7 
24 0 0 0 0 0 0 55 0 0 0 0 0 0 12 0 58 95 0 35 81 76 0 0 0 0 0 0 84 0 0 0 80 0 0 0 0 0 0 0 0 0 0 0 0 0 39 0 65 0 
39 43 0 0 0 0 79 0 0 0 0 0 0 0 18 57 0 0 0 0 0 15 4 41 2 0 54 0 0 91 0 0 0 0 0 0 26 0 0 0 0 31 0 0 0 23 0 0 3 0 
0 61 0 0 0 0 0 0 59 0 0 0 0 0 0 0 0 48 63 0 10 0 0 0 0 83 0 89 0 0 0 0 0 0 9 0 0 0 0 0 64 0 27 0 26 0 0 0 0 0 
0 0 86 0 0 0 54 31 44 0 0 21 0 1 0 0 0 64 6 0 0 0 0 0 0 0 0 71 0 0 0 0 0 0 92 0 0 0 0 0 90 0 0 0 0 0 54 0 0 0 
82 57 0 0 5 68 0 0 0 87 37 0 0 0 0 0 0 0 0 12 59 0 0 48 0 9 0 89 0 68 0 0 67 0 0 3 0 0 0 0 0 78 0 0 0 40 0 0 0 0 
0 73 0 0 0 0 0 0 0 0 0 0 0 0 0 78 0 84 0 0 0 0 26 0 11 50 0 0 0 0 38 0 0 26 47 50 11 56 0 98 45 0 0 0 87 0 0 75 0 0 
97 0 0 36 0 45 0 0 0 0 0 34 0 0 0 0 0 21 0 0 0 36 0 2 80 14 0 80 0 82 89 0 0 0 0 0 0 0 59 93 0 0 0 40 0 0 0 0 0 0 
0 0 0 0 0 0 26 0 88 0 53 0 25 0 3 0 0 0 0 0 5 0 48 0 0 91 0 0 2 0 0 57 0 44 0 0 0 0 0 0 0 0 0 0 0 0 18 0 64 0 
0 0 0 71 0 0 0 0 0 0 50 21 81 0 0 0 0 0 0 0 0 0 0 0 40 56 70 24 45 0 0 0 0 0 0 0 73 0 0 0 0 0 0 94 0 0 0 0 0 0 
69 0 0 0 0 0 17 0 30 0 0 0 0 0 0 72 60 0 34 0 0 94 0 0 0 0 0 0 0 40 0 0 0 51 0 0 0 0 0 80 0 0 61 0 9 14 0 0 0 0 
0 0 0 0 0 0 0 28 0 0 0 0 0 0 0 0 66 49 0 0 0 0 0 0 0 0 72 0 0 82 0 0 0 0 0 0 0 0 0 0 46 0 31 0 0 0 0 66 0 0 
9 0 0 4 38 4 1 0 0 0 73 0 0 0 0 0 59 0 0 0 0 0 95 80 0 0 78 0 32 0 0 56 0 0 0 0 75 0 0 0 0 0 0 88 78 0 0 0 26 0 
0 45 0 39 0 0 0 0 75 0 0 98 0 63 0 0 0 0 0 0 0 0 7 0 0 0 0 0 16 20 56 0 0 0 3 0 0 34 0 0 25 0 0 32 0 0 0 0 0 0 
0 0 8 0 0 0 0 0 0 0 0 0 0 0 0 39 0 60 0 78 0 0 0 0 6 0 12 0 94 0 0 0 0 0 0 0 0 0 70 0 0 0 0 88 0 35 0 0 3 0 
33 0 0 34 0 0 0 0 77 0 0 0 0 0 0 0 78 0 0 0 0 0 0 7 0 0 71 55 0 0 0 0 0 47 0 73 0 0 0 43 0 0 0 0 38 40 0 0 0 36 
0 0 0 0 0 0 0 0 36 81 0 0 0 23 16 0 0 0 0 0 0 0 0 0 25 0 0 0 66 0 99 0 92 0 0 0 0 0 0 0 0 0 0 0 0 0 0 0 0 0 
51 0 0 0 0 0 0 0 33 0 0 0 0 0 38 70 0 0 0 0 0 0 0 0 0 0 0 0 66 0 0 70 0 0 52 0 0 0 0 0 0 0 11 0 0 0 0 0 0 0 
0 0 94 10 0 34 81 0 0 0 0 0 0 0 0 2 0 0 0 0 41 0 0 0 0 23 0 16 0 0 0 0 0 31 41 34 0 0 0 0 0 0 92 6 0 0 63 29 0 92 
0 0 62 35 0 0 0 68 49 3 76 0 7 0 0 0 0 17 0 0 0 0 0 0 0 0 0 59 0 0 74 0 0 0 0 61 0 9 0 0 0 0 0 0 11 0 0 0 0 0 
12 0 0 0 63 0 0 2 3 0 0 0 0 0 61 0 0 0 23 0 0 63 0 27 85 0 0 0 62 0 0 74 0 0 0 67 0 0 0 0 0 3 0 72 0 0 0 0 0 0 
0 0 92 0 0 29 0 0 0 0 0 27 36 32 0 0 0 0 45 65 30 39 5 0 82 0 0 0 87 0 0 0 0 76 75 0 53 0 18 0 0 84 0 0 0 0 0 0 0 0 
0 0 0 36 0 0 0 0 58 0 0 0 0 3 5 0 0 0 0 0 0 0 31 0 0 0 0 0 0 0 0 30 0 0 0 0 0 45 0 0 0 0 0 70 0 0 68 1 0 93 
18 0 28 38 0 0 0 23 0 0 0 0 0 0 0 8 0 0 0 0 0 35 0 0 94 0 0 0 85 71 0 0 0 0 0 0 0 0 0 0 64 0 0 74 0 0 63 0 0 0 
