50
0 17 26 36 30 0 78 0 3 0 0 0 94 0 41 0 0 87 0 0 0 0 39 0 45 0 96 77 0 73 70 0 0 17 60 0 64 0 54 0 0 48 52 77 0 0 50 0 44 58 
0 0 0 45 61 0 0 34 0 0 0 0 53 49 48 0 34 65 0 0 0 0 0 34 0 37 95 42 0 46 29 0 0 0 0 36 90 74 0 0 0 12 0 67 0 0 0 91 26 0 
0 9 0 0 53 2 31 80 2 0 0 43 0 63 0 33 91 0 21 0 41 67 37 75 0 0 0 0 0 0 24 0 0 0 98 0 46 0 35 22 0 0 7 97 2 0 83 45 0 0 
0 0 91 0 0 0 52 41 8 0 0 0 0 0 0 1 18 46 0 0 0 0 74 0 0 64 23 0 0 6 11 34 55 35 47 89 63 0 41 0 46 68 92 0 0 50 48 40 0 0 
0 0 0 21 0 0 0 36 67 0 48 0 0 87 0 0 0 0 64 51 0 7 49 0 36 0 68 0 58 57 0 0 0 66 0 0 46 82 75 0 0 0 28 0 81 24 0 84 0 0 
9 74 0 68 10 0 2 0 78 0 0 43 0 67 0 41 9 0 0 11 96 28 0 52 53 0 0 0 91 0 72 63 52 0 0 0 0 0 15 90 0 0 11 0 0 0 89 0 9 0 
0 41 0 0 5 0 0 0 28 31 0 0 26 0 31 0 0 0 0 87 0 3 0 15 0 0 25 34 0 59 0 48 51 0 22 0 0 0 9 0 55 0 36 16 0 0 99 31 55 0 
15 0 0 0 0 25 81 0 38 33 0 0 21 88 8 95 0 0 0 31 75 0 0 52 89 0 82 0 0 0 0 0 40 45 0 0 16 0 0 18 0 0 0 0 82 74 84 36 52 54 
0 91 0 0 0 0 0 0 0 0 71 73 61 0 0 0 0 0 0 44 0 0 33 0 0 64 47 37 0 0 0 56 0 60 17 0 0 29 0 0 33 69 86 0 90 0 88 0 0 0 
42 52 65 42 8 72 0 0 44 0 0 0 85 0 0 0 0 4 55 29 94 0 0 68 0 0 60 11 0 49 42 0 70 0 0 3 87 32 40 0 0 0 53 88 56 3 84 17 0 30 
77 5 71 63 0 73 43 71 0 75 0 0 36 50 84 0 0 0 0 97 13 50 0 0 19 0 81 94 0 0 0 32 0 0 0 0 87 85 88 7 62 44 0 27 0 19 0 40 0 0 
2 93 0 57 98 0 75 70 0 25 41 0 0 88 0 18 0 8 0 0 0 0 79 0 0 0 74 0 65 81 0 0 12 87 91 63 57 0 97 96 23 0 91 78 14 0 98 98 0 0 
0 0 67 4 28 77 0 0 0 0 0 99 0 67 0 80 0 82 95 0 0 0 3 0 33 80 25 0 60 93 0 60 0 0 0 0 45 30 0 0 65 0 34 0 0 0 0 97 0 0 
19 0 0 87 0 0 87 0 57 18 0 0 0 0 0 0 23 44 25 89 33 0 99 90 68 0 93 85 0 0 33 5 27 0 0 16 60 42 35 67 0 0 0 23 20 0 22 0 44 0 
0 0 94 23 62 84 0 0 57 11 0 51 55 40 0 32 17 22 0 54 52 12 24 77 0 30 66 0 66 87 0 93 62 0 96 0 18 0 0 0 66 96 89 0 0 0 0 0 29 13 
7 60 0 0 47 0 90 0 57 58 83 0 0 24 0 0 24 26 37 0 21 69 0 23 0 0 0 0 0 40 0 0 93 82 0 0 0 0 0 29 55 58 75 77 0 73 4 34 0 80 
85 0 0 0 97 0 59 7 81 7 14 49 39 0 0 0 0 0 98 0 0 0 0 0 0 19 32 70 95 0 56 0 0 0 51 85 0 44 20 0 0 61 72 0 66 35 0 0 65 16 
0 0 60 0 25 48 22 13 71 0 98 0 0 0 0 0 72 0 50 97 0 0 0 43 0 83 36 69 0 81 0 66 73 52 64 0 80 0 0 0 62 0 55 0 0 32 0 99 64 0 
2 4 0 37 0 33 19 85 70 0 18 70 0 0 92 0 0 0 0 0 0 0 3 0 0 72 0 72 0 55 49 86 0 0 0 84 0 0 31 61 76 0 52 0 41 93 91 0 59 0 
59 85 5 49 0 0 0 0 0 0 0 79 35 0 0 13 31 0 23 0 4 36 10 0 0 26 70 47 5 0 0 30 0 88 0 26 54 0 0 0 3 0 9 0 0 29 0 19 81 32 
89 67 0 31 13 0 42 0 82 0 0 97 95 0 0 0 6 92 62 0 0 0 41 0 51 31 0 93 26 0 0 96 0 52 61 55 0 87 62 22 52 42 5 0 90 99 11 93 48 90 
10 10 0 55 0 0 0 47 60 62 0 32 43 38 0 0 52 51 67 0 91 0 43 0 71 89 0 0 0 9 0 26 2 0 10 23 0 33 0 0 0 0 34 0 0 2 0 0 0 80 
0 19 0 0 0 86 35 68 0 3 11 0 0 0 0 79 48 70 0 0 0 0 0 0 29 78 0 0 0 60 0 0 9 0 0 1 0 0 0 0 0 0 99 31 0 28 53 0 0 5 
94 0 0 67 5 0 0 0 14 0 83 68 21 0 0 0 79 0 73 53 93 23 84 0 61 39 0 0 15 35 97 0 98 10 0 87 0 30 78 11 57 0 52 0 7 0 43 0 0 68 
0 28 93 4 0 0 40 0 54 74 0 48 0 0 55 17 86 59 5 19 0 0 0 0 0 64 0 4 3 0 0 71 0 0 42 0 2 0 0 0 0 59 0 37 0 47 0 0 0 0 
97 0 14 0 3 26 69 63 0 77 76 26 0 10 0 14 0 0 0 0 0 0 0 0 0 0 99 34 25 0 0 42 87 83 84 91 99 51 0 0 16 0 0 0 44 89 0 95 0 54 
0 0 29 0 0 45 0 0 0 0 0 0 0 0 0 45 0 0 40 0 37 91 38 99 28 0 0 57 0 0 95 0 84 0 5 67 72 10 0 0 0 33 0 68 89 0 91 26 0 0 
0 0 90 61 85 53 0 69 0 0 0 95 13 0 42 94 0 0 0 0 0 74 89 63 0 0 0 0 0 87 46 24 63 56 97 23 0 0 34 74 0 53 0 0 0 26 5 20 0 0 
72 17 73 97 0 0 38 92 22 52 70 0 0 18 0 77 0 50 20 0 0 61 21 0 0 0 80 37 0 0 74 0 10 0 0 0 18 69 0 0 0 53 16 76 93 0 0 17 0 0 
0 0 65 0 0 97 0 28 29 0 18 0 0 88 0 0 94 0 0 78 59 0 0 0 72 28 93 0 47 0 89 75 63 0 0 0 0 30 0 74 0 0 33 0 23 0 0 0 36 54 
0 0 0 0 40 0 11 60 35 0 21 22 81 0 12 24 0 47 0 90 12 82 60 0 20 15 0 0 0 0 0 26 28 57 72 0 40 0 0 0 0 56 3 0 0 0 20 0 14 0 
63 10 21 0 10 0 0 43 0 18 0 71 0 0 0 70 88 0 0 0 0 0 9 79 0 0 36 0 95 0 0 0 6 94 21 0 79 37 65 60 47 0 24 0 0 0 0 47 0 0 
7 26 75 0 54 0 0 0 13 0 62 0 25 0 0 0 35 0 18 45 1 0 0 0 11 0 0 0 0 0 0 0 0 0 0 87 0 79 0 42 69 0 0 0 0 0 23 65 0 28 
0 54 14 0 0 65 56 0 0 28 63 0 81 3 52 0 36 0 40 0 0 18 65 0 89 0 61 0 68 59 0 0 12 0 0 6 51 0 36 0 96 0 0 0 3 32 0 0 0 65 
0 42 0 0 9 71 0 14 0 62 95 0 29 65 0 96 0 0 31 1 0 0 97 80 0 0 0 0 12 29 0 0 35 40 0 53 46 81 0 64 0 0 36 98 0 75 8 41 0 51 
14 0 62 0 69 58 49 13 75 0 35 0 49 0 69 10 0 58 0 0 0 0 0 0 43 0 0 0 67 8 92 76 0 0 0 0 36 53 76 75 0 69 0 66 47 0 64 52 44 0 
0 0 0 0 0 48 2 0 75 0 0 0 0 0 0 66 47 0 89 0 43 91 85 1 0 0 0 9 0 24 0 0 3 0 0 0 0 8 0 0 91 0 0 49 0 51 28 0 0 86 
5 0 75 99 0 51 4 67 0 0 0 47 0 0 7 74 0 54 82 2 0 0 10 0 85 0 0 89 0 0 76 0 0 33 0 0 0 0 0 0 0 17 0 0 35 0 0 0 0 86 
0 16 0 0 0 0 0 45 98 0 0 0 29 0 28 33 0 15 0 19 0 11 61 0 7 22 6 0 71 14 89 0 75 0 18 0 96 32 0 60 20 0 82 66 0 83 0 55 87 61 
52 69 0 94 43 0 54 0 49 94 0 0 32 0 98 0 25 82 0 15 0 63 76 0 22 13 14 0 73 0 84 0 0 40 0 0 78 9 0 0 0 26 82 67 0 0 67 88 0 67 
38 35 80 0 68 81 0 90 0 91 0 0 0 48 0 0 18 0 0 0 0 73 94 0 73 0 28 25 16 82 57 0 0 0 43 17 0 98 0 74 0 73 0 0 7 0 58 91 0 0 
0 0 46 0 8 62 45 79 0 13 0 67 16 45 0 0 0 65 25 5 0 14 48 37 0 5 0 0 0 32 0 23 69 19 81 0 20 0 74 0 0 0 18 0 0 0 0 0 24 18 
0 10 0 0 0 0 0 47 0 0 61 0 0 58 0 0 0 0 0 0 0 0 0 0 43 3 80 20 0 0 0 0 15 35 0 44 88 42 0 0 61 0 0 86 0 0 0 51 17 1 
0 0 0 2 81 91 0 79 60 0 0 0 60 0 44 0 47 42 50 78 10 61 0 97 0 11 0 61 0 20 46 90 59 82 0 0 0 22 0 0 62 32 0 0 0 66 92 0 83 72 
64 32 0 58 0 83 95 0 0 0 66 0 73 0 60 20 0 65 0 59 0 49 87 0 27 0 0 3 0 0 89 38 54 0 31 0 41 0 54 33 0 2 95 53 0 75 80 0 0 23 
39 77 16 0 0 94 90 0 73 0 0 89 90 9 40 0 0 0 0 0 0 0 0 67 0 0 65 0 43 15 70 44 73 0 0 31 0 79 0 13 22 10 45 0 0 0 14 31 3 0 
0 36 0 0 66 0 0 0 0 0 90 0 45 0 70 0 15 13 0 67 0 6 0 0 29 32 0 0 79 65 0 13 0 6 0 0 0 55 40 0 0 14 49 0 0 0 0 0 0 92 
83 0 0 0 0 99 0 0 39 0 0 0 0 30 12 0 4 0 14 0 0 61 51 62 93 0 0 0 0 90 81 0 0 64 0 0 45 34 0 0 0 5 0 21 64 0 19 0 87 62 
0 0 2 49 16 0 0 0 88 97 98 22 63 0 0 61 0 0 0 0 0 28 41 85 87 42 47 53 97 0 0 7 40 3 32 0 98 8 0 60 28 0 0 0 57 0 45 0 0 0 
0 11 94 81 53 52 30 0 99 0 78 52 93 58 0 0 0 97 67 0 0 0 0 0 98 0 45 78 7 0 63 21 0 0 0 8 0 0 0 0 98 0 0 0 0 66 0 0 67 0 
