50
0 0 15 0 21 59 37 0 0 0 0 93 20 0 30 31 98 26 28 0 31 0 21 14 0 5 0 55 22 0 42 0 61 62 75 27 0 0 0 0 60 0 86 0 70 0 0 33 0 0 
62 0 0 0 0 0 60 36 0 37 0 39 36 55 0 0 21 0 25 0 0 0 0 29 94 0 71 0 36 0 65 14 0 0 0 3 4 73 77 0 0 0 93 70 11 17 93 24 66 0 
0 96 0 87 77 0 0 0 0 0 0 62 13 89 23 0 16 0 0 0 43 0 37 36 0 22 14 0 24 5 0 0 0 0 20 0 78 0 0 0 55 0 0 0 71 0 0 0 58 14 
92 69 0 0 17 0 0 4 85 55 60 75 50 69 0 98 0 0 0 40 54 0 85 0 34 85 51 63 0 0 0 90 0 83 0 65 87 0 67 0 1 0 57 25 85 0 0 50 0 0 
0 18 0 0 0 0 0 13 0 98 0 86 0 32 0 0 63 43 81 0 81 0 0 83 41 64 0 63 0 2 0 5 0 0 13 0 21 18 0 99 0 62 24 46 53 0 35 19 33 0 
0 73 34 50 55 0 0 80 0 0 0 0 0 0 63 96 19 99 0 89 0 61 0 0 0 21 84 0 0 78 0 0 0 0 89 0 0 10 0 0 0 0 0 0 80 71 0 0 0 0 
0 0 10 98 94 33 0 0 85 47 9 32 51 0 87 51 81 0 40 0 0 86 0 0 23 0 0 13 4 0 80 37 41 0 77 0 0 92 0 22 16 49 28 42 82 0 0 0 0 1 
33 0 70 0 0 0 67 0 0 53 67 54 41 0 0 0 0 28 8 0 0 67 0 0 0 80 20 6 0 0 0 0 0 31 0 0 0 0 0 0 89 90 0 74 0 0 8 0 0 0 
86 17 98 0 95 61 0 91 0 90 0 2 76 64 0 33 35 0 9 0 91 0 0 23 36 20 21 25 65 92 0 0 77 0 49 96 4 0 90 56 0 84 51 0 2 0 0 0 96 6 
22 0 66 0 0 90 0 0 0 0 0 27 0 97 0 93 0 70 8 0 0 75 0 14 0 0 0 0 0 72 0 0 23 82 0 16 0 0 3 0 14 0 0 72 11 15 0 66 68 0 
94 40 21 0 92 59 0 0 23 58 0 0 52 54 41 18 0 0 71 0 0 0 0 0 89 0 77 84 0 51 0 0 60 0 50 0 4 13 95 0 64 0 0 28 49 0 0 0 75 53 
0 0 0 0 0 79 0 0 0 0 54 0 16 0 0 0 9 0 34 0 0 0 0 0 0 0 0 99 0 31 0 89 60 39 0 39 0 41 0 92 83 0 92 0 0 0 91 92 78 32 
0 0 0 0 41 91 0 0 0 17 0 0 0 0 0 68 0 83 0 0 15 55 62 0 71 77 0 43 57 0 0 0 12 0 2 0 27 0 0 3 61 15 77 0 45 80 0 0 15 58 
55 0 0 0 0 12 93 45 0 0 0 41 58 0 0 95 48 46 0 0 0 0 0 13 40 0 0 0 0 0 0 22 58 0 0 0 0 94 10 95 27 0 0 0 68 23 0 80 99 89 
0 66 0 23 18 0 0 53 65 97 0 96 19 37 0 0 0 25 0 1 0 0 0 66 73 76 0 64 0 0 0 0 0 0 13 0 65 30 0 75 0 39 0 0 0 0 0 59 7 0 
0 69 72 0 28 0 0 61 0 0 0 25 0 0 93 0 40 1 89 0 9 0 16 0 0 0 0 0 81 0 61 0 45 33 47 0 66 48 91 69 59 0 0 0 65 0 0 0 36 0 
0 0 0 86 0 0 0 20 0 78 61 0 76 0 50 0 0 18 4 0 5 79 0 50 42 53 0 0 0 0 98 64 53 70 0 0 63 5 0 48 0 0 0 0 0 51 86 32 0 0 
0 31 50 27 0 0 8 0 28 0 27 85 0 0 0 0 0 0 89 0 47 49 10 86 97 0 0 36 1 0 0 0 0 0 0 0 51 0 0 2 63 0 10 82 0 23 47 35 0 0 
0 0 36 63 0 43 0 0 0 0 0 0 88 6 52 0 0 0 0 0 70 27 0 91 0 0 3 0 60 10 18 0 78 40 13 31 0 84 0 31 0 0 0 71 58 0 62 82 51 68 
6 5 34 0 16 0 32 10 56 36 64 21 8 54 0 88 62 6 38 0 22 93 0 26 7 92 0 82 0 42 84 0 1 0 0 89 78 11 42 0 0 0 51 0 96 53 87 0 0 43 
0 21 0 0 0 6 97 76 0 36 94 54 0 3 48 0 0 0 0 0 0 24 68 0 0 97 75 22 0 40 96 21 57 30 0 0 0 29 0 37 0 75 56 23 0 69 0 53 0 42 
32 89 7 17 91 0 0 0 42 0 68 11 0 42 35 63 0 0 0 0 0 0 0 15 8 31 58 52 0 0 0 45 58 0 68 69 0 0 0 0 0 0 37 26 67 65 0 54 0 42 
0 78 0 0 76 14 46 73 12 46 83 19 0 66 84 0 72 0 3 95 0 87 0 0 0 53 0 0 0 0 17 0 0 68 25 49 97 0 26 0 17 82 0 52 0 0 9 2 97 14 
0 0 0 70 0 39 62 55 0 0 2 92 6 0 0 76 0 0 0 0 36 0 33 0 80 0 0 0 25 4 16 0 0 4 61 0 46 0 13 0 68 0 0 66 0 0 37 0 0 9 
93 0 92 0 0 31 0 59 0 30 0 46 0 0 0 11 0 0 24 0 87 0 43 0 0 0 30 0 0 0 82 63 0 29 0 6 0 21 22 8 0 0 0 0 0 66 0 0 0 61 
0 85 0 0 0 0 83 0 0 20 93 49 0 91 0 63 0 48 63 0 0 0 0 35 56 0 76 24 56 66 0 18 0 0 0 30 46 0 0 0 53 17 5 37 0 32 0 0 80 0 
96 0 0 0 67 0 15 0 0 28 0 56 88 96 41 8 41 19 0 97 0 0 98 22 0 0 0 70 0 0 12 0 56 0 0 51 20 0 99 0 0 0 0 0 1 51 0 89 0 0 
0 18 19 0 0 74 0 0 0 46 0 0 0 28 0 23 40 0 97 0 0 0 38 22 32 0 0 0 0 41 99 0 25 0 0 0 0 0 3 0 59 1 0 69 89 48 75 73 8 25 
0 0 0 54 6 73 0 56 0 10 59 68 0 64 73 0 12 0 0 71 34 47 55 0 43 0 49 39 0 40 39 51 0 0 0 0 80 0 0 0 95 63 31 0 83 63 0 0 6 18 
6 23 0 60 0 0 45 42 0 0 0 0 67 25 49 99 66 57 0 0 0 30 93 0 26 0 61 0 0 0 58 0 35 0 76 0 0 0 5 93 58 52 53 50 73 0 0 0 82 65 
0 0 24 67 71 32 0 52 51 62 18 79 70 39 34 0 0 88 0 0 0 23 0 0 0 16 0 0 0 0 0 0 0 19 42 0 0 27 0 82 0 0 0 0 27 0 15 44 0 68 
61 0 39 0 0 95 0 12 41 62 76 0 24 0 74 5 0 6 71 78 0 0 75 86 0 0 45 21 0 47 62 0 0 39 0 0 0 0 0 2 38 0 0 78 51 17 0 0 0 36 
0 88 37 12 65 21 0 96 0 0 0 0 0 0 23 0 0 98 0 0 0 0 10 57 56 18 0 0 41 0 11 30 0 25 46 0 51 0 0 0 0 0 44 73 0 0 0 0 88 95 
0 38 75 0 44 4 8 0 42 0 75 0 93 29 5 0 0 55 0 75 0 97 0 0 0 67 90 23 88 6 0 0 0 0 0 79 46 0 0 61 0 22 0 0 3 0 0 13 0 90 
0 61 0 95 0 0 0 67 0 70 0 54 0 64 0 0 88 62 0 41 58 0 0 0 48 51 78 23 32 0 0 8 0 48 0 0 21 29 28 6 25 66 0 83 91 0 40 0 65 0 
0 0 63 0 92 43 89 87 0 0 55 0 43 10 51 89 4 93 0 0 44 0 0 42 0 0 0 26 94 47 24 16 4 0 37 0 33 79 0 0 0 10 90 24 77 0 12 0 45 32 
43 0 0 0 0 3 80 36 0 17 0 97 0 14 0 0 0 0 51 0 38 82 0 0 60 0 0 36 0 70 12 12 0 0 0 0 0 0 0 0 0 13 0 36 85 0 0 0 0 9 
42 0 44 72 0 0 0 2 96 48 0 0 72 0 0 0 0 1 0 0 0 64 8 9 0 31 53 74 57 40 0 1 33 43 0 0 98 0 0 0 0 32 0 0 26 56 43 0 16 23 
93 0 11 0 45 27 85 38 0 0 0 65 51 0 86 0 16 79 1 0 43 5 0 0 0 78 0 0 53 0 57 48 51 88 0 32 46 55 0 64 43 0 0 98 95 0 0 38 20 0 
35 23 55 9 0 23 0 14 0 89 11 0 0 0 0 0 0 0 0 75 0 33 47 11 0 29 16 66 75 0 0 0 20 0 0 81 18 41 0 0 80 0 0 0 96 0 56 0 0 0 
0 56 0 0 75 90 0 0 53 0 0 0 0 0 51 0 83 0 62 79 3 13 0 0 24 0 26 0 0 0 3 0 93 36 0 45 22 15 0 0 0 0 73 0 34 0 0 1 0 0 
34 99 57 77 0 53 0 0 0 90 65 18 0 57 0 29 65 52 77 31 0 13 0 79 14 0 6 0 0 0 31 29 86 0 0 0 0 0 56 26 73 0 28 16 0 93 0 0 22 6 
0 0 63 0 0 76 0 87 0 99 44 0 0 27 22 59 23 0 80 0 0 0 84 39 83 0 88 82 0 0 42 12 0 44 53 0 78 11 90 76 0 0 0 27 0 0 0 0 49 60 
36 0 81 0 0 68 0 0 63 0 0 58 6 61 48 63 40 0 0 52 0 0 0 0 85 0 11 0 95 0 80 0 0 91 0 0 0 80 0 36 6 0 0 0 24 2 0 0 61 71 
0 0 0 0 0 0 0 1 0 0 0 11 0 0 12 0 73 62 0 0 19 0 76 12 34 99 0 0 0 0 0 0 25 0 0 0 0 0 0 0 0 62 34 0 0 0 78 42 0 0 
26 0 61 75 98 0 43 21 47 0 2 15 0 0 53 37 0 0 10 0 0 0 84 47 0 0 0 0 0 73 59 0 62 75 1 88 65 0 79 99 23 0 3 0 67 0 3 0 56 0 
79 0 72 70 0 25 87 0 89 12 58 0 85 38 33 33 0 0 0 0 92 37 0 0 8 19 43 0 13 46 0 14 81 46 0 0 73 0 78 0 90 7 29 41 0 0 0 1 73 62 
0 0 65 0 0 40 87 99 20 0 72 0 8 0 0 3 0 0 0 94 0 0 0 33 58 22 0 0 97 86 0 3 75 0 99 58 84 1 0 82 0 57 82 87 0 70 0 0 42 0 
50 0 0 29 0 83 13 73 0 0 0 0 0 0 0 0 96 32 0 35 45 13 0 54 98 0 86 0 0 0 7 3 0 17 0 0 44 0 0 54 74 0 0 0 16 0 0 0 0 0 
83 13 0 17 95 36 0 48 0 94 0 0 0 0 7 66 31 81 0 0 0 0 0 0 0 11 53 0 0 0 0 0 0 0 8 0 0 0 51 77 62 0 0 0 57 84 0 65 16 0 
