50
0 0 73 50 3 0 9 0 0 0 0 26 43 99 12 98 60 17 0 62 72 74 66 0 26 0 98 0 0 75 0 54 0 0 83 89 58 30 0 0 0 53 19 95 0 0 0 0 87 0 
9 0 0 0 0 0 17 0 99 0 37 0 0 0 68 44 0 0 0 87 0 0 0 37 0 76 2 0 78 53 0 0 0 37 0 0 68 0 0 80 0 84 0 0 0 8 5 0 91 0 
0 2 0 0 0 15 60 8 39 0 10 76 93 0 31 11 0 0 0 0 23 0 0 0 0 0 23 66 75 90 0 46 6 0 0 0 44 0 62 7 0 54 35 26 0 0 57 78 0 0 
0 98 57 0 0 55 11 0 0 0 0 0 24 72 0 0 67 6 0 61 0 30 44 0 0 84 0 0 0 80 76 20 35 10 96 66 90 48 0 0 0 0 0 0 0 0 8 82 16 0 
0 27 73 96 0 0 23 99 0 0 65 8 0 4 0 94 0 26 77 0 0 89 0 90 69 33 27 0 55 0 0 28 0 0 0 0 0 45 0 51 0 50 0 0 16 34 89 28 0 0 
69 85 0 0 19 0 66 50 38 0 0 0 0 0 0 26 0 0 0 0 95 0 57 0 28 21 56 61 33 59 10 0 0 0 4 79 37 77 63 0 32 0 44 34 0 0 15 74 19 45 
0 0 0 0 0 0 0 0 0 0 0 0 91 0 31 65 9 29 91 70 0 0 0 0 0 0 0 0 0 38 36 0 14 71 9 0 78 84 0 43 0 13 0 0 0 37 0 49 0 58 
10 85 0 70 0 0 62 0 0 0 39 20 0 0 97 0 38 0 2 0 0 71 0 24 36 91 90 0 0 0 0 0 0 0 0 41 0 77 66 0 0 38 99 0 7 42 13 0 0 33 
28 0 0 60 23 0 17 61 0 3 27 79 10 0 0 18 72 0 42 98 0 0 0 0 0 0 0 0 62 0 0 0 0 0 0 0 0 11 42 11 6 61 68 0 0 43 0 0 0 0 
64 71 99 18 84 74 89 16 0 0 0 73 0 45 0 55 53 68 94 0 0 37 49 0 0 0 0 88 37 0 0 0 0 0 49 99 0 0 68 0 0 39 96 90 0 6 57 0 0 0 
90 0 0 84 0 72 81 0 0 40 0 15 92 0 0 0 93 94 0 0 69 0 0 43 0 0 44 68 0 0 17 0 3 0 13 0 57 18 1 13 9 0 49 97 0 57 90 0 83 0 
0 96 0 81 0 83 33 0 0 0 0 0 0 0 91 3 0 0 0 0 60 15 0 0 0 0 0 0 0 39 0 0 0 0 0 0 0 7 19 96 72 83 0 0 93 96 0 95 15 45 
0 34 0 0 20 93 0 84 0 90 0 16 0 60 0 88 87 86 31 0 65 0 51 4 46 5 0 13 0 81 0 74 45 64 0 28 0 0 3 2 0 0 28 57 0 20 0 0 0 31 
0 91 64 0 0 94 66 26 12 0 92 27 0 0 77 0 0 0 54 0 0 0 0 0 0 0 89 0 0 49 0 22 12 0 0 0 0 81 74 80 0 0 35 64 69 0 0 8 0 12 
0 0 0 89 95 23 0 0 19 84 92 0 39 0 0 0 25 14 56 43 0 0 0 3 12 0 7 0 71 66 0 36 0 0 79 0 0 29 0 0 40 0 61 64 72 87 0 52 39 0 
0 0 0 29 0 0 0 97 0 0 47 0 0 76 16 0 0 75 0 0 0 0 0 0 68 0 0 0 0 0 36 44 0 30 56 0 0 84 18 0 24 0 0 18 77 88 0 54 0 0 
0 15 48 0 1 9 0 0 0 0 0 43 0 27 0 4 0 81 77 76 0 46 4 0 68 0 0 0 91 51 0 70 41 77 0 0 62 18 79 0 0 1 35 19 0 74 0 0 40 0 
0 19 44 0 0 67 0 71 25 0 0 20 0 44 0 0 0 0 0 65 6 0 82 5 17 0 0 23 0 0 0 21 0 0 0 23 3 20 89 0 68 0 0 0 10 0 0 0 44 3 
42 97 90 34 0 41 0 0 0 0 88 79 0 0 0 33 0 29 0 22 0 91 61 92 45 10 0 5 86 0 88 0 0 0 22 0 29 98 0 0 38 10 0 0 70 0 0 63 18 61 
0 0 22 0 93 3 0 97 0 71 4 19 41 83 0 99 0 0 0 0 0 0 25 37 0 60 0 93 0 0 21 0 85 65 0 0 0 0 82 92 0 48 0 0 38 0 11 56 10 0 
0 75 0 55 15 0 53 96 15 99 0 0 0 21 53 30 7 0 28 99 0 73 0 52 0 33 93 70 0 0 0 0 32 0 21 4 0 96 25 0 0 0 0 0 0 20 4 96 0 90 
0 53 20 0 0 66 96 0 96 0 67 0 63 81 93 43 0 96 0 85 0 0 86 0 79 15 4 0 55 0 0 15 53 0 90 99 17 50 0 0 36 0 94 0 77 14 0 0 8 0 
0 66 25 0 29 0 48 40 89 0 35 26 0 57 17 48 0 0 0 0 39 0 0 77 7 0 86 0 0 0 76 91 0 0 91 7 0 0 0 0 0 93 48 58 0 82 73 0 73 60 
37 0 82 32 0 19 22 0 32 87 0 29 0 4 0 82 40 0 0 0 0 52 0 0 81 49 0 0 36 0 0 0 29 69 0 26 65 0 20 33 54 4 51 82 0 28 0 0 0 0 
0 36 44 31 0 0 69 0 54 26 46 91 0 16 0 0 0 0 0 95 39 0 0 0 0 59 38 28 0 0 0 0 0 55 0 0 0 13 0 0 65 0 90 60 36 73 46 0 0 24 
57 0 16 0 0 0 10 0 67 60 40 66 0 96 54 78 76 61 0 0 0 0 41 0 0 0 0 0 0 88 63 35 0 34 0 0 0 47 0 0 91 4 0 0 89 13 0 50 22 0 
0 0 0 34 0 0 25 0 21 83 0 29 73 0 0 1 43 35 77 78 0 0 0 84 0 57 0 0 60 50 99 0 0 0 0 0 0 44 5 44 0 74 67 46 0 0 0 60 12 64 
46 96 0 72 95 0 94 27 8 0 0 22 0 33 86 4 92 0 0 0 0 79 26 40 0 33 24 0 0 0 47 0 0 0 34 0 0 0 0 21 76 28 51 0 0 82 0 0 0 52 
71 0 0 35 0 0 81 65 0 0 61 59 15 42 0 92 0 37 0 19 41 0 1 0 12 2 0 60 0 0 29 41 85 36 0 0 0 0 0 30 63 45 79 0 0 67 56 73 17 0 
0 0 0 0 91 0 0 55 99 58 60 0 0 0 0 58 0 6 20 44 5 40 75 53 80 0 0 72 6 0 86 61 23 0 34 0 0 0 0 0 0 74 0 88 51 0 57 0 0 67 
86 1 90 0 89 0 0 18 96 79 0 99 11 45 25 0 78 27 0 0 69 89 0 97 67 0 0 0 0 0 0 16 0 0 0 0 30 0 23 0 0 39 0 3 0 15 0 0 0 16 
0 79 0 0 0 18 81 58 78 8 96 32 0 0 0 0 0 0 99 1 23 0 0 8 72 0 49 63 0 0 0 0 0 8 0 0 0 52 30 0 0 86 0 0 20 93 56 31 75 56 
3 86 0 0 46 51 0 95 1 97 0 52 0 0 35 39 0 7 13 0 0 0 92 0 74 40 57 86 0 0 25 81 0 0 13 56 84 0 0 0 0 0 0 54 35 0 90 0 0 55 
4 0 93 0 4 32 0 52 22 9 98 7 0 72 14 0 0 74 4 0 22 58 35 0 0 0 45 57 0 20 1 0 35 0 14 0 61 0 0 3 0 0 10 70 0 0 8 56 76 0 
0 99 35 0 43 0 0 27 59 0 0 4 45 77 0 0 78 47 0 7 0 0 0 70 35 70 58 0 36 0 53 7 0 0 0 0 0 0 0 0 0 0 0 93 0 0 0 0 30 0 
0 71 9 0 24 0 85 0 46 0 21 6 0 66 70 55 36 0 67 21 0 0 0 0 69 74 46 52 94 16 45 4 0 46 86 0 77 22 0 0 62 0 0 0 64 75 0 0 0 0 
0 0 0 0 54 0 0 75 40 16 0 59 53 25 45 80 0 0 0 39 91 0 18 0 55 94 90 63 50 47 0 57 0 0 66 0 0 17 12 4 0 1 0 0 0 0 12 0 91 85 
0 96 33 0 0 0 0 0 0 71 0 0 14 0 0 0 0 0 0 86 0 0 32 22 0 0 0 89 91 41 71 0 55 3 19 0 0 0 0 0 28 15 0 93 0 1 45 0 0 0 
17 75 0 56 77 0 46 0 0 0 0 0 0 0 70 0 0 0 4 0 0 72 30 0 92 34 0 36 89 8 0 0 48 14 75 96 0 17 0 3 85 0 85 0 0 73 0 16 0 71 
16 0 0 68 0 99 0 58 0 97 0 0 0 0 66 31 55 31 16 0 84 2 33 0 98 10 0 0 0 99 20 69 63 0 32 32 0 13 0 0 0 0 0 0 84 0 90 9 68 3 
15 19 24 1 41 0 12 23 0 20 0 0 17 51 0 0 10 0 0 98 85 0 21 0 0 0 84 0 0 2 84 62 13 37 64 0 3 0 0 17 0 0 45 0 90 0 0 52 0 43 
0 0 0 3 0 84 0 0 0 0 24 0 49 7 38 44 0 65 0 0 20 73 0 0 34 0 0 0 0 0 0 0 72 9 99 89 0 0 14 55 85 0 79 0 0 0 63 86 0 0 
0 11 0 26 27 0 87 0 0 0 0 83 0 0 0 45 0 42 54 1 13 0 0 0 0 60 0 0 0 11 60 91 52 0 25 79 89 93 0 13 0 0 0 24 82 31 68 0 34 81 
0 56 0 79 25 0 88 28 53 0 0 13 0 0 0 0 0 37 84 21 2 83 0 0 0 44 0 17 68 0 0 88 0 0 0 54 83 0 23 18 24 78 0 0 86 0 0 0 0 86 
2 16 30 20 0 63 91 0 33 25 86 0 33 0 0 0 97 0 0 0 28 0 43 24 0 0 84 61 70 0 36 0 0 31 38 0 13 85 43 0 0 78 0 0 0 0 83 66 0 76 
78 0 99 7 0 34 0 0 0 0 0 0 0 69 0 0 0 84 78 56 0 0 0 0 0 0 77 0 0 58 0 0 75 83 51 0 42 0 0 46 82 92 0 77 32 0 0 18 83 43 
74 0 0 0 0 0 81 0 81 0 0 68 51 32 22 61 29 85 87 0 0 31 0 25 0 70 46 80 0 0 96 0 0 0 42 64 0 0 13 0 65 0 0 24 0 72 0 0 0 0 
19 51 0 0 0 0 0 99 84 2 45 0 39 0 0 0 79 90 0 0 0 55 10 1 26 0 0 96 0 36 90 0 45 0 67 90 88 74 0 0 0 0 53 70 0 0 9 0 44 81 
0 0 91 0 60 0 91 25 32 57 0 0 68 99 0 93 0 0 0 0 27 0 0 30 94 0 0 45 0 96 29 0 58 0 0 32 0 29 79 0 39 94 0 61 91 0 29 0 0 0 
29 41 18 42 53 0 0 0 84 31 73 0 0 0 74 6 74 0 0 60 0 53 0 92 0 17 0 0 32 0 0 0 0 57 82 14 0 36 0 0 0 56 0 0 0 0 13 0 2 0 
